X,CH1,CH2,Start,Increment,
Sequence,Volt,Volt,-3.508000e-05,2.000000e-09
0,-1.60e-02,2.91e+01,
1,-1.60e-02,2.95e+01,
2,-1.60e-02,2.95e+01,
3,-8.00e-03,2.91e+01,
4,-1.60e-02,2.95e+01,
5,-1.60e-02,2.95e+01,
6,-1.60e-02,2.95e+01,
7,-8.00e-03,2.95e+01,
8,-1.60e-02,2.95e+01,
9,-1.60e-02,2.91e+01,
10,-1.60e-02,2.95e+01,
11,-8.00e-03,2.95e+01,
12,-1.60e-02,2.95e+01,
13,-1.60e-02,2.95e+01,
14,-1.60e-02,2.95e+01,
15,-8.00e-03,2.95e+01,
16,-1.60e-02,2.91e+01,
17,-1.60e-02,2.91e+01,
18,-1.60e-02,2.95e+01,
19,-8.00e-03,2.95e+01,
20,-1.60e-02,2.91e+01,
21,-1.60e-02,2.91e+01,
22,-1.60e-02,2.95e+01,
23,-8.00e-03,2.95e+01,
24,-1.60e-02,2.95e+01,
25,-1.60e-02,2.95e+01,
26,-1.60e-02,2.91e+01,
27,-8.00e-03,2.95e+01,
28,-1.60e-02,2.91e+01,
29,-1.60e-02,2.91e+01,
30,-1.60e-02,2.95e+01,
31,-8.00e-03,2.95e+01,
32,-1.60e-02,2.91e+01,
33,-1.60e-02,2.91e+01,
34,-1.60e-02,2.95e+01,
35,-8.00e-03,2.95e+01,
36,-1.60e-02,2.95e+01,
37,-1.60e-02,2.91e+01,
38,-1.60e-02,2.95e+01,
39,-8.00e-03,2.95e+01,
40,-1.60e-02,2.91e+01,
41,-1.60e-02,2.91e+01,
42,-1.60e-02,2.95e+01,
43,-8.00e-03,2.95e+01,
44,-1.60e-02,2.95e+01,
45,-8.00e-03,2.95e+01,
46,-1.60e-02,2.95e+01,
47,-8.00e-03,2.95e+01,
48,-1.60e-02,2.91e+01,
49,-1.60e-02,2.91e+01,
50,-1.60e-02,2.95e+01,
51,-8.00e-03,2.95e+01,
52,-1.60e-02,2.95e+01,
53,-1.60e-02,2.91e+01,
54,-1.60e-02,2.95e+01,
55,-8.00e-03,2.95e+01,
56,-1.60e-02,2.91e+01,
57,-8.00e-03,2.95e+01,
58,-1.60e-02,2.95e+01,
59,-8.00e-03,2.95e+01,
60,-1.60e-02,2.91e+01,
61,-1.60e-02,2.91e+01,
62,-1.60e-02,2.95e+01,
63,-8.00e-03,2.91e+01,
64,-1.60e-02,2.91e+01,
65,-1.60e-02,2.95e+01,
66,-1.60e-02,2.95e+01,
67,-8.00e-03,2.95e+01,
68,-1.60e-02,2.91e+01,
69,-8.00e-03,2.95e+01,
70,-8.00e-03,2.95e+01,
71,-8.00e-03,2.95e+01,
72,-1.60e-02,2.91e+01,
73,-8.00e-03,2.95e+01,
74,-8.00e-03,2.95e+01,
75,-8.00e-03,2.95e+01,
76,-1.60e-02,2.95e+01,
77,-1.60e-02,2.95e+01,
78,-1.60e-02,2.95e+01,
79,-8.00e-03,2.95e+01,
80,-1.60e-02,2.91e+01,
81,-8.00e-03,2.91e+01,
82,-1.60e-02,2.95e+01,
83,-8.00e-03,2.91e+01,
84,-1.60e-02,2.95e+01,
85,-8.00e-03,2.91e+01,
86,-8.00e-03,2.95e+01,
87,-8.00e-03,2.95e+01,
88,-1.60e-02,2.95e+01,
89,-1.60e-02,2.91e+01,
90,-1.60e-02,2.95e+01,
91,-8.00e-03,2.95e+01,
92,-1.60e-02,2.91e+01,
93,-8.00e-03,2.91e+01,
94,-1.60e-02,2.95e+01,
95,-1.60e-02,2.95e+01,
96,-1.60e-02,2.91e+01,
97,-1.60e-02,2.91e+01,
98,-1.60e-02,2.91e+01,
99,-8.00e-03,2.95e+01,
100,-1.60e-02,2.95e+01,
101,-1.60e-02,2.95e+01,
102,-8.00e-03,2.95e+01,
103,-8.00e-03,2.95e+01,
104,-1.60e-02,2.91e+01,
105,-1.60e-02,2.91e+01,
106,-1.60e-02,2.95e+01,
107,-8.00e-03,2.91e+01,
108,-1.60e-02,2.95e+01,
109,-1.60e-02,2.91e+01,
110,-1.60e-02,2.95e+01,
111,-1.60e-02,2.95e+01,
112,-1.60e-02,2.91e+01,
113,-1.60e-02,2.95e+01,
114,-1.60e-02,2.95e+01,
115,-8.00e-03,2.95e+01,
116,-1.60e-02,2.95e+01,
117,-1.60e-02,2.95e+01,
118,-1.60e-02,2.95e+01,
119,-8.00e-03,2.91e+01,
120,-1.60e-02,2.91e+01,
121,-1.60e-02,2.91e+01,
122,-1.60e-02,2.95e+01,
123,-1.60e-02,2.95e+01,
124,-1.60e-02,2.95e+01,
125,-1.60e-02,2.95e+01,
126,-1.60e-02,2.95e+01,
127,-8.00e-03,2.95e+01,
128,-1.60e-02,2.91e+01,
129,-1.60e-02,2.95e+01,
130,-1.60e-02,2.95e+01,
131,-8.00e-03,2.91e+01,
132,-1.60e-02,2.95e+01,
133,-1.60e-02,2.91e+01,
134,-1.60e-02,2.95e+01,
135,-8.00e-03,2.95e+01,
136,-1.60e-02,2.95e+01,
137,-1.60e-02,2.91e+01,
138,-1.60e-02,2.95e+01,
139,-8.00e-03,2.91e+01,
140,-1.60e-02,2.95e+01,
141,-1.60e-02,2.91e+01,
142,-1.60e-02,2.95e+01,
143,-8.00e-03,2.95e+01,
144,-1.60e-02,2.95e+01,
145,-1.60e-02,2.91e+01,
146,-1.60e-02,2.95e+01,
147,-8.00e-03,2.95e+01,
148,-1.60e-02,2.91e+01,
149,-8.00e-03,2.91e+01,
150,-1.60e-02,2.95e+01,
151,-8.00e-03,2.95e+01,
152,-1.60e-02,2.91e+01,
153,-1.60e-02,2.91e+01,
154,-1.60e-02,2.95e+01,
155,-8.00e-03,2.95e+01,
156,-1.60e-02,2.95e+01,
157,-1.60e-02,2.91e+01,
158,-8.00e-03,2.95e+01,
159,-8.00e-03,2.95e+01,
160,-1.60e-02,2.91e+01,
161,-1.60e-02,2.95e+01,
162,-1.60e-02,2.95e+01,
163,-8.00e-03,2.95e+01,
164,-1.60e-02,2.91e+01,
165,-1.60e-02,2.91e+01,
166,-1.60e-02,2.95e+01,
167,-8.00e-03,2.95e+01,
168,-1.60e-02,2.91e+01,
169,-1.60e-02,2.91e+01,
170,-1.60e-02,2.95e+01,
171,-8.00e-03,2.91e+01,
172,-1.60e-02,2.95e+01,
173,-1.60e-02,2.95e+01,
174,-1.60e-02,2.95e+01,
175,-8.00e-03,2.95e+01,
176,-1.60e-02,2.95e+01,
177,-1.60e-02,2.91e+01,
178,-1.60e-02,2.95e+01,
179,-8.00e-03,2.95e+01,
180,-1.60e-02,2.95e+01,
181,-1.60e-02,2.95e+01,
182,-8.00e-03,2.95e+01,
183,-1.60e-02,2.95e+01,
184,-1.60e-02,2.91e+01,
185,-1.60e-02,2.95e+01,
186,-1.60e-02,2.95e+01,
187,-8.00e-03,2.95e+01,
188,-1.60e-02,2.91e+01,
189,-1.60e-02,2.91e+01,
190,-1.60e-02,2.95e+01,
191,-8.00e-03,2.95e+01,
192,-1.60e-02,2.91e+01,
193,-1.60e-02,2.95e+01,
194,-1.60e-02,2.95e+01,
195,-8.00e-03,2.95e+01,
196,-1.60e-02,2.95e+01,
197,-8.00e-03,2.91e+01,
198,-1.60e-02,2.95e+01,
199,-8.00e-03,2.95e+01,
200,-1.60e-02,2.91e+01,
201,-1.60e-02,2.95e+01,
202,-1.60e-02,2.95e+01,
203,-8.00e-03,2.91e+01,
204,-1.60e-02,2.91e+01,
205,-1.60e-02,2.91e+01,
206,-1.60e-02,2.95e+01,
207,-8.00e-03,2.95e+01,
208,-1.60e-02,2.95e+01,
209,-1.60e-02,2.91e+01,
210,-1.60e-02,2.95e+01,
211,-8.00e-03,2.91e+01,
212,-1.60e-02,2.95e+01,
213,-1.60e-02,2.91e+01,
214,-1.60e-02,2.95e+01,
215,-8.00e-03,2.91e+01,
216,-1.60e-02,2.91e+01,
217,-1.60e-02,2.91e+01,
218,-1.60e-02,2.95e+01,
219,-8.00e-03,2.95e+01,
220,-1.60e-02,2.95e+01,
221,-1.60e-02,2.91e+01,
222,-1.60e-02,2.95e+01,
223,-8.00e-03,2.91e+01,
224,-1.60e-02,2.91e+01,
225,-1.60e-02,2.91e+01,
226,-1.60e-02,2.95e+01,
227,-1.60e-02,2.95e+01,
228,-1.60e-02,2.91e+01,
229,-1.60e-02,2.91e+01,
230,-1.60e-02,2.95e+01,
231,-8.00e-03,2.95e+01,
232,-1.60e-02,2.91e+01,
233,-1.60e-02,2.91e+01,
234,-1.60e-02,2.95e+01,
235,-8.00e-03,2.95e+01,
236,-1.60e-02,2.91e+01,
237,-1.60e-02,2.95e+01,
238,-1.60e-02,2.95e+01,
239,-8.00e-03,2.95e+01,
240,-1.60e-02,2.91e+01,
241,-1.60e-02,2.95e+01,
242,-1.60e-02,2.95e+01,
243,-8.00e-03,2.95e+01,
244,-1.60e-02,2.95e+01,
245,-1.60e-02,2.95e+01,
246,-1.60e-02,2.95e+01,
247,-8.00e-03,2.91e+01,
248,-1.60e-02,2.95e+01,
249,-1.60e-02,2.91e+01,
250,-1.60e-02,2.95e+01,
251,-1.60e-02,2.95e+01,
252,-1.60e-02,2.91e+01,
253,-1.60e-02,2.91e+01,
254,-1.60e-02,2.95e+01,
255,-1.60e-02,2.91e+01,
256,-1.60e-02,2.91e+01,
257,-8.00e-03,2.95e+01,
258,-1.60e-02,2.95e+01,
259,-8.00e-03,2.95e+01,
260,-1.60e-02,2.95e+01,
261,-8.00e-03,2.91e+01,
262,-1.60e-02,2.95e+01,
263,-8.00e-03,2.95e+01,
264,-1.60e-02,2.91e+01,
265,-1.60e-02,2.91e+01,
266,-1.60e-02,2.91e+01,
267,-1.60e-02,2.95e+01,
268,-1.60e-02,2.95e+01,
269,-1.60e-02,2.91e+01,
270,-1.60e-02,2.95e+01,
271,-8.00e-03,2.95e+01,
272,-1.60e-02,2.91e+01,
273,-1.60e-02,2.91e+01,
274,-1.60e-02,2.95e+01,
275,-8.00e-03,2.95e+01,
276,-1.60e-02,2.91e+01,
277,-1.60e-02,2.91e+01,
278,-1.60e-02,2.95e+01,
279,-8.00e-03,2.95e+01,
280,-1.60e-02,2.95e+01,
281,-1.60e-02,2.95e+01,
282,-1.60e-02,2.95e+01,
283,-8.00e-03,2.95e+01,
284,-1.60e-02,2.91e+01,
285,-1.60e-02,2.91e+01,
286,-1.60e-02,2.95e+01,
287,-8.00e-03,2.95e+01,
288,-1.60e-02,2.95e+01,
289,-1.60e-02,2.95e+01,
290,-1.60e-02,2.95e+01,
291,-8.00e-03,2.91e+01,
292,-1.60e-02,2.95e+01,
293,-1.60e-02,2.91e+01,
294,-1.60e-02,2.95e+01,
295,-8.00e-03,2.95e+01,
296,-1.60e-02,2.91e+01,
297,-1.60e-02,2.95e+01,
298,-1.60e-02,2.95e+01,
299,-1.60e-02,2.95e+01,
300,-1.60e-02,2.95e+01,
301,-1.60e-02,2.91e+01,
302,-1.60e-02,2.95e+01,
303,-8.00e-03,2.91e+01,
304,-1.60e-02,2.91e+01,
305,-1.60e-02,2.95e+01,
306,-1.60e-02,2.95e+01,
307,-8.00e-03,2.95e+01,
308,-1.60e-02,2.95e+01,
309,-1.60e-02,2.91e+01,
310,-1.60e-02,2.95e+01,
311,-8.00e-03,2.95e+01,
312,-1.60e-02,2.91e+01,
313,-1.60e-02,2.91e+01,
314,-1.60e-02,2.95e+01,
315,-8.00e-03,2.95e+01,
316,-1.60e-02,2.95e+01,
317,-1.60e-02,2.91e+01,
318,-1.60e-02,2.95e+01,
319,-8.00e-03,2.91e+01,
320,-1.60e-02,2.95e+01,
321,-1.60e-02,2.91e+01,
322,-1.60e-02,2.95e+01,
323,-1.60e-02,2.95e+01,
324,-1.60e-02,2.91e+01,
325,-1.60e-02,2.91e+01,
326,-1.60e-02,2.95e+01,
327,-8.00e-03,2.95e+01,
328,-1.60e-02,2.91e+01,
329,-1.60e-02,2.91e+01,
330,-1.60e-02,2.95e+01,
331,-8.00e-03,2.95e+01,
332,-1.60e-02,2.95e+01,
333,-1.60e-02,2.91e+01,
334,-1.60e-02,2.95e+01,
335,-1.60e-02,2.95e+01,
336,-1.60e-02,2.91e+01,
337,-1.60e-02,2.95e+01,
338,-1.60e-02,2.95e+01,
339,-8.00e-03,2.91e+01,
340,-1.60e-02,2.91e+01,
341,-1.60e-02,2.91e+01,
342,-1.60e-02,2.95e+01,
343,-8.00e-03,2.95e+01,
344,-1.60e-02,2.91e+01,
345,-1.60e-02,2.91e+01,
346,-1.60e-02,2.95e+01,
347,-8.00e-03,2.95e+01,
348,-1.60e-02,2.91e+01,
349,-1.60e-02,2.91e+01,
350,-1.60e-02,2.95e+01,
351,-8.00e-03,2.95e+01,
352,-1.60e-02,2.91e+01,
353,-1.60e-02,2.95e+01,
354,-1.60e-02,2.95e+01,
355,-8.00e-03,2.95e+01,
356,-1.60e-02,2.95e+01,
357,-1.60e-02,2.91e+01,
358,-1.60e-02,2.95e+01,
359,-8.00e-03,2.95e+01,
360,-1.60e-02,2.91e+01,
361,-1.60e-02,2.91e+01,
362,-1.60e-02,2.95e+01,
363,-8.00e-03,2.95e+01,
364,-1.60e-02,2.91e+01,
365,-1.60e-02,2.91e+01,
366,-1.60e-02,2.95e+01,
367,-8.00e-03,2.91e+01,
368,-1.60e-02,2.95e+01,
369,-8.00e-03,2.91e+01,
370,-1.60e-02,2.95e+01,
371,-8.00e-03,2.95e+01,
372,-1.60e-02,2.95e+01,
373,-1.60e-02,2.91e+01,
374,-1.60e-02,2.95e+01,
375,-8.00e-03,2.95e+01,
376,-1.60e-02,2.95e+01,
377,-1.60e-02,2.91e+01,
378,-1.60e-02,2.95e+01,
379,-8.00e-03,2.91e+01,
380,-1.60e-02,2.95e+01,
381,-8.00e-03,2.91e+01,
382,-1.60e-02,2.95e+01,
383,-1.60e-02,2.95e+01,
384,-1.60e-02,2.91e+01,
385,-1.60e-02,2.91e+01,
386,-1.60e-02,2.95e+01,
387,-8.00e-03,2.91e+01,
388,-1.60e-02,2.91e+01,
389,-8.00e-03,2.91e+01,
390,-1.60e-02,2.95e+01,
391,-8.00e-03,2.95e+01,
392,-1.60e-02,2.95e+01,
393,-1.60e-02,2.95e+01,
394,-8.00e-03,2.95e+01,
395,-8.00e-03,2.91e+01,
396,-1.60e-02,2.95e+01,
397,-1.60e-02,2.91e+01,
398,-1.60e-02,2.95e+01,
399,-8.00e-03,2.91e+01,
400,-1.60e-02,2.95e+01,
401,-1.60e-02,2.91e+01,
402,-1.60e-02,2.95e+01,
403,-8.00e-03,2.95e+01,
404,-1.60e-02,2.91e+01,
405,-1.60e-02,2.91e+01,
406,-1.60e-02,2.95e+01,
407,-8.00e-03,2.95e+01,
408,-1.60e-02,2.95e+01,
409,-1.60e-02,2.95e+01,
410,-1.60e-02,2.95e+01,
411,-8.00e-03,2.91e+01,
412,-1.60e-02,2.91e+01,
413,-1.60e-02,2.91e+01,
414,-1.60e-02,2.95e+01,
415,-8.00e-03,2.91e+01,
416,-1.60e-02,2.91e+01,
417,-1.60e-02,2.91e+01,
418,-1.60e-02,2.95e+01,
419,-8.00e-03,2.91e+01,
420,-1.60e-02,2.95e+01,
421,-1.60e-02,2.91e+01,
422,-1.60e-02,2.95e+01,
423,-8.00e-03,2.91e+01,
424,-1.60e-02,2.91e+01,
425,-1.60e-02,2.91e+01,
426,-1.60e-02,2.95e+01,
427,-8.00e-03,2.95e+01,
428,-1.60e-02,2.95e+01,
429,-1.60e-02,2.91e+01,
430,-1.60e-02,2.95e+01,
431,-1.60e-02,2.91e+01,
432,-1.60e-02,2.91e+01,
433,-1.60e-02,2.91e+01,
434,-1.60e-02,2.95e+01,
435,-8.00e-03,2.95e+01,
436,-1.60e-02,2.95e+01,
437,-1.60e-02,2.91e+01,
438,-1.60e-02,2.95e+01,
439,-1.60e-02,2.91e+01,
440,-1.60e-02,2.91e+01,
441,-1.60e-02,2.91e+01,
442,-1.60e-02,2.95e+01,
443,-8.00e-03,2.95e+01,
444,-1.60e-02,2.91e+01,
445,-1.60e-02,2.91e+01,
446,-1.60e-02,2.91e+01,
447,-8.00e-03,2.95e+01,
448,-1.60e-02,2.91e+01,
449,-1.60e-02,2.91e+01,
450,-1.60e-02,2.95e+01,
451,-8.00e-03,2.91e+01,
452,-1.60e-02,2.91e+01,
453,-1.60e-02,2.91e+01,
454,-1.60e-02,2.95e+01,
455,-8.00e-03,2.95e+01,
456,-1.60e-02,2.91e+01,
457,-1.60e-02,2.91e+01,
458,-1.60e-02,2.95e+01,
459,-8.00e-03,2.95e+01,
460,-1.60e-02,2.91e+01,
461,-1.60e-02,2.91e+01,
462,-1.60e-02,2.91e+01,
463,-1.60e-02,2.91e+01,
464,-1.60e-02,2.91e+01,
465,-1.60e-02,2.91e+01,
466,-1.60e-02,2.91e+01,
467,-8.00e-03,2.91e+01,
468,-1.60e-02,2.91e+01,
469,-1.60e-02,2.91e+01,
470,-1.60e-02,2.95e+01,
471,-8.00e-03,2.95e+01,
472,-1.60e-02,2.91e+01,
473,-1.60e-02,2.91e+01,
474,-1.60e-02,2.95e+01,
475,-8.00e-03,2.91e+01,
476,-1.60e-02,2.91e+01,
477,-1.60e-02,2.91e+01,
478,-1.60e-02,2.91e+01,
479,-1.60e-02,2.91e+01,
480,-1.60e-02,2.91e+01,
481,-1.60e-02,2.91e+01,
482,-1.60e-02,2.95e+01,
483,-8.00e-03,2.91e+01,
484,-1.60e-02,2.95e+01,
485,-1.60e-02,2.91e+01,
486,-1.60e-02,2.91e+01,
487,-8.00e-03,2.91e+01,
488,-1.60e-02,2.91e+01,
489,-1.60e-02,2.91e+01,
490,-1.60e-02,2.95e+01,
491,-8.00e-03,2.91e+01,
492,-1.60e-02,2.95e+01,
493,-1.60e-02,2.91e+01,
494,-1.60e-02,2.95e+01,
495,-8.00e-03,2.91e+01,
496,-1.60e-02,2.91e+01,
497,-1.60e-02,2.91e+01,
498,-1.60e-02,2.95e+01,
499,-1.60e-02,2.91e+01,
500,-1.60e-02,2.91e+01,
501,-8.00e-03,2.91e+01,
502,-1.60e-02,2.95e+01,
503,-8.00e-03,2.95e+01,
504,-1.60e-02,2.91e+01,
505,-1.60e-02,2.91e+01,
506,-1.60e-02,2.95e+01,
507,-8.00e-03,2.95e+01,
508,-1.60e-02,2.91e+01,
509,-1.60e-02,2.91e+01,
510,-1.60e-02,2.95e+01,
511,-1.60e-02,2.91e+01,
512,-1.60e-02,2.91e+01,
513,-1.60e-02,2.91e+01,
514,-1.60e-02,2.95e+01,
515,-8.00e-03,2.91e+01,
516,-1.60e-02,2.91e+01,
517,-1.60e-02,2.91e+01,
518,-1.60e-02,2.91e+01,
519,-8.00e-03,2.91e+01,
520,-1.60e-02,2.91e+01,
521,-1.60e-02,2.91e+01,
522,-1.60e-02,2.95e+01,
523,-1.60e-02,2.95e+01,
524,-1.60e-02,2.91e+01,
525,-1.60e-02,2.91e+01,
526,-1.60e-02,2.95e+01,
527,-8.00e-03,2.91e+01,
528,-1.60e-02,2.91e+01,
529,-1.60e-02,2.91e+01,
530,-1.60e-02,2.95e+01,
531,-8.00e-03,2.91e+01,
532,-1.60e-02,2.91e+01,
533,-1.60e-02,2.95e+01,
534,-1.60e-02,2.95e+01,
535,-8.00e-03,2.95e+01,
536,-1.60e-02,2.91e+01,
537,-1.60e-02,2.91e+01,
538,-1.60e-02,2.95e+01,
539,-8.00e-03,2.95e+01,
540,-1.60e-02,2.91e+01,
541,-1.60e-02,2.91e+01,
542,-1.60e-02,2.95e+01,
543,-8.00e-03,2.95e+01,
544,-1.60e-02,2.91e+01,
545,-1.60e-02,2.91e+01,
546,-1.60e-02,2.95e+01,
547,-1.60e-02,2.91e+01,
548,-1.60e-02,2.91e+01,
549,-1.60e-02,2.91e+01,
550,-1.60e-02,2.95e+01,
551,-1.60e-02,2.91e+01,
552,-1.60e-02,2.91e+01,
553,-1.60e-02,2.95e+01,
554,-1.60e-02,2.95e+01,
555,-8.00e-03,2.91e+01,
556,-1.60e-02,2.91e+01,
557,-1.60e-02,2.91e+01,
558,-1.60e-02,2.95e+01,
559,-8.00e-03,2.91e+01,
560,-1.60e-02,2.91e+01,
561,-1.60e-02,2.91e+01,
562,-8.00e-03,2.91e+01,
563,-8.00e-03,2.95e+01,
564,-1.60e-02,2.95e+01,
565,-1.60e-02,2.91e+01,
566,-1.60e-02,2.91e+01,
567,-8.00e-03,2.95e+01,
568,-1.60e-02,2.91e+01,
569,-1.60e-02,2.91e+01,
570,-1.60e-02,2.91e+01,
571,-8.00e-03,2.91e+01,
572,-1.60e-02,2.91e+01,
573,-1.60e-02,2.91e+01,
574,-1.60e-02,2.91e+01,
575,-8.00e-03,2.91e+01,
576,-1.60e-02,2.91e+01,
577,-1.60e-02,2.91e+01,
578,-1.60e-02,2.91e+01,
579,-8.00e-03,2.91e+01,
580,-1.60e-02,2.91e+01,
581,-1.60e-02,2.91e+01,
582,-1.60e-02,2.95e+01,
583,-8.00e-03,2.91e+01,
584,-1.60e-02,2.91e+01,
585,-1.60e-02,2.91e+01,
586,-1.60e-02,2.91e+01,
587,-8.00e-03,2.91e+01,
588,-1.60e-02,2.95e+01,
589,-1.60e-02,2.91e+01,
590,-1.60e-02,2.95e+01,
591,-8.00e-03,2.91e+01,
592,-1.60e-02,2.91e+01,
593,-1.60e-02,2.91e+01,
594,-1.60e-02,2.95e+01,
595,-8.00e-03,2.95e+01,
596,-1.60e-02,2.91e+01,
597,-1.60e-02,2.91e+01,
598,-1.60e-02,2.95e+01,
599,-8.00e-03,2.95e+01,
600,-1.60e-02,2.91e+01,
601,-1.60e-02,2.91e+01,
602,-1.60e-02,2.91e+01,
603,-1.60e-02,2.91e+01,
604,-1.60e-02,2.91e+01,
605,-1.60e-02,2.91e+01,
606,-1.60e-02,2.95e+01,
607,-1.60e-02,2.91e+01,
608,-1.60e-02,2.91e+01,
609,-1.60e-02,2.91e+01,
610,-1.60e-02,2.91e+01,
611,-8.00e-03,2.91e+01,
612,-1.60e-02,2.91e+01,
613,-1.60e-02,2.91e+01,
614,-1.60e-02,2.95e+01,
615,-8.00e-03,2.91e+01,
616,-1.60e-02,2.91e+01,
617,-1.60e-02,2.91e+01,
618,-1.60e-02,2.95e+01,
619,-8.00e-03,2.91e+01,
620,-1.60e-02,2.91e+01,
621,-1.60e-02,2.91e+01,
622,-1.60e-02,2.95e+01,
623,-1.60e-02,2.91e+01,
624,-1.60e-02,2.91e+01,
625,-1.60e-02,2.91e+01,
626,-1.60e-02,2.91e+01,
627,-1.60e-02,2.91e+01,
628,-1.60e-02,2.91e+01,
629,-8.00e-03,2.91e+01,
630,-1.60e-02,2.91e+01,
631,-1.60e-02,2.91e+01,
632,-1.60e-02,2.91e+01,
633,-1.60e-02,2.91e+01,
634,-1.60e-02,2.95e+01,
635,-8.00e-03,2.91e+01,
636,-1.60e-02,2.91e+01,
637,-1.60e-02,2.91e+01,
638,-1.60e-02,2.91e+01,
639,-1.60e-02,2.91e+01,
640,-1.60e-02,2.91e+01,
641,-1.60e-02,2.91e+01,
642,-1.60e-02,2.95e+01,
643,-1.60e-02,2.91e+01,
644,-1.60e-02,2.91e+01,
645,-1.60e-02,2.91e+01,
646,-1.60e-02,2.91e+01,
647,-8.00e-03,2.91e+01,
648,-1.60e-02,2.91e+01,
649,-1.60e-02,2.91e+01,
650,-1.60e-02,2.91e+01,
651,-8.00e-03,2.91e+01,
652,-1.60e-02,2.91e+01,
653,-1.60e-02,2.91e+01,
654,-1.60e-02,2.91e+01,
655,-8.00e-03,2.95e+01,
656,-1.60e-02,2.91e+01,
657,-1.60e-02,2.91e+01,
658,-1.60e-02,2.91e+01,
659,-8.00e-03,2.91e+01,
660,-1.60e-02,2.91e+01,
661,-1.60e-02,2.91e+01,
662,-1.60e-02,2.95e+01,
663,-1.60e-02,2.91e+01,
664,-1.60e-02,2.91e+01,
665,-1.60e-02,2.91e+01,
666,-1.60e-02,2.91e+01,
667,-1.60e-02,2.91e+01,
668,-1.60e-02,2.91e+01,
669,-1.60e-02,2.91e+01,
670,-1.60e-02,2.95e+01,
671,-8.00e-03,2.91e+01,
672,-1.60e-02,2.91e+01,
673,-1.60e-02,2.91e+01,
674,-1.60e-02,2.91e+01,
675,-8.00e-03,2.91e+01,
676,-1.60e-02,2.91e+01,
677,-1.60e-02,2.91e+01,
678,-1.60e-02,2.91e+01,
679,-8.00e-03,2.91e+01,
680,-1.60e-02,2.91e+01,
681,-1.60e-02,2.91e+01,
682,-1.60e-02,2.95e+01,
683,-8.00e-03,2.91e+01,
684,-1.60e-02,2.91e+01,
685,-1.60e-02,2.91e+01,
686,-1.60e-02,2.95e+01,
687,-8.00e-03,2.91e+01,
688,-1.60e-02,2.91e+01,
689,-8.00e-03,2.91e+01,
690,-1.60e-02,2.91e+01,
691,-1.60e-02,2.91e+01,
692,-1.60e-02,2.91e+01,
693,-1.60e-02,2.91e+01,
694,-1.60e-02,2.91e+01,
695,-1.60e-02,2.91e+01,
696,-1.60e-02,2.91e+01,
697,-1.60e-02,2.91e+01,
698,-1.60e-02,2.95e+01,
699,-8.00e-03,2.91e+01,
700,-1.60e-02,2.91e+01,
701,-1.60e-02,2.91e+01,
702,-1.60e-02,2.91e+01,
703,-1.60e-02,2.91e+01,
704,-1.60e-02,2.91e+01,
705,-1.60e-02,2.91e+01,
706,-1.60e-02,2.91e+01,
707,-8.00e-03,2.91e+01,
708,-1.60e-02,2.91e+01,
709,-8.00e-03,2.91e+01,
710,-1.60e-02,2.95e+01,
711,-1.60e-02,2.91e+01,
712,-1.60e-02,2.91e+01,
713,-1.60e-02,2.95e+01,
714,-1.60e-02,2.95e+01,
715,-8.00e-03,2.91e+01,
716,-1.60e-02,2.91e+01,
717,-1.60e-02,2.91e+01,
718,-1.60e-02,2.91e+01,
719,-1.60e-02,2.91e+01,
720,-1.60e-02,2.91e+01,
721,-1.60e-02,2.91e+01,
722,-1.60e-02,2.91e+01,
723,-8.00e-03,2.95e+01,
724,-1.60e-02,2.91e+01,
725,-1.60e-02,2.91e+01,
726,-1.60e-02,2.95e+01,
727,-8.00e-03,2.91e+01,
728,-1.60e-02,2.91e+01,
729,-1.60e-02,2.91e+01,
730,-1.60e-02,2.95e+01,
731,-8.00e-03,2.91e+01,
732,-1.60e-02,2.91e+01,
733,-1.60e-02,2.91e+01,
734,-1.60e-02,2.91e+01,
735,-8.00e-03,2.91e+01,
736,-1.60e-02,2.91e+01,
737,-1.60e-02,2.91e+01,
738,-1.60e-02,2.91e+01,
739,-8.00e-03,2.91e+01,
740,-1.60e-02,2.91e+01,
741,-8.00e-03,2.91e+01,
742,-1.60e-02,2.95e+01,
743,-8.00e-03,2.91e+01,
744,-1.60e-02,2.91e+01,
745,-1.60e-02,2.91e+01,
746,-1.60e-02,2.91e+01,
747,-8.00e-03,2.91e+01,
748,-1.60e-02,2.91e+01,
749,-1.60e-02,2.91e+01,
750,-1.60e-02,2.91e+01,
751,-1.60e-02,2.91e+01,
752,-1.60e-02,2.91e+01,
753,-1.60e-02,2.91e+01,
754,-1.60e-02,2.91e+01,
755,-8.00e-03,2.91e+01,
756,-1.60e-02,2.91e+01,
757,-1.60e-02,2.91e+01,
758,-1.60e-02,2.91e+01,
759,-8.00e-03,2.91e+01,
760,-1.60e-02,2.91e+01,
761,-1.60e-02,2.91e+01,
762,-1.60e-02,2.91e+01,
763,-1.60e-02,2.91e+01,
764,-1.60e-02,2.91e+01,
765,-1.60e-02,2.91e+01,
766,-1.60e-02,2.91e+01,
767,-8.00e-03,2.91e+01,
768,-1.60e-02,2.91e+01,
769,-1.60e-02,2.91e+01,
770,-1.60e-02,2.95e+01,
771,-1.60e-02,2.91e+01,
772,-1.60e-02,2.91e+01,
773,-1.60e-02,2.91e+01,
774,-1.60e-02,2.95e+01,
775,-1.60e-02,2.91e+01,
776,-1.60e-02,2.91e+01,
777,-1.60e-02,2.91e+01,
778,-1.60e-02,2.91e+01,
779,-8.00e-03,2.91e+01,
780,-1.60e-02,2.91e+01,
781,-1.60e-02,2.91e+01,
782,-1.60e-02,2.91e+01,
783,-8.00e-03,2.91e+01,
784,-1.60e-02,2.91e+01,
785,-1.60e-02,2.91e+01,
786,-1.60e-02,2.91e+01,
787,-8.00e-03,2.91e+01,
788,-1.60e-02,2.91e+01,
789,-1.60e-02,2.91e+01,
790,-1.60e-02,2.91e+01,
791,-1.60e-02,2.91e+01,
792,-1.60e-02,2.91e+01,
793,-1.60e-02,2.91e+01,
794,-1.60e-02,2.91e+01,
795,-8.00e-03,2.91e+01,
796,-1.60e-02,2.91e+01,
797,-1.60e-02,2.91e+01,
798,-1.60e-02,2.91e+01,
799,-8.00e-03,2.91e+01,
800,-1.60e-02,2.91e+01,
801,-1.60e-02,2.91e+01,
802,-1.60e-02,2.91e+01,
803,-1.60e-02,2.91e+01,
804,-1.60e-02,2.91e+01,
805,-1.60e-02,2.91e+01,
806,-1.60e-02,2.91e+01,
807,-8.00e-03,2.91e+01,
808,-1.60e-02,2.91e+01,
809,-1.60e-02,2.91e+01,
810,-1.60e-02,2.95e+01,
811,-8.00e-03,2.91e+01,
812,-1.60e-02,2.91e+01,
813,-1.60e-02,2.91e+01,
814,-1.60e-02,2.91e+01,
815,-8.00e-03,2.91e+01,
816,-1.60e-02,2.91e+01,
817,-1.60e-02,2.91e+01,
818,-1.60e-02,2.95e+01,
819,-8.00e-03,2.91e+01,
820,-1.60e-02,2.91e+01,
821,-1.60e-02,2.91e+01,
822,-1.60e-02,2.91e+01,
823,-8.00e-03,2.91e+01,
824,-1.60e-02,2.91e+01,
825,-1.60e-02,2.91e+01,
826,-1.60e-02,2.91e+01,
827,-8.00e-03,2.91e+01,
828,-1.60e-02,2.91e+01,
829,-1.60e-02,2.91e+01,
830,-1.60e-02,2.91e+01,
831,-8.00e-03,2.91e+01,
832,-1.60e-02,2.91e+01,
833,-1.60e-02,2.91e+01,
834,-1.60e-02,2.91e+01,
835,-1.60e-02,2.91e+01,
836,-1.60e-02,2.91e+01,
837,-1.60e-02,2.91e+01,
838,-1.60e-02,2.91e+01,
839,-8.00e-03,2.91e+01,
840,-1.60e-02,2.91e+01,
841,-1.60e-02,2.91e+01,
842,-1.60e-02,2.91e+01,
843,-8.00e-03,2.91e+01,
844,-1.60e-02,2.91e+01,
845,-1.60e-02,2.91e+01,
846,-1.60e-02,2.91e+01,
847,-8.00e-03,2.91e+01,
848,-1.60e-02,2.91e+01,
849,-1.60e-02,2.91e+01,
850,-1.60e-02,2.91e+01,
851,-1.60e-02,2.91e+01,
852,-1.60e-02,2.91e+01,
853,-1.60e-02,2.91e+01,
854,-1.60e-02,2.91e+01,
855,-8.00e-03,2.91e+01,
856,-1.60e-02,2.91e+01,
857,-1.60e-02,2.91e+01,
858,-1.60e-02,2.91e+01,
859,-1.60e-02,2.91e+01,
860,-1.60e-02,2.91e+01,
861,-1.60e-02,2.91e+01,
862,-1.60e-02,2.91e+01,
863,-8.00e-03,2.91e+01,
864,-1.60e-02,2.91e+01,
865,-1.60e-02,2.91e+01,
866,-1.60e-02,2.91e+01,
867,-8.00e-03,2.91e+01,
868,-1.60e-02,2.91e+01,
869,-1.60e-02,2.91e+01,
870,-1.60e-02,2.95e+01,
871,-8.00e-03,2.91e+01,
872,-1.60e-02,2.91e+01,
873,-1.60e-02,2.91e+01,
874,-1.60e-02,2.91e+01,
875,-8.00e-03,2.91e+01,
876,-1.60e-02,2.91e+01,
877,-1.60e-02,2.91e+01,
878,-1.60e-02,2.91e+01,
879,-8.00e-03,2.91e+01,
880,-1.60e-02,2.91e+01,
881,-1.60e-02,2.91e+01,
882,-1.60e-02,2.91e+01,
883,-8.00e-03,2.91e+01,
884,-1.60e-02,2.91e+01,
885,-1.60e-02,2.91e+01,
886,-1.60e-02,2.91e+01,
887,-8.00e-03,2.91e+01,
888,-1.60e-02,2.91e+01,
889,-1.60e-02,2.91e+01,
890,-1.60e-02,2.91e+01,
891,-1.60e-02,2.91e+01,
892,-1.60e-02,2.91e+01,
893,-1.60e-02,2.91e+01,
894,-1.60e-02,2.91e+01,
895,-8.00e-03,2.91e+01,
896,-1.60e-02,2.91e+01,
897,-1.60e-02,2.91e+01,
898,-1.60e-02,2.91e+01,
899,-8.00e-03,2.91e+01,
900,-1.60e-02,2.91e+01,
901,-1.60e-02,2.91e+01,
902,-1.60e-02,2.91e+01,
903,-8.00e-03,2.91e+01,
904,-1.60e-02,2.91e+01,
905,-1.60e-02,2.91e+01,
906,-1.60e-02,2.91e+01,
907,-8.00e-03,2.91e+01,
908,-1.60e-02,2.91e+01,
909,-1.60e-02,2.91e+01,
910,-1.60e-02,2.91e+01,
911,-8.00e-03,2.91e+01,
912,-1.60e-02,2.91e+01,
913,-1.60e-02,2.91e+01,
914,-1.60e-02,2.91e+01,
915,-1.60e-02,2.91e+01,
916,-1.60e-02,2.91e+01,
917,-1.60e-02,2.91e+01,
918,-1.60e-02,2.91e+01,
919,-8.00e-03,2.91e+01,
920,-1.60e-02,2.91e+01,
921,-1.60e-02,2.91e+01,
922,-1.60e-02,2.91e+01,
923,-8.00e-03,2.91e+01,
924,-1.60e-02,2.91e+01,
925,-1.60e-02,2.91e+01,
926,-1.60e-02,2.91e+01,
927,-8.00e-03,2.91e+01,
928,-1.60e-02,2.91e+01,
929,-1.60e-02,2.91e+01,
930,-1.60e-02,2.91e+01,
931,-1.60e-02,2.91e+01,
932,-1.60e-02,2.91e+01,
933,-1.60e-02,2.91e+01,
934,-1.60e-02,2.91e+01,
935,-1.60e-02,2.91e+01,
936,-1.60e-02,2.91e+01,
937,-1.60e-02,2.91e+01,
938,-1.60e-02,2.91e+01,
939,-1.60e-02,2.91e+01,
940,-1.60e-02,2.91e+01,
941,-1.60e-02,2.91e+01,
942,-1.60e-02,2.91e+01,
943,-8.00e-03,2.91e+01,
944,-1.60e-02,2.91e+01,
945,-1.60e-02,2.91e+01,
946,-1.60e-02,2.91e+01,
947,-8.00e-03,2.91e+01,
948,-1.60e-02,2.91e+01,
949,-1.60e-02,2.91e+01,
950,-1.60e-02,2.91e+01,
951,-8.00e-03,2.91e+01,
952,-1.60e-02,2.91e+01,
953,-1.60e-02,2.91e+01,
954,-1.60e-02,2.91e+01,
955,-8.00e-03,2.91e+01,
956,-1.60e-02,2.91e+01,
957,-1.60e-02,2.91e+01,
958,-1.60e-02,2.91e+01,
959,-1.60e-02,2.91e+01,
960,-1.60e-02,2.91e+01,
961,-1.60e-02,2.91e+01,
962,-1.60e-02,2.91e+01,
963,-8.00e-03,2.91e+01,
964,-1.60e-02,2.91e+01,
965,-1.60e-02,2.91e+01,
966,-1.60e-02,2.91e+01,
967,-1.60e-02,2.91e+01,
968,-1.60e-02,2.91e+01,
969,-1.60e-02,2.91e+01,
970,-1.60e-02,2.91e+01,
971,-8.00e-03,2.91e+01,
972,-1.60e-02,2.91e+01,
973,-1.60e-02,2.91e+01,
974,-1.60e-02,2.91e+01,
975,-1.60e-02,2.91e+01,
976,-1.60e-02,2.91e+01,
977,-1.60e-02,2.91e+01,
978,-1.60e-02,2.91e+01,
979,-1.60e-02,2.91e+01,
980,-1.60e-02,2.91e+01,
981,-1.60e-02,2.91e+01,
982,-1.60e-02,2.91e+01,
983,-1.60e-02,2.91e+01,
984,-1.60e-02,2.91e+01,
985,-1.60e-02,2.91e+01,
986,-1.60e-02,2.91e+01,
987,-8.00e-03,2.91e+01,
988,-1.60e-02,2.91e+01,
989,-1.60e-02,2.91e+01,
990,-1.60e-02,2.95e+01,
991,-8.00e-03,2.91e+01,
992,-1.60e-02,2.91e+01,
993,-8.00e-03,2.91e+01,
994,-1.60e-02,2.91e+01,
995,-1.60e-02,2.91e+01,
996,-1.60e-02,2.91e+01,
997,-1.60e-02,2.91e+01,
998,-1.60e-02,2.91e+01,
999,-8.00e-03,2.91e+01,
1000,-1.60e-02,2.91e+01,
1001,-1.60e-02,2.91e+01,
1002,-1.60e-02,2.91e+01,
1003,-8.00e-03,2.91e+01,
1004,-1.60e-02,2.91e+01,
1005,-1.60e-02,2.91e+01,
1006,-1.60e-02,2.91e+01,
1007,-1.60e-02,2.91e+01,
1008,-1.60e-02,2.91e+01,
1009,-1.60e-02,2.91e+01,
1010,-1.60e-02,2.91e+01,
1011,-8.00e-03,2.91e+01,
1012,-1.60e-02,2.91e+01,
1013,-1.60e-02,2.91e+01,
1014,-1.60e-02,2.91e+01,
1015,-8.00e-03,2.91e+01,
1016,-1.60e-02,2.91e+01,
1017,-1.60e-02,2.91e+01,
1018,-1.60e-02,2.91e+01,
1019,-8.00e-03,2.91e+01,
1020,-1.60e-02,2.91e+01,
1021,-1.60e-02,2.91e+01,
1022,-1.60e-02,2.91e+01,
1023,-1.60e-02,2.91e+01,
1024,-1.60e-02,2.91e+01,
1025,-1.60e-02,2.91e+01,
1026,-1.60e-02,2.91e+01,
1027,-8.00e-03,2.91e+01,
1028,-1.60e-02,2.91e+01,
1029,-1.60e-02,2.91e+01,
1030,-1.60e-02,2.91e+01,
1031,-1.60e-02,2.91e+01,
1032,-1.60e-02,2.91e+01,
1033,-1.60e-02,2.91e+01,
1034,-1.60e-02,2.95e+01,
1035,-8.00e-03,2.91e+01,
1036,-1.60e-02,2.91e+01,
1037,-1.60e-02,2.91e+01,
1038,-1.60e-02,2.91e+01,
1039,-1.60e-02,2.91e+01,
1040,-1.60e-02,2.91e+01,
1041,-1.60e-02,2.91e+01,
1042,-1.60e-02,2.91e+01,
1043,-8.00e-03,2.91e+01,
1044,-1.60e-02,2.91e+01,
1045,-1.60e-02,2.91e+01,
1046,-1.60e-02,2.91e+01,
1047,-8.00e-03,2.91e+01,
1048,-1.60e-02,2.91e+01,
1049,-1.60e-02,2.91e+01,
1050,-1.60e-02,2.91e+01,
1051,-1.60e-02,2.91e+01,
1052,-1.60e-02,2.91e+01,
1053,-1.60e-02,2.91e+01,
1054,-1.60e-02,2.91e+01,
1055,-1.60e-02,2.91e+01,
1056,-1.60e-02,2.91e+01,
1057,-1.60e-02,2.91e+01,
1058,-1.60e-02,2.91e+01,
1059,-8.00e-03,2.91e+01,
1060,-1.60e-02,2.91e+01,
1061,-1.60e-02,2.91e+01,
1062,-1.60e-02,2.91e+01,
1063,-1.60e-02,2.91e+01,
1064,-1.60e-02,2.91e+01,
1065,-1.60e-02,2.91e+01,
1066,-1.60e-02,2.91e+01,
1067,-8.00e-03,2.91e+01,
1068,-1.60e-02,2.91e+01,
1069,-1.60e-02,2.91e+01,
1070,-1.60e-02,2.91e+01,
1071,-1.60e-02,2.91e+01,
1072,-1.60e-02,2.91e+01,
1073,-1.60e-02,2.91e+01,
1074,-1.60e-02,2.91e+01,
1075,-8.00e-03,2.91e+01,
1076,-1.60e-02,2.91e+01,
1077,-1.60e-02,2.91e+01,
1078,-1.60e-02,2.91e+01,
1079,-1.60e-02,2.91e+01,
1080,-1.60e-02,2.91e+01,
1081,-1.60e-02,2.91e+01,
1082,-1.60e-02,2.91e+01,
1083,-1.60e-02,2.91e+01,
1084,-1.60e-02,2.91e+01,
1085,-1.60e-02,2.91e+01,
1086,-1.60e-02,2.91e+01,
1087,-8.00e-03,2.91e+01,
1088,-1.60e-02,2.91e+01,
1089,-1.60e-02,2.91e+01,
1090,-1.60e-02,2.91e+01,
1091,-8.00e-03,2.91e+01,
1092,-1.60e-02,2.91e+01,
1093,-1.60e-02,2.91e+01,
1094,-1.60e-02,2.91e+01,
1095,-1.60e-02,2.91e+01,
1096,-1.60e-02,2.91e+01,
1097,-1.60e-02,2.91e+01,
1098,-1.60e-02,2.91e+01,
1099,-8.00e-03,2.91e+01,
1100,-1.60e-02,2.91e+01,
1101,-1.60e-02,2.91e+01,
1102,-1.60e-02,2.91e+01,
1103,-8.00e-03,2.91e+01,
1104,-1.60e-02,2.91e+01,
1105,-1.60e-02,2.91e+01,
1106,-1.60e-02,2.91e+01,
1107,-1.60e-02,2.91e+01,
1108,-1.60e-02,2.91e+01,
1109,-1.60e-02,2.91e+01,
1110,-1.60e-02,2.91e+01,
1111,-8.00e-03,2.91e+01,
1112,-1.60e-02,2.91e+01,
1113,-1.60e-02,2.91e+01,
1114,-1.60e-02,2.91e+01,
1115,-8.00e-03,2.91e+01,
1116,-1.60e-02,2.91e+01,
1117,-1.60e-02,2.91e+01,
1118,-8.00e-03,2.91e+01,
1119,-8.00e-03,2.91e+01,
1120,-1.60e-02,2.91e+01,
1121,-1.60e-02,2.91e+01,
1122,-1.60e-02,2.91e+01,
1123,-8.00e-03,2.91e+01,
1124,-1.60e-02,2.91e+01,
1125,-1.60e-02,2.91e+01,
1126,-1.60e-02,2.91e+01,
1127,-1.60e-02,2.91e+01,
1128,-1.60e-02,2.91e+01,
1129,-8.00e-03,2.91e+01,
1130,-1.60e-02,2.91e+01,
1131,-1.60e-02,2.91e+01,
1132,-1.60e-02,2.91e+01,
1133,-1.60e-02,2.91e+01,
1134,-1.60e-02,2.91e+01,
1135,-8.00e-03,2.91e+01,
1136,-1.60e-02,2.91e+01,
1137,-1.60e-02,2.91e+01,
1138,-1.60e-02,2.91e+01,
1139,-8.00e-03,2.91e+01,
1140,-1.60e-02,2.91e+01,
1141,-1.60e-02,2.91e+01,
1142,-1.60e-02,2.91e+01,
1143,-8.00e-03,2.91e+01,
1144,-1.60e-02,2.91e+01,
1145,-1.60e-02,2.91e+01,
1146,-1.60e-02,2.91e+01,
1147,-8.00e-03,2.91e+01,
1148,-1.60e-02,2.91e+01,
1149,-1.60e-02,2.91e+01,
1150,-1.60e-02,2.91e+01,
1151,-1.60e-02,2.91e+01,
1152,-1.60e-02,2.91e+01,
1153,-1.60e-02,2.91e+01,
1154,-1.60e-02,2.91e+01,
1155,-1.60e-02,2.91e+01,
1156,-1.60e-02,2.91e+01,
1157,-1.60e-02,2.91e+01,
1158,-1.60e-02,2.91e+01,
1159,-1.60e-02,2.91e+01,
1160,-1.60e-02,2.91e+01,
1161,-1.60e-02,2.91e+01,
1162,-1.60e-02,2.91e+01,
1163,-8.00e-03,2.91e+01,
1164,-1.60e-02,2.91e+01,
1165,-1.60e-02,2.91e+01,
1166,-1.60e-02,2.91e+01,
1167,-1.60e-02,2.91e+01,
1168,-1.60e-02,2.91e+01,
1169,-1.60e-02,2.91e+01,
1170,-1.60e-02,2.91e+01,
1171,-8.00e-03,2.91e+01,
1172,-1.60e-02,2.91e+01,
1173,-1.60e-02,2.91e+01,
1174,-1.60e-02,2.91e+01,
1175,-8.00e-03,2.91e+01,
1176,-1.60e-02,2.91e+01,
1177,-1.60e-02,2.91e+01,
1178,-1.60e-02,2.91e+01,
1179,-8.00e-03,2.91e+01,
1180,-1.60e-02,2.91e+01,
1181,-1.60e-02,2.91e+01,
1182,-1.60e-02,2.91e+01,
1183,-8.00e-03,2.91e+01,
1184,-1.60e-02,2.91e+01,
1185,-1.60e-02,2.91e+01,
1186,-1.60e-02,2.91e+01,
1187,-1.60e-02,2.91e+01,
1188,-1.60e-02,2.91e+01,
1189,-1.60e-02,2.91e+01,
1190,-1.60e-02,2.91e+01,
1191,-1.60e-02,2.91e+01,
1192,-1.60e-02,2.91e+01,
1193,-1.60e-02,2.91e+01,
1194,-1.60e-02,2.91e+01,
1195,-1.60e-02,2.91e+01,
1196,-1.60e-02,2.91e+01,
1197,-1.60e-02,2.91e+01,
1198,-1.60e-02,2.91e+01,
1199,-8.00e-03,2.91e+01,
1200,-1.60e-02,2.91e+01,
1201,-1.60e-02,2.91e+01,
1202,-1.60e-02,2.91e+01,
1203,-1.60e-02,2.91e+01,
1204,-1.60e-02,2.91e+01,
1205,-1.60e-02,2.91e+01,
1206,-1.60e-02,2.91e+01,
1207,-8.00e-03,2.91e+01,
1208,-1.60e-02,2.91e+01,
1209,-1.60e-02,2.91e+01,
1210,-1.60e-02,2.91e+01,
1211,-1.60e-02,2.91e+01,
1212,-1.60e-02,2.91e+01,
1213,-1.60e-02,2.91e+01,
1214,-1.60e-02,2.91e+01,
1215,-1.60e-02,2.91e+01,
1216,-1.60e-02,2.91e+01,
1217,-1.60e-02,2.91e+01,
1218,-1.60e-02,2.91e+01,
1219,-8.00e-03,2.91e+01,
1220,-1.60e-02,2.91e+01,
1221,-1.60e-02,2.91e+01,
1222,-1.60e-02,2.91e+01,
1223,-8.00e-03,2.91e+01,
1224,-1.60e-02,2.91e+01,
1225,-1.60e-02,2.91e+01,
1226,-1.60e-02,2.91e+01,
1227,-8.00e-03,2.91e+01,
1228,-1.60e-02,2.91e+01,
1229,-1.60e-02,2.91e+01,
1230,-1.60e-02,2.91e+01,
1231,-8.00e-03,2.91e+01,
1232,-1.60e-02,2.91e+01,
1233,-1.60e-02,2.91e+01,
1234,-1.60e-02,2.91e+01,
1235,-8.00e-03,2.91e+01,
1236,-1.60e-02,2.91e+01,
1237,-1.60e-02,2.91e+01,
1238,-1.60e-02,2.91e+01,
1239,-8.00e-03,2.91e+01,
1240,-1.60e-02,2.91e+01,
1241,-1.60e-02,2.91e+01,
1242,-1.60e-02,2.91e+01,
1243,-8.00e-03,2.91e+01,
1244,-1.60e-02,2.91e+01,
1245,-1.60e-02,2.91e+01,
1246,-1.60e-02,2.91e+01,
1247,-8.00e-03,2.91e+01,
1248,-1.60e-02,2.91e+01,
1249,-1.60e-02,2.91e+01,
1250,-1.60e-02,2.91e+01,
1251,-8.00e-03,2.91e+01,
1252,-1.60e-02,2.91e+01,
1253,-1.60e-02,2.91e+01,
1254,-1.60e-02,2.91e+01,
1255,-1.60e-02,2.91e+01,
1256,-1.60e-02,2.91e+01,
1257,-1.60e-02,2.91e+01,
1258,-1.60e-02,2.91e+01,
1259,-8.00e-03,2.91e+01,
1260,-1.60e-02,2.91e+01,
1261,-1.60e-02,2.91e+01,
1262,-1.60e-02,2.91e+01,
1263,-1.60e-02,2.91e+01,
1264,-1.60e-02,2.91e+01,
1265,-1.60e-02,2.91e+01,
1266,-1.60e-02,2.91e+01,
1267,-8.00e-03,2.91e+01,
1268,-1.60e-02,2.91e+01,
1269,-1.60e-02,2.91e+01,
1270,-1.60e-02,2.91e+01,
1271,-8.00e-03,2.91e+01,
1272,-1.60e-02,2.91e+01,
1273,-1.60e-02,2.91e+01,
1274,-1.60e-02,2.91e+01,
1275,-8.00e-03,2.91e+01,
1276,-1.60e-02,2.91e+01,
1277,-1.60e-02,2.91e+01,
1278,-1.60e-02,2.91e+01,
1279,-1.60e-02,2.91e+01,
1280,-1.60e-02,2.91e+01,
1281,-1.60e-02,2.91e+01,
1282,-1.60e-02,2.91e+01,
1283,-8.00e-03,2.91e+01,
1284,-1.60e-02,2.91e+01,
1285,-1.60e-02,2.91e+01,
1286,-1.60e-02,2.91e+01,
1287,-1.60e-02,2.91e+01,
1288,-1.60e-02,2.91e+01,
1289,-1.60e-02,2.91e+01,
1290,-1.60e-02,2.91e+01,
1291,-8.00e-03,2.91e+01,
1292,-1.60e-02,2.91e+01,
1293,-1.60e-02,2.91e+01,
1294,-1.60e-02,2.91e+01,
1295,-1.60e-02,2.91e+01,
1296,-1.60e-02,2.91e+01,
1297,-1.60e-02,2.91e+01,
1298,-1.60e-02,2.91e+01,
1299,-1.60e-02,2.91e+01,
1300,-1.60e-02,2.91e+01,
1301,-1.60e-02,2.91e+01,
1302,-1.60e-02,2.91e+01,
1303,-1.60e-02,2.91e+01,
1304,-1.60e-02,2.91e+01,
1305,-1.60e-02,2.91e+01,
1306,-1.60e-02,2.91e+01,
1307,-8.00e-03,2.91e+01,
1308,-1.60e-02,2.91e+01,
1309,-1.60e-02,2.91e+01,
1310,-1.60e-02,2.91e+01,
1311,-1.60e-02,2.91e+01,
1312,-1.60e-02,2.91e+01,
1313,-1.60e-02,2.91e+01,
1314,-1.60e-02,2.91e+01,
1315,-1.60e-02,2.91e+01,
1316,-1.60e-02,2.91e+01,
1317,-1.60e-02,2.91e+01,
1318,-1.60e-02,2.91e+01,
1319,-8.00e-03,2.91e+01,
1320,-1.60e-02,2.91e+01,
1321,-1.60e-02,2.91e+01,
1322,-1.60e-02,2.91e+01,
1323,-8.00e-03,2.91e+01,
1324,-1.60e-02,2.91e+01,
1325,-1.60e-02,2.91e+01,
1326,-1.60e-02,2.91e+01,
1327,-1.60e-02,2.91e+01,
1328,-1.60e-02,2.91e+01,
1329,-1.60e-02,2.91e+01,
1330,-1.60e-02,2.91e+01,
1331,-1.60e-02,2.91e+01,
1332,-1.60e-02,2.91e+01,
1333,-1.60e-02,2.91e+01,
1334,-1.60e-02,2.91e+01,
1335,-1.60e-02,2.91e+01,
1336,-1.60e-02,2.91e+01,
1337,-1.60e-02,2.91e+01,
1338,-1.60e-02,2.91e+01,
1339,-8.00e-03,2.91e+01,
1340,-1.60e-02,2.91e+01,
1341,-1.60e-02,2.91e+01,
1342,-1.60e-02,2.91e+01,
1343,-8.00e-03,2.91e+01,
1344,-1.60e-02,2.91e+01,
1345,-1.60e-02,2.91e+01,
1346,-1.60e-02,2.91e+01,
1347,-8.00e-03,2.91e+01,
1348,-1.60e-02,2.91e+01,
1349,-1.60e-02,2.91e+01,
1350,-1.60e-02,2.91e+01,
1351,-1.60e-02,2.91e+01,
1352,-1.60e-02,2.91e+01,
1353,-1.60e-02,2.91e+01,
1354,-1.60e-02,2.91e+01,
1355,-1.60e-02,2.91e+01,
1356,-1.60e-02,2.91e+01,
1357,-1.60e-02,2.91e+01,
1358,-1.60e-02,2.91e+01,
1359,-8.00e-03,2.91e+01,
1360,-1.60e-02,2.91e+01,
1361,-1.60e-02,2.91e+01,
1362,-1.60e-02,2.91e+01,
1363,-8.00e-03,2.91e+01,
1364,-1.60e-02,2.91e+01,
1365,-1.60e-02,2.91e+01,
1366,-1.60e-02,2.91e+01,
1367,-1.60e-02,2.91e+01,
1368,-1.60e-02,2.91e+01,
1369,-1.60e-02,2.91e+01,
1370,-1.60e-02,2.91e+01,
1371,-1.60e-02,2.91e+01,
1372,-1.60e-02,2.91e+01,
1373,-1.60e-02,2.91e+01,
1374,-1.60e-02,2.91e+01,
1375,-8.00e-03,2.91e+01,
1376,-1.60e-02,2.91e+01,
1377,-8.00e-03,2.91e+01,
1378,-1.60e-02,2.91e+01,
1379,-8.00e-03,2.91e+01,
1380,-1.60e-02,2.91e+01,
1381,-1.60e-02,2.91e+01,
1382,-1.60e-02,2.91e+01,
1383,-8.00e-03,2.91e+01,
1384,-1.60e-02,2.91e+01,
1385,-1.60e-02,2.91e+01,
1386,-8.00e-03,2.91e+01,
1387,-1.60e-02,2.91e+01,
1388,-1.60e-02,2.91e+01,
1389,-1.60e-02,2.91e+01,
1390,-1.60e-02,2.91e+01,
1391,-1.60e-02,2.91e+01,
1392,-1.60e-02,2.91e+01,
1393,-1.60e-02,2.91e+01,
1394,-1.60e-02,2.91e+01,
1395,-8.00e-03,2.91e+01,
1396,-1.60e-02,2.91e+01,
1397,-1.60e-02,2.91e+01,
1398,-1.60e-02,2.91e+01,
1399,-8.00e-03,2.91e+01,
1400,-1.60e-02,2.91e+01,
1401,-1.60e-02,2.91e+01,
1402,-1.60e-02,2.91e+01,
1403,-1.60e-02,2.91e+01,
1404,-1.60e-02,2.91e+01,
1405,-1.60e-02,2.91e+01,
1406,-1.60e-02,2.91e+01,
1407,-1.60e-02,2.91e+01,
1408,-1.60e-02,2.91e+01,
1409,-1.60e-02,2.91e+01,
1410,-1.60e-02,2.91e+01,
1411,-8.00e-03,2.91e+01,
1412,-1.60e-02,2.91e+01,
1413,-1.60e-02,2.91e+01,
1414,-1.60e-02,2.91e+01,
1415,-1.60e-02,2.91e+01,
1416,-1.60e-02,2.91e+01,
1417,-1.60e-02,2.91e+01,
1418,-1.60e-02,2.91e+01,
1419,-1.60e-02,2.91e+01,
1420,-1.60e-02,2.91e+01,
1421,-1.60e-02,2.91e+01,
1422,-1.60e-02,2.91e+01,
1423,-1.60e-02,2.91e+01,
1424,-1.60e-02,2.91e+01,
1425,-1.60e-02,2.91e+01,
1426,-1.60e-02,2.91e+01,
1427,-8.00e-03,2.91e+01,
1428,-1.60e-02,2.91e+01,
1429,-1.60e-02,2.91e+01,
1430,-1.60e-02,2.91e+01,
1431,-1.60e-02,2.91e+01,
1432,-1.60e-02,2.91e+01,
1433,-1.60e-02,2.91e+01,
1434,-1.60e-02,2.91e+01,
1435,-8.00e-03,2.91e+01,
1436,-1.60e-02,2.91e+01,
1437,-1.60e-02,2.91e+01,
1438,-1.60e-02,2.91e+01,
1439,-8.00e-03,2.91e+01,
1440,-1.60e-02,2.87e+01,
1441,-1.60e-02,2.91e+01,
1442,-1.60e-02,2.91e+01,
1443,-1.60e-02,2.91e+01,
1444,-1.60e-02,2.91e+01,
1445,-1.60e-02,2.91e+01,
1446,-1.60e-02,2.91e+01,
1447,-8.00e-03,2.91e+01,
1448,-1.60e-02,2.91e+01,
1449,-1.60e-02,2.91e+01,
1450,-1.60e-02,2.91e+01,
1451,-8.00e-03,2.91e+01,
1452,-1.60e-02,2.91e+01,
1453,-1.60e-02,2.91e+01,
1454,-1.60e-02,2.91e+01,
1455,-8.00e-03,2.91e+01,
1456,-1.60e-02,2.87e+01,
1457,-1.60e-02,2.91e+01,
1458,-1.60e-02,2.91e+01,
1459,-1.60e-02,2.91e+01,
1460,-1.60e-02,2.87e+01,
1461,-1.60e-02,2.87e+01,
1462,-1.60e-02,2.91e+01,
1463,-8.00e-03,2.91e+01,
1464,-1.60e-02,2.91e+01,
1465,-1.60e-02,2.91e+01,
1466,-1.60e-02,2.91e+01,
1467,-1.60e-02,2.91e+01,
1468,-1.60e-02,2.91e+01,
1469,-1.60e-02,2.87e+01,
1470,-1.60e-02,2.91e+01,
1471,-1.60e-02,2.91e+01,
1472,-1.60e-02,2.91e+01,
1473,-1.60e-02,2.87e+01,
1474,-1.60e-02,2.91e+01,
1475,-1.60e-02,2.91e+01,
1476,-1.60e-02,2.87e+01,
1477,-1.60e-02,2.87e+01,
1478,-1.60e-02,2.91e+01,
1479,-1.60e-02,2.91e+01,
1480,-1.60e-02,2.91e+01,
1481,-1.60e-02,2.87e+01,
1482,-1.60e-02,2.91e+01,
1483,-1.60e-02,2.91e+01,
1484,-1.60e-02,2.91e+01,
1485,-1.60e-02,2.91e+01,
1486,-1.60e-02,2.91e+01,
1487,-8.00e-03,2.87e+01,
1488,-1.60e-02,2.91e+01,
1489,-1.60e-02,2.91e+01,
1490,-1.60e-02,2.91e+01,
1491,-8.00e-03,2.91e+01,
1492,-1.60e-02,2.91e+01,
1493,-1.60e-02,2.91e+01,
1494,-1.60e-02,2.91e+01,
1495,-8.00e-03,2.91e+01,
1496,-1.60e-02,2.91e+01,
1497,-1.60e-02,2.91e+01,
1498,-1.60e-02,2.91e+01,
1499,-8.00e-03,2.91e+01,
1500,-1.60e-02,2.91e+01,
1501,-1.60e-02,2.87e+01,
1502,-1.60e-02,2.91e+01,
1503,-1.60e-02,2.91e+01,
1504,-1.60e-02,2.87e+01,
1505,-1.60e-02,2.91e+01,
1506,-1.60e-02,2.91e+01,
1507,-1.60e-02,2.91e+01,
1508,-1.60e-02,2.91e+01,
1509,-1.60e-02,2.87e+01,
1510,-8.00e-03,2.91e+01,
1511,-8.00e-03,2.87e+01,
1512,-1.60e-02,2.91e+01,
1513,-1.60e-02,2.91e+01,
1514,-1.60e-02,2.91e+01,
1515,-1.60e-02,2.91e+01,
1516,-1.60e-02,2.87e+01,
1517,-1.60e-02,2.87e+01,
1518,-1.60e-02,2.91e+01,
1519,-8.00e-03,2.91e+01,
1520,-1.60e-02,2.91e+01,
1521,-1.60e-02,2.91e+01,
1522,-1.60e-02,2.91e+01,
1523,-1.60e-02,2.91e+01,
1524,-1.60e-02,2.91e+01,
1525,-1.60e-02,2.91e+01,
1526,-1.60e-02,2.91e+01,
1527,-8.00e-03,2.91e+01,
1528,-1.60e-02,2.91e+01,
1529,-1.60e-02,2.87e+01,
1530,-1.60e-02,2.91e+01,
1531,-1.60e-02,2.87e+01,
1532,-1.60e-02,2.91e+01,
1533,-1.60e-02,2.87e+01,
1534,-1.60e-02,2.91e+01,
1535,-1.60e-02,2.91e+01,
1536,-1.60e-02,2.87e+01,
1537,-1.60e-02,2.87e+01,
1538,-1.60e-02,2.91e+01,
1539,-1.60e-02,2.91e+01,
1540,-1.60e-02,2.91e+01,
1541,-1.60e-02,2.91e+01,
1542,-1.60e-02,2.91e+01,
1543,-1.60e-02,2.87e+01,
1544,-1.60e-02,2.87e+01,
1545,-1.60e-02,2.87e+01,
1546,-1.60e-02,2.91e+01,
1547,-1.60e-02,2.91e+01,
1548,-1.60e-02,2.87e+01,
1549,-1.60e-02,2.87e+01,
1550,-1.60e-02,2.91e+01,
1551,-1.60e-02,2.91e+01,
1552,-1.60e-02,2.91e+01,
1553,-1.60e-02,2.91e+01,
1554,-1.60e-02,2.91e+01,
1555,-8.00e-03,2.91e+01,
1556,-1.60e-02,2.87e+01,
1557,-1.60e-02,2.87e+01,
1558,-1.60e-02,2.91e+01,
1559,-1.60e-02,2.91e+01,
1560,-1.60e-02,2.87e+01,
1561,-1.60e-02,2.87e+01,
1562,-1.60e-02,2.91e+01,
1563,-1.60e-02,2.87e+01,
1564,-1.60e-02,2.87e+01,
1565,-1.60e-02,2.87e+01,
1566,-1.60e-02,2.91e+01,
1567,-1.60e-02,2.91e+01,
1568,-1.60e-02,2.87e+01,
1569,-1.60e-02,2.87e+01,
1570,-8.00e-03,2.91e+01,
1571,-8.00e-03,2.91e+01,
1572,-1.60e-02,2.87e+01,
1573,-1.60e-02,2.87e+01,
1574,-1.60e-02,2.91e+01,
1575,-8.00e-03,2.91e+01,
1576,-1.60e-02,2.91e+01,
1577,-1.60e-02,2.87e+01,
1578,-1.60e-02,2.91e+01,
1579,-1.60e-02,2.91e+01,
1580,-1.60e-02,2.87e+01,
1581,-1.60e-02,2.87e+01,
1582,-1.60e-02,2.91e+01,
1583,-1.60e-02,2.87e+01,
1584,-1.60e-02,2.87e+01,
1585,-1.60e-02,2.87e+01,
1586,-1.60e-02,2.91e+01,
1587,-1.60e-02,2.91e+01,
1588,-1.60e-02,2.87e+01,
1589,-1.60e-02,2.87e+01,
1590,-1.60e-02,2.91e+01,
1591,-8.00e-03,2.87e+01,
1592,-1.60e-02,2.87e+01,
1593,-1.60e-02,2.87e+01,
1594,-1.60e-02,2.87e+01,
1595,-1.60e-02,2.87e+01,
1596,-1.60e-02,2.87e+01,
1597,-1.60e-02,2.87e+01,
1598,-1.60e-02,2.91e+01,
1599,-1.60e-02,2.87e+01,
1600,-1.60e-02,2.87e+01,
1601,-1.60e-02,2.87e+01,
1602,-1.60e-02,2.91e+01,
1603,-8.00e-03,2.87e+01,
1604,-1.60e-02,2.87e+01,
1605,-1.60e-02,2.87e+01,
1606,-1.60e-02,2.91e+01,
1607,-1.60e-02,2.87e+01,
1608,-1.60e-02,2.87e+01,
1609,-1.60e-02,2.87e+01,
1610,-1.60e-02,2.91e+01,
1611,-1.60e-02,2.87e+01,
1612,-1.60e-02,2.87e+01,
1613,-1.60e-02,2.87e+01,
1614,-1.60e-02,2.91e+01,
1615,-8.00e-03,2.87e+01,
1616,-1.60e-02,2.87e+01,
1617,-1.60e-02,2.87e+01,
1618,-1.60e-02,2.91e+01,
1619,-8.00e-03,2.91e+01,
1620,-1.60e-02,2.87e+01,
1621,-1.60e-02,2.87e+01,
1622,-1.60e-02,2.91e+01,
1623,-8.00e-03,2.87e+01,
1624,-1.60e-02,2.91e+01,
1625,-1.60e-02,2.87e+01,
1626,-1.60e-02,2.91e+01,
1627,-8.00e-03,2.91e+01,
1628,-1.60e-02,2.91e+01,
1629,-1.60e-02,2.87e+01,
1630,-1.60e-02,2.91e+01,
1631,-1.60e-02,2.91e+01,
1632,-1.60e-02,2.87e+01,
1633,-1.60e-02,2.87e+01,
1634,-1.60e-02,2.91e+01,
1635,-8.00e-03,2.91e+01,
1636,-1.60e-02,2.87e+01,
1637,-1.60e-02,2.87e+01,
1638,-1.60e-02,2.91e+01,
1639,-1.60e-02,2.91e+01,
1640,-1.60e-02,2.87e+01,
1641,-1.60e-02,2.87e+01,
1642,-1.60e-02,2.87e+01,
1643,-1.60e-02,2.87e+01,
1644,-1.60e-02,2.87e+01,
1645,-1.60e-02,2.87e+01,
1646,-1.60e-02,2.91e+01,
1647,-8.00e-03,2.91e+01,
1648,-1.60e-02,2.87e+01,
1649,-1.60e-02,2.87e+01,
1650,-1.60e-02,2.91e+01,
1651,-1.60e-02,2.87e+01,
1652,-1.60e-02,2.87e+01,
1653,-1.60e-02,2.87e+01,
1654,-1.60e-02,2.91e+01,
1655,-8.00e-03,2.87e+01,
1656,-1.60e-02,2.87e+01,
1657,-1.60e-02,2.87e+01,
1658,-1.60e-02,2.91e+01,
1659,-8.00e-03,2.87e+01,
1660,-1.60e-02,2.87e+01,
1661,-1.60e-02,2.87e+01,
1662,-1.60e-02,2.91e+01,
1663,-1.60e-02,2.87e+01,
1664,-1.60e-02,2.87e+01,
1665,-1.60e-02,2.87e+01,
1666,-1.60e-02,2.91e+01,
1667,-8.00e-03,2.91e+01,
1668,-1.60e-02,2.87e+01,
1669,-1.60e-02,2.87e+01,
1670,-1.60e-02,2.91e+01,
1671,-1.60e-02,2.87e+01,
1672,-1.60e-02,2.87e+01,
1673,-1.60e-02,2.87e+01,
1674,-1.60e-02,2.91e+01,
1675,-1.60e-02,2.91e+01,
1676,-1.60e-02,2.87e+01,
1677,-1.60e-02,2.87e+01,
1678,-1.60e-02,2.91e+01,
1679,-1.60e-02,2.87e+01,
1680,-1.60e-02,2.87e+01,
1681,-1.60e-02,2.87e+01,
1682,-1.60e-02,2.91e+01,
1683,-8.00e-03,2.87e+01,
1684,-1.60e-02,2.87e+01,
1685,-1.60e-02,2.87e+01,
1686,-1.60e-02,2.91e+01,
1687,-8.00e-03,2.87e+01,
1688,-1.60e-02,2.87e+01,
1689,-1.60e-02,2.87e+01,
1690,-1.60e-02,2.91e+01,
1691,-8.00e-03,2.87e+01,
1692,-1.60e-02,2.87e+01,
1693,-1.60e-02,2.87e+01,
1694,-1.60e-02,2.91e+01,
1695,-8.00e-03,2.87e+01,
1696,-1.60e-02,2.87e+01,
1697,-1.60e-02,2.87e+01,
1698,-1.60e-02,2.91e+01,
1699,-8.00e-03,2.87e+01,
1700,-1.60e-02,2.87e+01,
1701,-1.60e-02,2.87e+01,
1702,-1.60e-02,2.87e+01,
1703,-1.60e-02,2.87e+01,
1704,-1.60e-02,2.87e+01,
1705,-1.60e-02,2.87e+01,
1706,-1.60e-02,2.87e+01,
1707,-8.00e-03,2.87e+01,
1708,-1.60e-02,2.87e+01,
1709,-1.60e-02,2.87e+01,
1710,-1.60e-02,2.87e+01,
1711,-1.60e-02,2.87e+01,
1712,-1.60e-02,2.87e+01,
1713,-1.60e-02,2.87e+01,
1714,-1.60e-02,2.87e+01,
1715,-1.60e-02,2.87e+01,
1716,-1.60e-02,2.87e+01,
1717,-1.60e-02,2.87e+01,
1718,-1.60e-02,2.91e+01,
1719,-8.00e-03,2.87e+01,
1720,-1.60e-02,2.87e+01,
1721,-1.60e-02,2.87e+01,
1722,-1.60e-02,2.87e+01,
1723,-8.00e-03,2.87e+01,
1724,-1.60e-02,2.87e+01,
1725,-1.60e-02,2.87e+01,
1726,-1.60e-02,2.87e+01,
1727,-1.60e-02,2.87e+01,
1728,-1.60e-02,2.87e+01,
1729,-1.60e-02,2.87e+01,
1730,-1.60e-02,2.87e+01,
1731,-8.00e-03,2.87e+01,
1732,-1.60e-02,2.87e+01,
1733,-1.60e-02,2.87e+01,
1734,-1.60e-02,2.87e+01,
1735,-1.60e-02,2.87e+01,
1736,-1.60e-02,2.87e+01,
1737,-1.60e-02,2.87e+01,
1738,-1.60e-02,2.87e+01,
1739,-1.60e-02,2.87e+01,
1740,-1.60e-02,2.87e+01,
1741,-1.60e-02,2.87e+01,
1742,-1.60e-02,2.87e+01,
1743,-8.00e-03,2.87e+01,
1744,-1.60e-02,2.87e+01,
1745,-1.60e-02,2.87e+01,
1746,-1.60e-02,2.87e+01,
1747,-8.00e-03,2.87e+01,
1748,-1.60e-02,2.87e+01,
1749,-1.60e-02,2.87e+01,
1750,-1.60e-02,2.87e+01,
1751,-1.60e-02,2.87e+01,
1752,-1.60e-02,2.87e+01,
1753,-1.60e-02,2.87e+01,
1754,-1.60e-02,2.87e+01,
1755,-1.60e-02,2.87e+01,
1756,-1.60e-02,2.87e+01,
1757,-1.60e-02,2.87e+01,
1758,-1.60e-02,2.87e+01,
1759,-1.60e-02,2.87e+01,
1760,-1.60e-02,2.87e+01,
1761,-1.60e-02,2.87e+01,
1762,-1.60e-02,2.87e+01,
1763,-1.60e-02,2.87e+01,
1764,-1.60e-02,2.87e+01,
1765,-1.60e-02,2.87e+01,
1766,-1.60e-02,2.87e+01,
1767,-1.60e-02,2.87e+01,
1768,-1.60e-02,2.87e+01,
1769,-1.60e-02,2.87e+01,
1770,-1.60e-02,2.87e+01,
1771,-1.60e-02,2.87e+01,
1772,-1.60e-02,2.87e+01,
1773,-1.60e-02,2.87e+01,
1774,-1.60e-02,2.87e+01,
1775,-8.00e-03,2.87e+01,
1776,-1.60e-02,2.87e+01,
1777,-1.60e-02,2.87e+01,
1778,-1.60e-02,2.87e+01,
1779,-1.60e-02,2.87e+01,
1780,-1.60e-02,2.87e+01,
1781,-1.60e-02,2.87e+01,
1782,-1.60e-02,2.87e+01,
1783,-1.60e-02,2.87e+01,
1784,-1.60e-02,2.87e+01,
1785,-1.60e-02,2.87e+01,
1786,-1.60e-02,2.87e+01,
1787,-8.00e-03,2.87e+01,
1788,-1.60e-02,2.87e+01,
1789,-1.60e-02,2.87e+01,
1790,-1.60e-02,2.87e+01,
1791,-1.60e-02,2.87e+01,
1792,-1.60e-02,2.87e+01,
1793,-1.60e-02,2.87e+01,
1794,-1.60e-02,2.87e+01,
1795,-8.00e-03,2.87e+01,
1796,-1.60e-02,2.87e+01,
1797,-1.60e-02,2.87e+01,
1798,-1.60e-02,2.91e+01,
1799,-8.00e-03,2.87e+01,
1800,-1.60e-02,2.87e+01,
1801,-1.60e-02,2.87e+01,
1802,-1.60e-02,2.87e+01,
1803,-1.60e-02,2.87e+01,
1804,-1.60e-02,2.87e+01,
1805,-1.60e-02,2.87e+01,
1806,-1.60e-02,2.87e+01,
1807,-1.60e-02,2.87e+01,
1808,-1.60e-02,2.87e+01,
1809,-1.60e-02,2.87e+01,
1810,-1.60e-02,2.87e+01,
1811,-1.60e-02,2.87e+01,
1812,-1.60e-02,2.87e+01,
1813,-1.60e-02,2.87e+01,
1814,-1.60e-02,2.87e+01,
1815,-1.60e-02,2.87e+01,
1816,-1.60e-02,2.87e+01,
1817,-1.60e-02,2.87e+01,
1818,-1.60e-02,2.87e+01,
1819,-8.00e-03,2.87e+01,
1820,-1.60e-02,2.87e+01,
1821,-1.60e-02,2.87e+01,
1822,-1.60e-02,2.87e+01,
1823,-1.60e-02,2.87e+01,
1824,-1.60e-02,2.87e+01,
1825,-1.60e-02,2.87e+01,
1826,-1.60e-02,2.87e+01,
1827,-8.00e-03,2.87e+01,
1828,-1.60e-02,2.87e+01,
1829,-1.60e-02,2.87e+01,
1830,-1.60e-02,2.87e+01,
1831,-8.00e-03,2.87e+01,
1832,-1.60e-02,2.87e+01,
1833,-1.60e-02,2.87e+01,
1834,-1.60e-02,2.87e+01,
1835,-8.00e-03,2.87e+01,
1836,-1.60e-02,2.87e+01,
1837,-1.60e-02,2.87e+01,
1838,-1.60e-02,2.87e+01,
1839,-1.60e-02,2.87e+01,
1840,-1.60e-02,2.87e+01,
1841,-1.60e-02,2.87e+01,
1842,-1.60e-02,2.87e+01,
1843,-1.60e-02,2.87e+01,
1844,-1.60e-02,2.87e+01,
1845,-1.60e-02,2.87e+01,
1846,-1.60e-02,2.87e+01,
1847,-1.60e-02,2.87e+01,
1848,-1.60e-02,2.87e+01,
1849,-1.60e-02,2.87e+01,
1850,-1.60e-02,2.87e+01,
1851,-8.00e-03,2.87e+01,
1852,-1.60e-02,2.87e+01,
1853,-1.60e-02,2.87e+01,
1854,-1.60e-02,2.87e+01,
1855,-1.60e-02,2.87e+01,
1856,-1.60e-02,2.87e+01,
1857,-1.60e-02,2.87e+01,
1858,-1.60e-02,2.87e+01,
1859,-8.00e-03,2.87e+01,
1860,-1.60e-02,2.87e+01,
1861,-1.60e-02,2.87e+01,
1862,-1.60e-02,2.87e+01,
1863,-8.00e-03,2.87e+01,
1864,-1.60e-02,2.87e+01,
1865,-1.60e-02,2.87e+01,
1866,-1.60e-02,2.87e+01,
1867,-8.00e-03,2.87e+01,
1868,-1.60e-02,2.87e+01,
1869,-1.60e-02,2.87e+01,
1870,-1.60e-02,2.87e+01,
1871,-1.60e-02,2.87e+01,
1872,-1.60e-02,2.87e+01,
1873,-1.60e-02,2.87e+01,
1874,-1.60e-02,2.87e+01,
1875,-8.00e-03,2.87e+01,
1876,-1.60e-02,2.87e+01,
1877,-1.60e-02,2.87e+01,
1878,-1.60e-02,2.87e+01,
1879,-8.00e-03,2.87e+01,
1880,-1.60e-02,2.87e+01,
1881,-1.60e-02,2.87e+01,
1882,-1.60e-02,2.87e+01,
1883,-1.60e-02,2.87e+01,
1884,-1.60e-02,2.87e+01,
1885,-1.60e-02,2.87e+01,
1886,-1.60e-02,2.87e+01,
1887,-1.60e-02,2.87e+01,
1888,-1.60e-02,2.87e+01,
1889,-1.60e-02,2.87e+01,
1890,-1.60e-02,2.87e+01,
1891,-1.60e-02,2.87e+01,
1892,-1.60e-02,2.87e+01,
1893,-1.60e-02,2.87e+01,
1894,-1.60e-02,2.87e+01,
1895,-1.60e-02,2.87e+01,
1896,-1.60e-02,2.87e+01,
1897,-1.60e-02,2.87e+01,
1898,-1.60e-02,2.87e+01,
1899,-8.00e-03,2.87e+01,
1900,-1.60e-02,2.87e+01,
1901,-1.60e-02,2.87e+01,
1902,-1.60e-02,2.87e+01,
1903,-8.00e-03,2.87e+01,
1904,-1.60e-02,2.87e+01,
1905,-1.60e-02,2.87e+01,
1906,-1.60e-02,2.87e+01,
1907,-8.00e-03,2.87e+01,
1908,-1.60e-02,2.87e+01,
1909,-1.60e-02,2.87e+01,
1910,-1.60e-02,2.87e+01,
1911,-1.60e-02,2.87e+01,
1912,-1.60e-02,2.87e+01,
1913,-1.60e-02,2.87e+01,
1914,-1.60e-02,2.87e+01,
1915,-8.00e-03,2.87e+01,
1916,-1.60e-02,2.87e+01,
1917,-1.60e-02,2.87e+01,
1918,-1.60e-02,2.87e+01,
1919,-8.00e-03,2.87e+01,
1920,-1.60e-02,2.87e+01,
1921,-1.60e-02,2.87e+01,
1922,-1.60e-02,2.87e+01,
1923,-8.00e-03,2.87e+01,
1924,-1.60e-02,2.87e+01,
1925,-1.60e-02,2.87e+01,
1926,-1.60e-02,2.87e+01,
1927,-8.00e-03,2.87e+01,
1928,-1.60e-02,2.87e+01,
1929,-1.60e-02,2.87e+01,
1930,-1.60e-02,2.87e+01,
1931,-1.60e-02,2.87e+01,
1932,-1.60e-02,2.87e+01,
1933,-1.60e-02,2.87e+01,
1934,-1.60e-02,2.87e+01,
1935,-1.60e-02,2.87e+01,
1936,-1.60e-02,2.87e+01,
1937,-1.60e-02,2.87e+01,
1938,-1.60e-02,2.87e+01,
1939,-8.00e-03,2.87e+01,
1940,-1.60e-02,2.87e+01,
1941,-1.60e-02,2.87e+01,
1942,-1.60e-02,2.87e+01,
1943,-1.60e-02,2.87e+01,
1944,-1.60e-02,2.87e+01,
1945,-1.60e-02,2.87e+01,
1946,-1.60e-02,2.87e+01,
1947,-1.60e-02,2.87e+01,
1948,-1.60e-02,2.87e+01,
1949,-1.60e-02,2.87e+01,
1950,-1.60e-02,2.87e+01,
1951,-1.60e-02,2.87e+01,
1952,-1.60e-02,2.87e+01,
1953,-1.60e-02,2.87e+01,
1954,-1.60e-02,2.87e+01,
1955,-8.00e-03,2.87e+01,
1956,-1.60e-02,2.87e+01,
1957,-1.60e-02,2.87e+01,
1958,-1.60e-02,2.87e+01,
1959,-8.00e-03,2.87e+01,
1960,-1.60e-02,2.87e+01,
1961,-1.60e-02,2.87e+01,
1962,-1.60e-02,2.87e+01,
1963,-1.60e-02,2.87e+01,
1964,-1.60e-02,2.87e+01,
1965,-1.60e-02,2.87e+01,
1966,-1.60e-02,2.87e+01,
1967,-8.00e-03,2.87e+01,
1968,-1.60e-02,2.87e+01,
1969,-1.60e-02,2.87e+01,
1970,-1.60e-02,2.87e+01,
1971,-8.00e-03,2.87e+01,
1972,-1.60e-02,2.87e+01,
1973,-1.60e-02,2.87e+01,
1974,-1.60e-02,2.87e+01,
1975,-1.60e-02,2.87e+01,
1976,-1.60e-02,2.87e+01,
1977,-1.60e-02,2.87e+01,
1978,-1.60e-02,2.87e+01,
1979,-1.60e-02,2.87e+01,
1980,-1.60e-02,2.87e+01,
1981,-1.60e-02,2.87e+01,
1982,-1.60e-02,2.87e+01,
1983,-1.60e-02,2.87e+01,
1984,-1.60e-02,2.87e+01,
1985,-1.60e-02,2.87e+01,
1986,-1.60e-02,2.87e+01,
1987,-1.60e-02,2.87e+01,
1988,-1.60e-02,2.87e+01,
1989,-1.60e-02,2.87e+01,
1990,-1.60e-02,2.87e+01,
1991,-1.60e-02,2.87e+01,
1992,-1.60e-02,2.87e+01,
1993,-1.60e-02,2.87e+01,
1994,-1.60e-02,2.87e+01,
1995,-1.60e-02,2.87e+01,
1996,-1.60e-02,2.87e+01,
1997,-1.60e-02,2.87e+01,
1998,-1.60e-02,2.87e+01,
1999,-8.00e-03,2.87e+01,
2000,-1.60e-02,2.87e+01,
2001,-1.60e-02,2.87e+01,
2002,-1.60e-02,2.87e+01,
2003,-8.00e-03,2.87e+01,
2004,-1.60e-02,2.87e+01,
2005,-1.60e-02,2.87e+01,
2006,-1.60e-02,2.87e+01,
2007,-1.60e-02,2.87e+01,
2008,-1.60e-02,2.87e+01,
2009,-1.60e-02,2.87e+01,
2010,-1.60e-02,2.87e+01,
2011,-1.60e-02,2.87e+01,
2012,-1.60e-02,2.87e+01,
2013,-1.60e-02,2.87e+01,
2014,-1.60e-02,2.87e+01,
2015,-8.00e-03,2.87e+01,
2016,-1.60e-02,2.87e+01,
2017,-1.60e-02,2.87e+01,
2018,-1.60e-02,2.87e+01,
2019,-1.60e-02,2.87e+01,
2020,-1.60e-02,2.87e+01,
2021,-1.60e-02,2.87e+01,
2022,-1.60e-02,2.87e+01,
2023,-8.00e-03,2.87e+01,
2024,-1.60e-02,2.87e+01,
2025,-1.60e-02,2.87e+01,
2026,-1.60e-02,2.87e+01,
2027,-1.60e-02,2.87e+01,
2028,-1.60e-02,2.87e+01,
2029,-8.00e-03,2.87e+01,
2030,-1.60e-02,2.87e+01,
2031,-1.60e-02,2.87e+01,
2032,-1.60e-02,2.87e+01,
2033,-1.60e-02,2.79e+01,
2034,-1.60e-02,2.87e+01,
2035,-8.00e-03,2.87e+01,
2036,-1.60e-02,2.87e+01,
2037,-1.60e-02,2.87e+01,
2038,-1.60e-02,2.87e+01,
2039,-1.60e-02,2.87e+01,
2040,-1.60e-02,2.87e+01,
2041,-1.60e-02,2.87e+01,
2042,-1.60e-02,2.87e+01,
2043,-8.00e-03,2.87e+01,
2044,-1.60e-02,2.87e+01,
2045,-1.60e-02,2.87e+01,
2046,-1.60e-02,2.87e+01,
2047,-8.00e-03,2.87e+01,
2048,-1.60e-02,2.79e+01,
2049,-1.60e-02,2.87e+01,
2050,-1.60e-02,2.87e+01,
2051,-8.00e-03,2.87e+01,
2052,-1.60e-02,2.87e+01,
2053,-1.60e-02,2.79e+01,
2054,-1.60e-02,2.87e+01,
2055,-1.60e-02,2.87e+01,
2056,-1.60e-02,2.87e+01,
2057,-1.60e-02,2.79e+01,
2058,-1.60e-02,2.87e+01,
2059,-8.00e-03,2.87e+01,
2060,-1.60e-02,2.87e+01,
2061,-1.60e-02,2.87e+01,
2062,-1.60e-02,2.87e+01,
2063,-8.00e-03,2.87e+01,
2064,-1.60e-02,2.79e+01,
2065,-1.60e-02,2.87e+01,
2066,-1.60e-02,2.87e+01,
2067,-8.00e-03,2.79e+01,
2068,-1.60e-02,2.87e+01,
2069,-1.60e-02,2.79e+01,
2070,-1.60e-02,2.87e+01,
2071,-8.00e-03,2.87e+01,
2072,-1.60e-02,2.87e+01,
2073,-1.60e-02,2.87e+01,
2074,-1.60e-02,2.87e+01,
2075,-8.00e-03,2.87e+01,
2076,-1.60e-02,2.87e+01,
2077,-1.60e-02,2.87e+01,
2078,-1.60e-02,2.87e+01,
2079,-8.00e-03,2.87e+01,
2080,-1.60e-02,2.87e+01,
2081,-1.60e-02,2.79e+01,
2082,-1.60e-02,2.87e+01,
2083,-8.00e-03,2.87e+01,
2084,-1.60e-02,2.87e+01,
2085,-1.60e-02,2.79e+01,
2086,-1.60e-02,2.87e+01,
2087,-1.60e-02,2.87e+01,
2088,-1.60e-02,2.79e+01,
2089,-1.60e-02,2.79e+01,
2090,-1.60e-02,2.87e+01,
2091,-1.60e-02,2.87e+01,
2092,-1.60e-02,2.87e+01,
2093,-1.60e-02,2.79e+01,
2094,-1.60e-02,2.87e+01,
2095,-8.00e-03,2.87e+01,
2096,-1.60e-02,2.87e+01,
2097,-1.60e-02,2.87e+01,
2098,-1.60e-02,2.87e+01,
2099,-8.00e-03,2.87e+01,
2100,-1.60e-02,2.87e+01,
2101,-1.60e-02,2.79e+01,
2102,-1.60e-02,2.87e+01,
2103,-1.60e-02,2.87e+01,
2104,-1.60e-02,2.87e+01,
2105,-1.60e-02,2.79e+01,
2106,-1.60e-02,2.87e+01,
2107,-1.60e-02,2.79e+01,
2108,-1.60e-02,2.79e+01,
2109,-1.60e-02,2.87e+01,
2110,-1.60e-02,2.87e+01,
2111,-1.60e-02,2.87e+01,
2112,-1.60e-02,2.79e+01,
2113,-1.60e-02,2.87e+01,
2114,-1.60e-02,2.79e+01,
2115,-8.00e-03,2.87e+01,
2116,-1.60e-02,2.79e+01,
2117,-1.60e-02,2.79e+01,
2118,-1.60e-02,2.87e+01,
2119,-1.60e-02,2.87e+01,
2120,-1.60e-02,2.79e+01,
2121,-1.60e-02,2.79e+01,
2122,-1.60e-02,2.87e+01,
2123,-8.00e-03,2.79e+01,
2124,-1.60e-02,2.79e+01,
2125,-1.60e-02,2.79e+01,
2126,-1.60e-02,2.87e+01,
2127,-8.00e-03,2.79e+01,
2128,-1.60e-02,2.79e+01,
2129,-1.60e-02,2.79e+01,
2130,-1.60e-02,2.79e+01,
2131,-8.00e-03,2.79e+01,
2132,-1.60e-02,2.79e+01,
2133,-1.60e-02,2.79e+01,
2134,-1.60e-02,2.87e+01,
2135,-1.60e-02,2.79e+01,
2136,-1.60e-02,2.79e+01,
2137,-1.60e-02,2.79e+01,
2138,-1.60e-02,2.79e+01,
2139,-1.60e-02,2.79e+01,
2140,-1.60e-02,2.79e+01,
2141,-1.60e-02,2.79e+01,
2142,-1.60e-02,2.87e+01,
2143,-1.60e-02,2.79e+01,
2144,-1.60e-02,2.79e+01,
2145,-1.60e-02,2.79e+01,
2146,-1.60e-02,2.79e+01,
2147,-8.00e-03,2.79e+01,
2148,-1.60e-02,2.79e+01,
2149,-1.60e-02,2.79e+01,
2150,-1.60e-02,2.79e+01,
2151,-1.60e-02,2.79e+01,
2152,-1.60e-02,2.79e+01,
2153,-1.60e-02,2.79e+01,
2154,-1.60e-02,2.79e+01,
2155,-1.60e-02,2.79e+01,
2156,-1.60e-02,2.79e+01,
2157,-1.60e-02,2.79e+01,
2158,-1.60e-02,2.79e+01,
2159,-1.60e-02,2.75e+01,
2160,-1.60e-02,2.75e+01,
2161,-1.60e-02,2.75e+01,
2162,-1.60e-02,2.75e+01,
2163,-1.60e-02,2.75e+01,
2164,-1.60e-02,2.75e+01,
2165,-1.60e-02,2.75e+01,
2166,-1.60e-02,2.75e+01,
2167,-1.60e-02,2.75e+01,
2168,-1.60e-02,2.75e+01,
2169,-1.60e-02,2.71e+01,
2170,-1.60e-02,2.71e+01,
2171,-1.60e-02,2.71e+01,
2172,-1.60e-02,2.71e+01,
2173,-1.60e-02,2.71e+01,
2174,-1.60e-02,2.71e+01,
2175,-1.60e-02,2.71e+01,
2176,-1.60e-02,2.67e+01,
2177,-1.60e-02,2.67e+01,
2178,-1.60e-02,2.67e+01,
2179,-1.60e-02,2.67e+01,
2180,-1.60e-02,2.67e+01,
2181,-1.60e-02,2.63e+01,
2182,-1.60e-02,2.63e+01,
2183,-8.00e-03,2.63e+01,
2184,-1.60e-02,2.63e+01,
2185,-1.60e-02,2.63e+01,
2186,-1.60e-02,2.63e+01,
2187,-1.60e-02,2.63e+01,
2188,-1.60e-02,2.59e+01,
2189,-1.60e-02,2.59e+01,
2190,-1.60e-02,2.59e+01,
2191,-1.60e-02,2.59e+01,
2192,-1.60e-02,2.55e+01,
2193,-1.60e-02,2.55e+01,
2194,-1.60e-02,2.55e+01,
2195,-1.60e-02,2.55e+01,
2196,-1.60e-02,2.51e+01,
2197,-1.60e-02,2.51e+01,
2198,-1.60e-02,2.51e+01,
2199,-1.60e-02,2.51e+01,
2200,-1.60e-02,2.51e+01,
2201,-1.60e-02,2.51e+01,
2202,-1.60e-02,2.47e+01,
2203,-1.60e-02,2.47e+01,
2204,-1.60e-02,2.47e+01,
2205,-1.60e-02,2.43e+01,
2206,-1.60e-02,2.47e+01,
2207,-1.60e-02,2.43e+01,
2208,-1.60e-02,2.43e+01,
2209,-1.60e-02,2.39e+01,
2210,-1.60e-02,2.39e+01,
2211,-1.60e-02,2.39e+01,
2212,-1.60e-02,2.39e+01,
2213,-1.60e-02,2.35e+01,
2214,-1.60e-02,2.35e+01,
2215,-1.60e-02,2.35e+01,
2216,-1.60e-02,2.35e+01,
2217,-1.60e-02,2.31e+01,
2218,-1.60e-02,2.35e+01,
2219,-1.60e-02,2.31e+01,
2220,-1.60e-02,2.31e+01,
2221,-1.60e-02,2.27e+01,
2222,-1.60e-02,2.27e+01,
2223,-1.60e-02,2.27e+01,
2224,-1.60e-02,2.19e+01,
2225,-1.60e-02,2.19e+01,
2226,-1.60e-02,2.19e+01,
2227,-1.60e-02,2.19e+01,
2228,-1.60e-02,2.15e+01,
2229,-1.60e-02,2.15e+01,
2230,-1.60e-02,2.15e+01,
2231,-1.60e-02,2.15e+01,
2232,-1.60e-02,2.11e+01,
2233,-1.60e-02,2.11e+01,
2234,-1.60e-02,2.11e+01,
2235,-1.60e-02,2.11e+01,
2236,-1.60e-02,2.07e+01,
2237,-1.60e-02,2.07e+01,
2238,-1.60e-02,2.07e+01,
2239,-1.60e-02,2.03e+01,
2240,-1.60e-02,2.03e+01,
2241,-1.60e-02,2.03e+01,
2242,-1.60e-02,2.03e+01,
2243,-1.60e-02,1.99e+01,
2244,-1.60e-02,1.99e+01,
2245,-1.60e-02,1.95e+01,
2246,-1.60e-02,1.99e+01,
2247,-1.60e-02,1.95e+01,
2248,-1.60e-02,1.91e+01,
2249,-1.60e-02,1.95e+01,
2250,-1.60e-02,1.91e+01,
2251,-1.60e-02,1.91e+01,
2252,-1.60e-02,1.87e+01,
2253,-1.60e-02,1.87e+01,
2254,-1.60e-02,1.87e+01,
2255,-1.60e-02,1.87e+01,
2256,-1.60e-02,1.83e+01,
2257,-1.60e-02,1.83e+01,
2258,-1.60e-02,1.83e+01,
2259,-1.60e-02,1.83e+01,
2260,-1.60e-02,1.79e+01,
2261,-1.60e-02,1.79e+01,
2262,-1.60e-02,1.79e+01,
2263,-1.60e-02,1.79e+01,
2264,-1.60e-02,1.75e+01,
2265,-1.60e-02,1.75e+01,
2266,-1.60e-02,1.75e+01,
2267,-1.60e-02,1.75e+01,
2268,-1.60e-02,1.71e+01,
2269,-1.60e-02,1.71e+01,
2270,-1.60e-02,1.71e+01,
2271,-1.60e-02,1.71e+01,
2272,-1.60e-02,1.67e+01,
2273,-1.60e-02,1.67e+01,
2274,-1.60e-02,1.67e+01,
2275,-1.60e-02,1.59e+01,
2276,-1.60e-02,1.59e+01,
2277,-1.60e-02,1.59e+01,
2278,-1.60e-02,1.59e+01,
2279,-1.60e-02,1.55e+01,
2280,-1.60e-02,1.55e+01,
2281,-1.60e-02,1.55e+01,
2282,-1.60e-02,1.55e+01,
2283,-8.00e-03,1.55e+01,
2284,-1.60e-02,1.51e+01,
2285,-1.60e-02,1.47e+01,
2286,-1.60e-02,1.51e+01,
2287,-1.60e-02,1.47e+01,
2288,-1.60e-02,1.47e+01,
2289,-1.60e-02,1.47e+01,
2290,-1.60e-02,1.47e+01,
2291,-1.60e-02,1.43e+01,
2292,-1.60e-02,1.43e+01,
2293,-1.60e-02,1.43e+01,
2294,-1.60e-02,1.43e+01,
2295,-1.60e-02,1.39e+01,
2296,-1.60e-02,1.39e+01,
2297,-1.60e-02,1.39e+01,
2298,-1.60e-02,1.39e+01,
2299,-1.60e-02,1.35e+01,
2300,-1.60e-02,1.35e+01,
2301,-1.60e-02,1.35e+01,
2302,-1.60e-02,1.35e+01,
2303,-1.60e-02,1.31e+01,
2304,-1.60e-02,1.31e+01,
2305,-1.60e-02,1.31e+01,
2306,-1.60e-02,1.31e+01,
2307,-1.60e-02,1.31e+01,
2308,-1.60e-02,1.27e+01,
2309,-1.60e-02,1.27e+01,
2310,-1.60e-02,1.27e+01,
2311,-1.60e-02,1.27e+01,
2312,-1.60e-02,1.23e+01,
2313,-1.60e-02,1.23e+01,
2314,-1.60e-02,1.23e+01,
2315,-1.60e-02,1.23e+01,
2316,-1.60e-02,1.19e+01,
2317,-1.60e-02,1.19e+01,
2318,-1.60e-02,1.19e+01,
2319,-1.60e-02,1.19e+01,
2320,-1.60e-02,1.19e+01,
2321,-1.60e-02,1.19e+01,
2322,-1.60e-02,1.15e+01,
2323,-1.60e-02,1.15e+01,
2324,-1.60e-02,1.15e+01,
2325,-1.60e-02,1.15e+01,
2326,-1.60e-02,1.15e+01,
2327,-1.60e-02,1.11e+01,
2328,-1.60e-02,1.11e+01,
2329,-1.60e-02,1.11e+01,
2330,-1.60e-02,1.11e+01,
2331,-1.60e-02,1.11e+01,
2332,-1.60e-02,1.07e+01,
2333,-1.60e-02,1.07e+01,
2334,-1.60e-02,1.07e+01,
2335,-1.60e-02,1.07e+01,
2336,-1.60e-02,9.90e+00,
2337,-1.60e-02,1.07e+01,
2338,-1.60e-02,1.07e+01,
2339,-8.00e-03,9.90e+00,
2340,-1.60e-02,9.90e+00,
2341,-1.60e-02,9.90e+00,
2342,-1.60e-02,9.90e+00,
2343,-1.60e-02,9.90e+00,
2344,-1.60e-02,9.50e+00,
2345,-1.60e-02,9.50e+00,
2346,-1.60e-02,9.50e+00,
2347,-1.60e-02,9.50e+00,
2348,-1.60e-02,9.50e+00,
2349,-1.60e-02,9.50e+00,
2350,-1.60e-02,9.50e+00,
2351,-1.60e-02,9.50e+00,
2352,-1.60e-02,9.10e+00,
2353,-1.60e-02,9.10e+00,
2354,-1.60e-02,9.10e+00,
2355,-1.60e-02,9.10e+00,
2356,-1.60e-02,8.70e+00,
2357,-1.60e-02,9.10e+00,
2358,-1.60e-02,9.10e+00,
2359,-1.60e-02,9.10e+00,
2360,-1.60e-02,8.70e+00,
2361,-1.60e-02,8.70e+00,
2362,-1.60e-02,8.70e+00,
2363,-8.00e-03,8.70e+00,
2364,-1.60e-02,8.70e+00,
2365,-1.60e-02,8.70e+00,
2366,-1.60e-02,8.70e+00,
2367,-1.60e-02,8.30e+00,
2368,-1.60e-02,8.30e+00,
2369,-1.60e-02,8.30e+00,
2370,-1.60e-02,8.30e+00,
2371,-8.00e-03,8.30e+00,
2372,-1.60e-02,8.30e+00,
2373,-1.60e-02,8.30e+00,
2374,-1.60e-02,8.30e+00,
2375,-8.00e-03,8.30e+00,
2376,-1.60e-02,7.90e+00,
2377,-1.60e-02,8.30e+00,
2378,-1.60e-02,8.30e+00,
2379,-8.00e-03,8.30e+00,
2380,-1.60e-02,7.90e+00,
2381,-1.60e-02,7.90e+00,
2382,-1.60e-02,7.90e+00,
2383,-8.00e-03,7.90e+00,
2384,-1.60e-02,7.90e+00,
2385,-1.60e-02,7.90e+00,
2386,-1.60e-02,7.90e+00,
2387,-1.60e-02,7.90e+00,
2388,-1.60e-02,7.50e+00,
2389,-1.60e-02,7.50e+00,
2390,-1.60e-02,7.90e+00,
2391,-8.00e-03,7.90e+00,
2392,-1.60e-02,7.50e+00,
2393,-1.60e-02,7.90e+00,
2394,-1.60e-02,7.90e+00,
2395,-8.00e-03,7.50e+00,
2396,-1.60e-02,7.50e+00,
2397,-1.60e-02,7.50e+00,
2398,-1.60e-02,7.90e+00,
2399,-8.00e-03,7.50e+00,
2400,-1.60e-02,7.50e+00,
2401,-1.60e-02,7.50e+00,
2402,-1.60e-02,7.50e+00,
2403,-8.00e-03,7.50e+00,
2404,-1.60e-02,7.50e+00,
2405,-8.00e-03,7.50e+00,
2406,-1.60e-02,7.50e+00,
2407,-8.00e-03,7.50e+00,
2408,-1.60e-02,7.50e+00,
2409,-1.60e-02,7.50e+00,
2410,-8.00e-03,7.50e+00,
2411,-8.00e-03,7.50e+00,
2412,-1.60e-02,7.10e+00,
2413,-8.00e-03,7.50e+00,
2414,-8.00e-03,7.50e+00,
2415,-8.00e-03,7.50e+00,
2416,-1.60e-02,7.10e+00,
2417,-1.60e-02,7.50e+00,
2418,-1.60e-02,7.50e+00,
2419,-8.00e-03,7.50e+00,
2420,-1.60e-02,7.10e+00,
2421,-8.00e-03,7.50e+00,
2422,-1.60e-02,7.50e+00,
2423,-8.00e-03,7.50e+00,
2424,-1.60e-02,7.10e+00,
2425,-8.00e-03,7.50e+00,
2426,-1.60e-02,7.50e+00,
2427,-8.00e-03,7.50e+00,
2428,-1.60e-02,7.50e+00,
2429,-8.00e-03,7.50e+00,
2430,-8.00e-03,7.50e+00,
2431,-8.00e-03,7.50e+00,
2432,-1.60e-02,7.10e+00,
2433,-8.00e-03,7.50e+00,
2434,-8.00e-03,7.50e+00,
2435,-8.00e-03,7.50e+00,
2436,-1.60e-02,7.50e+00,
2437,-8.00e-03,7.50e+00,
2438,-1.60e-02,7.90e+00,
2439,-8.00e-03,7.50e+00,
2440,-1.60e-02,7.50e+00,
2441,-8.00e-03,7.50e+00,
2442,-8.00e-03,7.50e+00,
2443,-8.00e-03,7.50e+00,
2444,-8.00e-03,7.50e+00,
2445,-8.00e-03,7.50e+00,
2446,-8.00e-03,7.90e+00,
2447,-8.00e-03,7.90e+00,
2448,-1.60e-02,7.50e+00,
2449,-8.00e-03,7.90e+00,
2450,-8.00e-03,7.50e+00,
2451,-8.00e-03,7.90e+00,
2452,-8.00e-03,7.50e+00,
2453,-8.00e-03,7.50e+00,
2454,-8.00e-03,7.90e+00,
2455,-8.00e-03,7.90e+00,
2456,-1.60e-02,7.90e+00,
2457,-8.00e-03,7.90e+00,
2458,-1.60e-02,7.90e+00,
2459,-8.00e-03,7.90e+00,
2460,-1.60e-02,7.90e+00,
2461,-8.00e-03,7.90e+00,
2462,-8.00e-03,7.90e+00,
2463,-8.00e-03,7.90e+00,
2464,-8.00e-03,7.90e+00,
2465,-8.00e-03,7.90e+00,
2466,-8.00e-03,8.30e+00,
2467,-8.00e-03,8.30e+00,
2468,-1.60e-02,7.90e+00,
2469,-8.00e-03,8.30e+00,
2470,-8.00e-03,8.30e+00,
2471,-8.00e-03,8.30e+00,
2472,-8.00e-03,8.30e+00,
2473,-8.00e-03,8.30e+00,
2474,-8.00e-03,8.70e+00,
2475,-8.00e-03,8.30e+00,
2476,-1.60e-02,8.30e+00,
2477,-8.00e-03,8.30e+00,
2478,-8.00e-03,8.70e+00,
2479,-8.00e-03,8.70e+00,
2480,-8.00e-03,8.70e+00,
2481,-8.00e-03,8.70e+00,
2482,-8.00e-03,8.70e+00,
2483,-8.00e-03,9.10e+00,
2484,-8.00e-03,8.70e+00,
2485,-8.00e-03,8.70e+00,
2486,-8.00e-03,9.10e+00,
2487,-8.00e-03,9.10e+00,
2488,-8.00e-03,9.10e+00,
2489,-8.00e-03,9.10e+00,
2490,-8.00e-03,9.10e+00,
2491,-8.00e-03,9.10e+00,
2492,-8.00e-03,9.10e+00,
2493,-8.00e-03,9.10e+00,
2494,-8.00e-03,9.50e+00,
2495,-8.00e-03,9.50e+00,
2496,-8.00e-03,9.50e+00,
2497,-8.00e-03,9.50e+00,
2498,-8.00e-03,9.50e+00,
2499,-8.00e-03,9.50e+00,
2500,-8.00e-03,9.50e+00,
2501,-8.00e-03,9.90e+00,
2502,-8.00e-03,9.90e+00,
2503,-8.00e-03,9.90e+00,
2504,-8.00e-03,9.90e+00,
2505,-8.00e-03,9.90e+00,
2506,-8.00e-03,1.07e+01,
2507,-8.00e-03,1.07e+01,
2508,-8.00e-03,9.90e+00,
2509,-8.00e-03,1.07e+01,
2510,-8.00e-03,1.07e+01,
2511,-8.00e-03,1.07e+01,
2512,-8.00e-03,1.07e+01,
2513,-1.60e-02,1.11e+01,
2514,-8.00e-03,1.11e+01,
2515,-8.00e-03,1.11e+01,
2516,-1.60e-02,1.11e+01,
2517,-8.00e-03,1.11e+01,
2518,-8.00e-03,1.15e+01,
2519,-8.00e-03,1.11e+01,
2520,-8.00e-03,1.15e+01,
2521,-8.00e-03,1.15e+01,
2522,-8.00e-03,1.15e+01,
2523,-8.00e-03,1.15e+01,
2524,-8.00e-03,1.15e+01,
2525,-8.00e-03,1.19e+01,
2526,-8.00e-03,1.19e+01,
2527,-8.00e-03,1.19e+01,
2528,-1.60e-02,1.19e+01,
2529,-8.00e-03,1.23e+01,
2530,-8.00e-03,1.23e+01,
2531,-8.00e-03,1.23e+01,
2532,-8.00e-03,1.23e+01,
2533,-8.00e-03,1.23e+01,
2534,-8.00e-03,1.27e+01,
2535,-8.00e-03,1.27e+01,
2536,-8.00e-03,1.23e+01,
2537,-8.00e-03,1.27e+01,
2538,-8.00e-03,1.31e+01,
2539,-8.00e-03,1.31e+01,
2540,-8.00e-03,1.27e+01,
2541,-8.00e-03,1.31e+01,
2542,-8.00e-03,1.31e+01,
2543,-8.00e-03,1.31e+01,
2544,-8.00e-03,1.31e+01,
2545,-8.00e-03,1.35e+01,
2546,-8.00e-03,1.35e+01,
2547,-8.00e-03,1.35e+01,
2548,-8.00e-03,1.35e+01,
2549,-8.00e-03,1.35e+01,
2550,-8.00e-03,1.39e+01,
2551,-8.00e-03,1.39e+01,
2552,-1.60e-02,1.39e+01,
2553,-8.00e-03,1.39e+01,
2554,-8.00e-03,1.43e+01,
2555,-8.00e-03,1.43e+01,
2556,-1.60e-02,1.43e+01,
2557,-8.00e-03,1.43e+01,
2558,-8.00e-03,1.47e+01,
2559,-8.00e-03,1.47e+01,
2560,-8.00e-03,1.47e+01,
2561,-8.00e-03,1.47e+01,
2562,-8.00e-03,1.51e+01,
2563,-8.00e-03,1.51e+01,
2564,-8.00e-03,1.51e+01,
2565,-8.00e-03,1.51e+01,
2566,-8.00e-03,1.55e+01,
2567,-8.00e-03,1.55e+01,
2568,-8.00e-03,1.55e+01,
2569,-8.00e-03,1.55e+01,
2570,-8.00e-03,1.55e+01,
2571,-8.00e-03,1.59e+01,
2572,-8.00e-03,1.59e+01,
2573,-8.00e-03,1.59e+01,
2574,-8.00e-03,1.59e+01,
2575,-8.00e-03,1.67e+01,
2576,-8.00e-03,1.67e+01,
2577,-8.00e-03,1.67e+01,
2578,-8.00e-03,1.67e+01,
2579,-8.00e-03,1.71e+01,
2580,-8.00e-03,1.67e+01,
2581,-8.00e-03,1.71e+01,
2582,-8.00e-03,1.71e+01,
2583,-8.00e-03,1.71e+01,
2584,-8.00e-03,1.71e+01,
2585,-8.00e-03,1.75e+01,
2586,-8.00e-03,1.75e+01,
2587,-8.00e-03,1.75e+01,
2588,-8.00e-03,1.75e+01,
2589,-8.00e-03,1.75e+01,
2590,-8.00e-03,1.79e+01,
2591,-8.00e-03,1.79e+01,
2592,-8.00e-03,1.79e+01,
2593,-8.00e-03,1.83e+01,
2594,-8.00e-03,1.83e+01,
2595,-8.00e-03,1.83e+01,
2596,-8.00e-03,1.83e+01,
2597,-8.00e-03,1.87e+01,
2598,-8.00e-03,1.87e+01,
2599,-8.00e-03,1.87e+01,
2600,-1.60e-02,1.87e+01,
2601,-8.00e-03,1.91e+01,
2602,-8.00e-03,1.91e+01,
2603,-8.00e-03,1.91e+01,
2604,-8.00e-03,1.91e+01,
2605,-8.00e-03,1.91e+01,
2606,-8.00e-03,1.95e+01,
2607,-8.00e-03,1.95e+01,
2608,-8.00e-03,1.95e+01,
2609,-8.00e-03,1.95e+01,
2610,-8.00e-03,1.99e+01,
2611,-8.00e-03,1.99e+01,
2612,-1.60e-02,1.99e+01,
2613,-1.60e-02,1.99e+01,
2614,-8.00e-03,2.03e+01,
2615,-8.00e-03,2.03e+01,
2616,-8.00e-03,2.03e+01,
2617,-8.00e-03,2.03e+01,
2618,-1.60e-02,2.03e+01,
2619,-8.00e-03,2.07e+01,
2620,-8.00e-03,2.07e+01,
2621,-8.00e-03,2.07e+01,
2622,-8.00e-03,2.07e+01,
2623,-8.00e-03,2.11e+01,
2624,-8.00e-03,2.07e+01,
2625,-8.00e-03,2.07e+01,
2626,-8.00e-03,2.11e+01,
2627,-8.00e-03,2.11e+01,
2628,-1.60e-02,2.11e+01,
2629,-8.00e-03,2.11e+01,
2630,-8.00e-03,2.15e+01,
2631,-8.00e-03,2.15e+01,
2632,-8.00e-03,2.15e+01,
2633,-8.00e-03,2.15e+01,
2634,-8.00e-03,2.19e+01,
2635,-8.00e-03,2.19e+01,
2636,-8.00e-03,2.19e+01,
2637,-8.00e-03,2.19e+01,
2638,-8.00e-03,2.19e+01,
2639,-8.00e-03,2.19e+01,
2640,-1.60e-02,2.19e+01,
2641,-1.60e-02,2.27e+01,
2642,-8.00e-03,2.27e+01,
2643,-8.00e-03,2.27e+01,
2644,-1.60e-02,2.27e+01,
2645,-1.60e-02,2.27e+01,
2646,-8.00e-03,2.31e+01,
2647,-8.00e-03,2.31e+01,
2648,-1.60e-02,2.27e+01,
2649,-1.60e-02,2.31e+01,
2650,-8.00e-03,2.31e+01,
2651,-8.00e-03,2.31e+01,
2652,-1.60e-02,2.31e+01,
2653,-1.60e-02,2.31e+01,
2654,-8.00e-03,2.35e+01,
2655,-8.00e-03,2.35e+01,
2656,-8.00e-03,2.35e+01,
2657,-1.60e-02,2.35e+01,
2658,-8.00e-03,2.35e+01,
2659,-8.00e-03,2.35e+01,
2660,-1.60e-02,2.35e+01,
2661,-1.60e-02,2.35e+01,
2662,-8.00e-03,2.39e+01,
2663,-8.00e-03,2.39e+01,
2664,-1.60e-02,2.39e+01,
2665,-8.00e-03,2.39e+01,
2666,-1.60e-02,2.39e+01,
2667,-8.00e-03,2.39e+01,
2668,-1.60e-02,2.39e+01,
2669,-1.60e-02,2.39e+01,
2670,-8.00e-03,2.39e+01,
2671,-8.00e-03,2.39e+01,
2672,-1.60e-02,2.39e+01,
2673,-1.60e-02,2.39e+01,
2674,-8.00e-03,2.43e+01,
2675,-8.00e-03,2.43e+01,
2676,-1.60e-02,2.43e+01,
2677,-1.60e-02,2.43e+01,
2678,-1.60e-02,2.43e+01,
2679,-8.00e-03,2.43e+01,
2680,-1.60e-02,2.43e+01,
2681,-8.00e-03,2.43e+01,
2682,-1.60e-02,2.43e+01,
2683,-8.00e-03,2.43e+01,
2684,-1.60e-02,2.43e+01,
2685,-1.60e-02,2.43e+01,
2686,-1.60e-02,2.47e+01,
2687,-8.00e-03,2.43e+01,
2688,-1.60e-02,2.43e+01,
2689,-1.60e-02,2.43e+01,
2690,-1.60e-02,2.47e+01,
2691,-8.00e-03,2.47e+01,
2692,-1.60e-02,2.47e+01,
2693,-1.60e-02,2.47e+01,
2694,-1.60e-02,2.47e+01,
2695,-8.00e-03,2.47e+01,
2696,-1.60e-02,2.47e+01,
2697,-1.60e-02,2.47e+01,
2698,-8.00e-03,2.47e+01,
2699,-8.00e-03,2.47e+01,
2700,-1.60e-02,2.47e+01,
2701,-1.60e-02,2.47e+01,
2702,-1.60e-02,2.47e+01,
2703,-8.00e-03,2.47e+01,
2704,-1.60e-02,2.47e+01,
2705,-1.60e-02,2.47e+01,
2706,-1.60e-02,2.47e+01,
2707,-8.00e-03,2.47e+01,
2708,-1.60e-02,2.47e+01,
2709,-1.60e-02,2.47e+01,
2710,-1.60e-02,2.47e+01,
2711,-8.00e-03,2.47e+01,
2712,-1.60e-02,2.43e+01,
2713,-1.60e-02,2.47e+01,
2714,-1.60e-02,2.47e+01,
2715,-8.00e-03,2.43e+01,
2716,-1.60e-02,2.47e+01,
2717,-1.60e-02,2.43e+01,
2718,-1.60e-02,2.47e+01,
2719,-8.00e-03,2.43e+01,
2720,-1.60e-02,2.43e+01,
2721,-1.60e-02,2.43e+01,
2722,-1.60e-02,2.43e+01,
2723,-8.00e-03,2.43e+01,
2724,-1.60e-02,2.43e+01,
2725,-1.60e-02,2.43e+01,
2726,-8.00e-03,2.43e+01,
2727,-8.00e-03,2.43e+01,
2728,-1.60e-02,2.43e+01,
2729,-1.60e-02,2.43e+01,
2730,-1.60e-02,2.43e+01,
2731,-8.00e-03,2.43e+01,
2732,-1.60e-02,2.39e+01,
2733,-1.60e-02,2.43e+01,
2734,-1.60e-02,2.43e+01,
2735,-8.00e-03,2.39e+01,
2736,-1.60e-02,2.39e+01,
2737,-1.60e-02,2.39e+01,
2738,-1.60e-02,2.39e+01,
2739,-8.00e-03,2.39e+01,
2740,-1.60e-02,2.39e+01,
2741,-1.60e-02,2.39e+01,
2742,-1.60e-02,2.39e+01,
2743,-1.60e-02,2.39e+01,
2744,-1.60e-02,2.35e+01,
2745,-1.60e-02,2.35e+01,
2746,-1.60e-02,2.35e+01,
2747,-1.60e-02,2.35e+01,
2748,-1.60e-02,2.35e+01,
2749,-1.60e-02,2.35e+01,
2750,-1.60e-02,2.35e+01,
2751,-8.00e-03,2.35e+01,
2752,-1.60e-02,2.31e+01,
2753,-1.60e-02,2.31e+01,
2754,-1.60e-02,2.31e+01,
2755,-8.00e-03,2.31e+01,
2756,-1.60e-02,2.31e+01,
2757,-1.60e-02,2.31e+01,
2758,-1.60e-02,2.31e+01,
2759,-8.00e-03,2.31e+01,
2760,-1.60e-02,2.27e+01,
2761,-1.60e-02,2.27e+01,
2762,-1.60e-02,2.27e+01,
2763,-8.00e-03,2.27e+01,
2764,-1.60e-02,2.27e+01,
2765,-1.60e-02,2.27e+01,
2766,-1.60e-02,2.27e+01,
2767,-8.00e-03,2.27e+01,
2768,-1.60e-02,2.19e+01,
2769,-1.60e-02,2.19e+01,
2770,-1.60e-02,2.19e+01,
2771,-8.00e-03,2.19e+01,
2772,-1.60e-02,2.15e+01,
2773,-1.60e-02,2.15e+01,
2774,-1.60e-02,2.19e+01,
2775,-8.00e-03,2.15e+01,
2776,-1.60e-02,2.15e+01,
2777,-1.60e-02,2.15e+01,
2778,-1.60e-02,2.15e+01,
2779,-8.00e-03,2.11e+01,
2780,-1.60e-02,2.11e+01,
2781,-1.60e-02,2.11e+01,
2782,-1.60e-02,2.11e+01,
2783,-8.00e-03,2.11e+01,
2784,-1.60e-02,2.07e+01,
2785,-1.60e-02,2.07e+01,
2786,-1.60e-02,2.07e+01,
2787,-8.00e-03,2.07e+01,
2788,-1.60e-02,2.07e+01,
2789,-1.60e-02,2.07e+01,
2790,-1.60e-02,2.07e+01,
2791,-8.00e-03,2.03e+01,
2792,-1.60e-02,2.03e+01,
2793,-1.60e-02,2.03e+01,
2794,-1.60e-02,2.03e+01,
2795,-8.00e-03,2.03e+01,
2796,-1.60e-02,1.99e+01,
2797,-1.60e-02,1.99e+01,
2798,-1.60e-02,1.99e+01,
2799,-8.00e-03,1.99e+01,
2800,-1.60e-02,1.95e+01,
2801,-1.60e-02,1.95e+01,
2802,-1.60e-02,1.99e+01,
2803,-1.60e-02,1.95e+01,
2804,-1.60e-02,1.95e+01,
2805,-1.60e-02,1.95e+01,
2806,-1.60e-02,1.95e+01,
2807,-1.60e-02,1.91e+01,
2808,-1.60e-02,1.91e+01,
2809,-1.60e-02,1.91e+01,
2810,-1.60e-02,1.91e+01,
2811,-8.00e-03,1.91e+01,
2812,-1.60e-02,1.87e+01,
2813,-1.60e-02,1.87e+01,
2814,-1.60e-02,1.87e+01,
2815,-1.60e-02,1.87e+01,
2816,-1.60e-02,1.87e+01,
2817,-1.60e-02,1.87e+01,
2818,-1.60e-02,1.83e+01,
2819,-8.00e-03,1.83e+01,
2820,-1.60e-02,1.83e+01,
2821,-1.60e-02,1.83e+01,
2822,-1.60e-02,1.83e+01,
2823,-8.00e-03,1.79e+01,
2824,-1.60e-02,1.79e+01,
2825,-1.60e-02,1.79e+01,
2826,-1.60e-02,1.79e+01,
2827,-1.60e-02,1.79e+01,
2828,-1.60e-02,1.75e+01,
2829,-1.60e-02,1.75e+01,
2830,-1.60e-02,1.75e+01,
2831,-1.60e-02,1.75e+01,
2832,-1.60e-02,1.71e+01,
2833,-1.60e-02,1.71e+01,
2834,-1.60e-02,1.71e+01,
2835,-1.60e-02,1.71e+01,
2836,-1.60e-02,1.71e+01,
2837,-1.60e-02,1.71e+01,
2838,-1.60e-02,1.71e+01,
2839,-8.00e-03,1.67e+01,
2840,-1.60e-02,1.67e+01,
2841,-1.60e-02,1.67e+01,
2842,-1.60e-02,1.67e+01,
2843,-8.00e-03,1.67e+01,
2844,-1.60e-02,1.59e+01,
2845,-1.60e-02,1.59e+01,
2846,-1.60e-02,1.59e+01,
2847,-8.00e-03,1.59e+01,
2848,-1.60e-02,1.55e+01,
2849,-1.60e-02,1.59e+01,
2850,-1.60e-02,1.55e+01,
2851,-8.00e-03,1.55e+01,
2852,-1.60e-02,1.55e+01,
2853,-1.60e-02,1.51e+01,
2854,-1.60e-02,1.55e+01,
2855,-8.00e-03,1.51e+01,
2856,-1.60e-02,1.51e+01,
2857,-1.60e-02,1.51e+01,
2858,-1.60e-02,1.51e+01,
2859,-8.00e-03,1.51e+01,
2860,-1.60e-02,1.47e+01,
2861,-1.60e-02,1.47e+01,
2862,-1.60e-02,1.47e+01,
2863,-8.00e-03,1.47e+01,
2864,-1.60e-02,1.43e+01,
2865,-1.60e-02,1.43e+01,
2866,-1.60e-02,1.47e+01,
2867,-1.60e-02,1.43e+01,
2868,-1.60e-02,1.43e+01,
2869,-1.60e-02,1.43e+01,
2870,-1.60e-02,1.43e+01,
2871,-8.00e-03,1.39e+01,
2872,-1.60e-02,1.39e+01,
2873,-1.60e-02,1.39e+01,
2874,-1.60e-02,1.39e+01,
2875,-8.00e-03,1.39e+01,
2876,-1.60e-02,1.35e+01,
2877,-1.60e-02,1.35e+01,
2878,-1.60e-02,1.39e+01,
2879,-8.00e-03,1.35e+01,
2880,-1.60e-02,1.35e+01,
2881,-1.60e-02,1.35e+01,
2882,-1.60e-02,1.35e+01,
2883,-8.00e-03,1.35e+01,
2884,-1.60e-02,1.31e+01,
2885,-1.60e-02,1.31e+01,
2886,-1.60e-02,1.31e+01,
2887,-8.00e-03,1.31e+01,
2888,-1.60e-02,1.31e+01,
2889,-1.60e-02,1.27e+01,
2890,-1.60e-02,1.31e+01,
2891,-8.00e-03,1.27e+01,
2892,-1.60e-02,1.27e+01,
2893,-1.60e-02,1.27e+01,
2894,-1.60e-02,1.27e+01,
2895,-8.00e-03,1.27e+01,
2896,-1.60e-02,1.27e+01,
2897,-1.60e-02,1.23e+01,
2898,-1.60e-02,1.27e+01,
2899,-8.00e-03,1.23e+01,
2900,-1.60e-02,1.23e+01,
2901,-8.00e-03,1.23e+01,
2902,-1.60e-02,1.23e+01,
2903,-8.00e-03,1.23e+01,
2904,-8.00e-03,1.19e+01,
2905,-8.00e-03,1.19e+01,
2906,-1.60e-02,1.23e+01,
2907,-8.00e-03,1.19e+01,
2908,-1.60e-02,1.19e+01,
2909,-1.60e-02,1.19e+01,
2910,-1.60e-02,1.19e+01,
2911,-8.00e-03,1.19e+01,
2912,-1.60e-02,1.15e+01,
2913,-1.60e-02,1.19e+01,
2914,-8.00e-03,1.19e+01,
2915,-8.00e-03,1.15e+01,
2916,-1.60e-02,1.15e+01,
2917,-1.60e-02,1.15e+01,
2918,-1.60e-02,1.15e+01,
2919,-8.00e-03,1.15e+01,
2920,-1.60e-02,1.11e+01,
2921,-1.60e-02,1.15e+01,
2922,-1.60e-02,1.15e+01,
2923,-8.00e-03,1.15e+01,
2924,-1.60e-02,1.11e+01,
2925,-1.60e-02,1.11e+01,
2926,-8.00e-03,1.11e+01,
2927,-8.00e-03,1.11e+01,
2928,-1.60e-02,1.11e+01,
2929,-8.00e-03,1.11e+01,
2930,-8.00e-03,1.11e+01,
2931,-8.00e-03,1.11e+01,
2932,-1.60e-02,1.07e+01,
2933,-1.60e-02,1.07e+01,
2934,-1.60e-02,1.11e+01,
2935,-8.00e-03,1.07e+01,
2936,-1.60e-02,1.07e+01,
2937,-8.00e-03,1.07e+01,
2938,-8.00e-03,1.11e+01,
2939,-8.00e-03,1.07e+01,
2940,-1.60e-02,1.07e+01,
2941,-1.60e-02,1.07e+01,
2942,-8.00e-03,1.07e+01,
2943,-8.00e-03,1.07e+01,
2944,-1.60e-02,1.07e+01,
2945,-8.00e-03,9.90e+00,
2946,-8.00e-03,1.07e+01,
2947,-8.00e-03,1.07e+01,
2948,-1.60e-02,9.90e+00,
2949,-1.60e-02,9.90e+00,
2950,-8.00e-03,1.07e+01,
2951,-8.00e-03,9.90e+00,
2952,-1.60e-02,9.90e+00,
2953,-1.60e-02,9.90e+00,
2954,-8.00e-03,9.90e+00,
2955,-8.00e-03,9.90e+00,
2956,-1.60e-02,9.90e+00,
2957,-1.60e-02,9.90e+00,
2958,-1.60e-02,9.90e+00,
2959,-8.00e-03,9.90e+00,
2960,-1.60e-02,9.90e+00,
2961,-8.00e-03,9.90e+00,
2962,-8.00e-03,9.90e+00,
2963,-8.00e-03,9.90e+00,
2964,-1.60e-02,9.50e+00,
2965,-8.00e-03,9.90e+00,
2966,-8.00e-03,9.90e+00,
2967,-8.00e-03,9.90e+00,
2968,-1.60e-02,9.50e+00,
2969,-8.00e-03,9.50e+00,
2970,-1.60e-02,9.90e+00,
2971,-8.00e-03,9.90e+00,
2972,-1.60e-02,9.50e+00,
2973,-8.00e-03,9.50e+00,
2974,-8.00e-03,9.90e+00,
2975,-8.00e-03,9.50e+00,
2976,-1.60e-02,9.50e+00,
2977,-1.60e-02,9.50e+00,
2978,-8.00e-03,9.90e+00,
2979,-8.00e-03,9.50e+00,
2980,-1.60e-02,9.50e+00,
2981,-8.00e-03,9.50e+00,
2982,-8.00e-03,9.90e+00,
2983,-8.00e-03,9.90e+00,
2984,-1.60e-02,9.50e+00,
2985,-1.60e-02,9.50e+00,
2986,-8.00e-03,9.90e+00,
2987,-8.00e-03,9.50e+00,
2988,-1.60e-02,9.50e+00,
2989,-1.60e-02,9.50e+00,
2990,-8.00e-03,9.50e+00,
2991,-8.00e-03,9.50e+00,
2992,-8.00e-03,9.50e+00,
2993,-8.00e-03,9.50e+00,
2994,-8.00e-03,9.50e+00,
2995,-8.00e-03,9.50e+00,
2996,-8.00e-03,9.50e+00,
2997,-8.00e-03,9.50e+00,
2998,-8.00e-03,9.90e+00,
2999,-8.00e-03,9.90e+00,
3000,-1.60e-02,9.50e+00,
3001,-8.00e-03,9.50e+00,
3002,-8.00e-03,9.90e+00,
3003,-8.00e-03,9.50e+00,
3004,-8.00e-03,9.50e+00,
3005,-8.00e-03,9.50e+00,
3006,-8.00e-03,9.90e+00,
3007,-8.00e-03,9.90e+00,
3008,-8.00e-03,9.50e+00,
3009,-8.00e-03,9.50e+00,
3010,-8.00e-03,9.90e+00,
3011,-8.00e-03,9.90e+00,
3012,-8.00e-03,9.50e+00,
3013,-8.00e-03,9.90e+00,
3014,-8.00e-03,9.90e+00,
3015,-8.00e-03,9.90e+00,
3016,-8.00e-03,9.90e+00,
3017,-8.00e-03,9.90e+00,
3018,-8.00e-03,9.90e+00,
3019,-8.00e-03,9.90e+00,
3020,-8.00e-03,9.90e+00,
3021,-8.00e-03,9.90e+00,
3022,-8.00e-03,9.90e+00,
3023,-8.00e-03,9.90e+00,
3024,-8.00e-03,9.90e+00,
3025,-8.00e-03,9.90e+00,
3026,-8.00e-03,1.07e+01,
3027,-8.00e-03,9.90e+00,
3028,-8.00e-03,9.90e+00,
3029,-8.00e-03,1.07e+01,
3030,-8.00e-03,1.07e+01,
3031,-8.00e-03,1.07e+01,
3032,-8.00e-03,1.07e+01,
3033,-8.00e-03,1.07e+01,
3034,-8.00e-03,1.07e+01,
3035,-8.00e-03,1.07e+01,
3036,-8.00e-03,1.07e+01,
3037,-8.00e-03,1.07e+01,
3038,-8.00e-03,1.07e+01,
3039,-8.00e-03,1.07e+01,
3040,-8.00e-03,1.07e+01,
3041,-8.00e-03,1.07e+01,
3042,-8.00e-03,1.11e+01,
3043,-8.00e-03,1.11e+01,
3044,-8.00e-03,1.11e+01,
3045,-8.00e-03,1.07e+01,
3046,-8.00e-03,1.11e+01,
3047,-8.00e-03,1.11e+01,
3048,-8.00e-03,1.07e+01,
3049,-8.00e-03,1.11e+01,
3050,-8.00e-03,1.11e+01,
3051,-8.00e-03,1.11e+01,
3052,-8.00e-03,1.11e+01,
3053,-8.00e-03,1.11e+01,
3054,-8.00e-03,1.15e+01,
3055,-8.00e-03,1.15e+01,
3056,-8.00e-03,1.11e+01,
3057,-8.00e-03,1.15e+01,
3058,-8.00e-03,1.15e+01,
3059,-8.00e-03,1.15e+01,
3060,-8.00e-03,1.15e+01,
3061,-8.00e-03,1.15e+01,
3062,-8.00e-03,1.15e+01,
3063,-8.00e-03,1.19e+01,
3064,-8.00e-03,1.15e+01,
3065,-8.00e-03,1.19e+01,
3066,-8.00e-03,1.19e+01,
3067,-8.00e-03,1.19e+01,
3068,-8.00e-03,1.19e+01,
3069,-8.00e-03,1.19e+01,
3070,-8.00e-03,1.19e+01,
3071,-8.00e-03,1.19e+01,
3072,-8.00e-03,1.19e+01,
3073,-8.00e-03,1.23e+01,
3074,-8.00e-03,1.23e+01,
3075,-8.00e-03,1.23e+01,
3076,-8.00e-03,1.23e+01,
3077,-8.00e-03,1.23e+01,
3078,-1.60e-02,1.23e+01,
3079,-8.00e-03,1.23e+01,
3080,-8.00e-03,1.23e+01,
3081,-8.00e-03,1.23e+01,
3082,-8.00e-03,1.27e+01,
3083,-8.00e-03,1.27e+01,
3084,-8.00e-03,1.27e+01,
3085,-8.00e-03,1.27e+01,
3086,-8.00e-03,1.27e+01,
3087,-8.00e-03,1.27e+01,
3088,-8.00e-03,1.27e+01,
3089,-8.00e-03,1.27e+01,
3090,-8.00e-03,1.31e+01,
3091,-8.00e-03,1.31e+01,
3092,-8.00e-03,1.27e+01,
3093,-8.00e-03,1.31e+01,
3094,-8.00e-03,1.31e+01,
3095,-8.00e-03,1.31e+01,
3096,-8.00e-03,1.31e+01,
3097,-8.00e-03,1.35e+01,
3098,-8.00e-03,1.35e+01,
3099,-8.00e-03,1.35e+01,
3100,-1.60e-02,1.35e+01,
3101,-8.00e-03,1.35e+01,
3102,-8.00e-03,1.39e+01,
3103,-8.00e-03,1.35e+01,
3104,-8.00e-03,1.39e+01,
3105,-8.00e-03,1.39e+01,
3106,-8.00e-03,1.39e+01,
3107,-8.00e-03,1.39e+01,
3108,-8.00e-03,1.39e+01,
3109,-8.00e-03,1.39e+01,
3110,-8.00e-03,1.43e+01,
3111,-8.00e-03,1.43e+01,
3112,-8.00e-03,1.43e+01,
3113,-8.00e-03,1.43e+01,
3114,-8.00e-03,1.43e+01,
3115,-8.00e-03,1.43e+01,
3116,-8.00e-03,1.43e+01,
3117,-8.00e-03,1.47e+01,
3118,-8.00e-03,1.47e+01,
3119,-8.00e-03,1.47e+01,
3120,-8.00e-03,1.47e+01,
3121,-8.00e-03,1.47e+01,
3122,-8.00e-03,1.51e+01,
3123,-8.00e-03,1.51e+01,
3124,-8.00e-03,1.47e+01,
3125,-8.00e-03,1.51e+01,
3126,-8.00e-03,1.51e+01,
3127,-8.00e-03,1.51e+01,
3128,-8.00e-03,1.51e+01,
3129,-8.00e-03,1.55e+01,
3130,-8.00e-03,1.55e+01,
3131,-8.00e-03,1.55e+01,
3132,-8.00e-03,1.55e+01,
3133,-8.00e-03,1.55e+01,
3134,-8.00e-03,1.59e+01,
3135,-8.00e-03,1.55e+01,
3136,-8.00e-03,1.55e+01,
3137,-8.00e-03,1.59e+01,
3138,-8.00e-03,1.59e+01,
3139,-8.00e-03,1.59e+01,
3140,-8.00e-03,1.59e+01,
3141,-8.00e-03,1.59e+01,
3142,-8.00e-03,1.67e+01,
3143,-8.00e-03,1.67e+01,
3144,-8.00e-03,1.67e+01,
3145,-8.00e-03,1.67e+01,
3146,-8.00e-03,1.67e+01,
3147,-8.00e-03,1.71e+01,
3148,-8.00e-03,1.67e+01,
3149,-8.00e-03,1.71e+01,
3150,-8.00e-03,1.71e+01,
3151,-8.00e-03,1.71e+01,
3152,-8.00e-03,1.71e+01,
3153,-8.00e-03,1.75e+01,
3154,-8.00e-03,1.75e+01,
3155,-8.00e-03,1.75e+01,
3156,-8.00e-03,1.75e+01,
3157,-8.00e-03,1.75e+01,
3158,-8.00e-03,1.75e+01,
3159,-8.00e-03,1.75e+01,
3160,-8.00e-03,1.75e+01,
3161,-8.00e-03,1.79e+01,
3162,-8.00e-03,1.79e+01,
3163,-8.00e-03,1.79e+01,
3164,-8.00e-03,1.79e+01,
3165,-8.00e-03,1.79e+01,
3166,-8.00e-03,1.83e+01,
3167,-8.00e-03,1.83e+01,
3168,-8.00e-03,1.79e+01,
3169,-8.00e-03,1.83e+01,
3170,-8.00e-03,1.83e+01,
3171,-8.00e-03,1.83e+01,
3172,-8.00e-03,1.83e+01,
3173,-8.00e-03,1.83e+01,
3174,-8.00e-03,1.87e+01,
3175,-8.00e-03,1.87e+01,
3176,-8.00e-03,1.87e+01,
3177,-8.00e-03,1.87e+01,
3178,-8.00e-03,1.87e+01,
3179,-8.00e-03,1.91e+01,
3180,-8.00e-03,1.87e+01,
3181,-8.00e-03,1.91e+01,
3182,-8.00e-03,1.91e+01,
3183,-8.00e-03,1.91e+01,
3184,-8.00e-03,1.91e+01,
3185,-8.00e-03,1.91e+01,
3186,-8.00e-03,1.95e+01,
3187,-8.00e-03,1.95e+01,
3188,-8.00e-03,1.91e+01,
3189,-8.00e-03,1.95e+01,
3190,-8.00e-03,1.95e+01,
3191,-8.00e-03,1.95e+01,
3192,-8.00e-03,1.95e+01,
3193,-8.00e-03,1.95e+01,
3194,-8.00e-03,1.99e+01,
3195,-8.00e-03,1.99e+01,
3196,-1.60e-02,1.99e+01,
3197,-8.00e-03,1.99e+01,
3198,-8.00e-03,1.99e+01,
3199,-8.00e-03,1.99e+01,
3200,-1.60e-02,1.99e+01,
3201,-8.00e-03,1.99e+01,
3202,-8.00e-03,2.03e+01,
3203,-8.00e-03,1.99e+01,
3204,-8.00e-03,1.99e+01,
3205,-8.00e-03,2.03e+01,
3206,-8.00e-03,2.03e+01,
3207,-8.00e-03,2.03e+01,
3208,-8.00e-03,2.03e+01,
3209,-8.00e-03,2.03e+01,
3210,-8.00e-03,2.03e+01,
3211,-8.00e-03,2.03e+01,
3212,-1.60e-02,2.03e+01,
3213,-8.00e-03,2.03e+01,
3214,-8.00e-03,2.07e+01,
3215,-8.00e-03,2.07e+01,
3216,-8.00e-03,2.07e+01,
3217,-8.00e-03,2.07e+01,
3218,-8.00e-03,2.07e+01,
3219,-8.00e-03,2.07e+01,
3220,-1.60e-02,2.07e+01,
3221,-8.00e-03,2.07e+01,
3222,-8.00e-03,2.11e+01,
3223,-8.00e-03,2.11e+01,
3224,-1.60e-02,2.07e+01,
3225,-8.00e-03,2.11e+01,
3226,-8.00e-03,2.11e+01,
3227,-8.00e-03,2.11e+01,
3228,-1.60e-02,2.11e+01,
3229,-8.00e-03,2.11e+01,
3230,-8.00e-03,2.11e+01,
3231,-8.00e-03,2.11e+01,
3232,-8.00e-03,2.11e+01,
3233,-8.00e-03,2.11e+01,
3234,-8.00e-03,2.11e+01,
3235,-8.00e-03,2.11e+01,
3236,-1.60e-02,2.11e+01,
3237,-8.00e-03,2.11e+01,
3238,-8.00e-03,2.15e+01,
3239,-8.00e-03,2.15e+01,
3240,-1.60e-02,2.15e+01,
3241,-8.00e-03,2.15e+01,
3242,-8.00e-03,2.15e+01,
3243,-8.00e-03,2.15e+01,
3244,-8.00e-03,2.15e+01,
3245,-8.00e-03,2.15e+01,
3246,-1.60e-02,2.15e+01,
3247,-8.00e-03,2.15e+01,
3248,-8.00e-03,2.15e+01,
3249,-8.00e-03,2.15e+01,
3250,-8.00e-03,2.15e+01,
3251,-8.00e-03,2.15e+01,
3252,-8.00e-03,2.15e+01,
3253,-1.60e-02,2.15e+01,
3254,-1.60e-02,2.15e+01,
3255,-8.00e-03,2.15e+01,
3256,-8.00e-03,2.15e+01,
3257,-8.00e-03,2.19e+01,
3258,-8.00e-03,2.15e+01,
3259,-8.00e-03,2.15e+01,
3260,-8.00e-03,2.15e+01,
3261,-8.00e-03,2.15e+01,
3262,-8.00e-03,2.15e+01,
3263,-8.00e-03,2.15e+01,
3264,-8.00e-03,2.15e+01,
3265,-8.00e-03,2.15e+01,
3266,-8.00e-03,2.19e+01,
3267,-8.00e-03,2.15e+01,
3268,-1.60e-02,2.15e+01,
3269,-8.00e-03,2.15e+01,
3270,-8.00e-03,2.19e+01,
3271,-8.00e-03,2.15e+01,
3272,-8.00e-03,2.15e+01,
3273,-8.00e-03,2.19e+01,
3274,-1.60e-02,2.19e+01,
3275,-8.00e-03,2.15e+01,
3276,-8.00e-03,2.15e+01,
3277,-8.00e-03,2.15e+01,
3278,-1.60e-02,2.15e+01,
3279,-8.00e-03,2.15e+01,
3280,-1.60e-02,2.15e+01,
3281,-8.00e-03,2.15e+01,
3282,-8.00e-03,2.15e+01,
3283,-8.00e-03,2.15e+01,
3284,-1.60e-02,2.15e+01,
3285,-1.60e-02,2.15e+01,
3286,-8.00e-03,2.15e+01,
3287,-8.00e-03,2.15e+01,
3288,-1.60e-02,2.15e+01,
3289,-8.00e-03,2.15e+01,
3290,-8.00e-03,2.15e+01,
3291,-8.00e-03,2.15e+01,
3292,-1.60e-02,2.15e+01,
3293,-8.00e-03,2.15e+01,
3294,-1.60e-02,2.15e+01,
3295,-8.00e-03,2.15e+01,
3296,-1.60e-02,2.11e+01,
3297,-8.00e-03,2.15e+01,
3298,-1.60e-02,2.15e+01,
3299,-8.00e-03,2.15e+01,
3300,-1.60e-02,2.11e+01,
3301,-1.60e-02,2.11e+01,
3302,-8.00e-03,2.15e+01,
3303,-8.00e-03,2.11e+01,
3304,-1.60e-02,2.11e+01,
3305,-8.00e-03,2.11e+01,
3306,-8.00e-03,2.11e+01,
3307,-8.00e-03,2.11e+01,
3308,-1.60e-02,2.11e+01,
3309,-8.00e-03,2.11e+01,
3310,-8.00e-03,2.11e+01,
3311,-8.00e-03,2.11e+01,
3312,-1.60e-02,2.11e+01,
3313,-8.00e-03,2.11e+01,
3314,-8.00e-03,2.11e+01,
3315,-8.00e-03,2.07e+01,
3316,-1.60e-02,2.07e+01,
3317,-8.00e-03,2.07e+01,
3318,-1.60e-02,2.07e+01,
3319,-8.00e-03,2.07e+01,
3320,-8.00e-03,2.07e+01,
3321,-1.60e-02,2.07e+01,
3322,-1.60e-02,2.07e+01,
3323,-8.00e-03,2.07e+01,
3324,-1.60e-02,2.07e+01,
3325,-8.00e-03,2.03e+01,
3326,-8.00e-03,2.07e+01,
3327,-8.00e-03,2.03e+01,
3328,-1.60e-02,2.03e+01,
3329,-8.00e-03,2.03e+01,
3330,-8.00e-03,2.03e+01,
3331,-8.00e-03,2.03e+01,
3332,-1.60e-02,2.03e+01,
3333,-8.00e-03,2.03e+01,
3334,-1.60e-02,2.03e+01,
3335,-8.00e-03,2.03e+01,
3336,-1.60e-02,2.03e+01,
3337,-1.60e-02,1.99e+01,
3338,-1.60e-02,2.03e+01,
3339,-8.00e-03,1.99e+01,
3340,-8.00e-03,1.99e+01,
3341,-8.00e-03,1.99e+01,
3342,-8.00e-03,1.99e+01,
3343,-8.00e-03,1.99e+01,
3344,-1.60e-02,1.95e+01,
3345,-1.60e-02,1.95e+01,
3346,-8.00e-03,1.99e+01,
3347,-8.00e-03,1.99e+01,
3348,-1.60e-02,1.95e+01,
3349,-1.60e-02,1.95e+01,
3350,-8.00e-03,1.95e+01,
3351,-8.00e-03,1.95e+01,
3352,-1.60e-02,1.95e+01,
3353,-1.60e-02,1.91e+01,
3354,-1.60e-02,1.95e+01,
3355,-8.00e-03,1.91e+01,
3356,-1.60e-02,1.91e+01,
3357,-8.00e-03,1.91e+01,
3358,-1.60e-02,1.91e+01,
3359,-8.00e-03,1.91e+01,
3360,-1.60e-02,1.91e+01,
3361,-1.60e-02,1.91e+01,
3362,-1.60e-02,1.91e+01,
3363,-8.00e-03,1.87e+01,
3364,-1.60e-02,1.87e+01,
3365,-1.60e-02,1.87e+01,
3366,-1.60e-02,1.87e+01,
3367,-8.00e-03,1.87e+01,
3368,-1.60e-02,1.87e+01,
3369,-8.00e-03,1.87e+01,
3370,-8.00e-03,1.87e+01,
3371,-8.00e-03,1.87e+01,
3372,-1.60e-02,1.83e+01,
3373,-1.60e-02,1.83e+01,
3374,-1.60e-02,1.83e+01,
3375,-8.00e-03,1.83e+01,
3376,-1.60e-02,1.83e+01,
3377,-1.60e-02,1.83e+01,
3378,-1.60e-02,1.83e+01,
3379,-8.00e-03,1.79e+01,
3380,-8.00e-03,1.79e+01,
3381,-8.00e-03,1.79e+01,
3382,-1.60e-02,1.79e+01,
3383,-8.00e-03,1.79e+01,
3384,-1.60e-02,1.75e+01,
3385,-8.00e-03,1.75e+01,
3386,-1.60e-02,1.79e+01,
3387,-8.00e-03,1.75e+01,
3388,-1.60e-02,1.75e+01,
3389,-8.00e-03,1.75e+01,
3390,-8.00e-03,1.75e+01,
3391,-8.00e-03,1.75e+01,
3392,-1.60e-02,1.71e+01,
3393,-1.60e-02,1.71e+01,
3394,-8.00e-03,1.75e+01,
3395,-8.00e-03,1.71e+01,
3396,-1.60e-02,1.71e+01,
3397,-1.60e-02,1.71e+01,
3398,-1.60e-02,1.71e+01,
3399,-8.00e-03,1.71e+01,
3400,-1.60e-02,1.67e+01,
3401,-8.00e-03,1.67e+01,
3402,-8.00e-03,1.67e+01,
3403,-8.00e-03,1.67e+01,
3404,-1.60e-02,1.67e+01,
3405,-1.60e-02,1.67e+01,
3406,-1.60e-02,1.67e+01,
3407,-8.00e-03,1.67e+01,
3408,-1.60e-02,1.59e+01,
3409,-1.60e-02,1.67e+01,
3410,-1.60e-02,1.59e+01,
3411,-8.00e-03,1.59e+01,
3412,-1.60e-02,1.59e+01,
3413,-1.60e-02,1.59e+01,
3414,-8.00e-03,1.59e+01,
3415,-8.00e-03,1.59e+01,
3416,-1.60e-02,1.55e+01,
3417,-8.00e-03,1.55e+01,
3418,-8.00e-03,1.55e+01,
3419,-8.00e-03,1.55e+01,
3420,-1.60e-02,1.55e+01,
3421,-8.00e-03,1.55e+01,
3422,-8.00e-03,1.55e+01,
3423,-8.00e-03,1.55e+01,
3424,-1.60e-02,1.51e+01,
3425,-1.60e-02,1.51e+01,
3426,-1.60e-02,1.55e+01,
3427,-8.00e-03,1.51e+01,
3428,-8.00e-03,1.51e+01,
3429,-8.00e-03,1.51e+01,
3430,-8.00e-03,1.51e+01,
3431,-8.00e-03,1.47e+01,
3432,-1.60e-02,1.47e+01,
3433,-8.00e-03,1.51e+01,
3434,8.00e-03,1.47e+01,
3435,1.60e-02,1.47e+01,
3436,8.00e-03,1.47e+01,
3437,1.60e-02,1.47e+01,
3438,4.00e-02,1.47e+01,
3439,4.00e-02,1.47e+01,
3440,1.60e-02,1.43e+01,
3441,2.40e-02,1.47e+01,
3442,1.60e-02,1.47e+01,
3443,1.60e-02,1.43e+01,
3444,1.60e-02,1.43e+01,
3445,1.60e-02,1.43e+01,
3446,1.60e-02,1.47e+01,
3447,2.40e-02,1.43e+01,
3448,1.60e-02,1.39e+01,
3449,2.40e-02,1.43e+01,
3450,2.40e-02,1.43e+01,
3451,4.00e-02,1.43e+01,
3452,4.00e-02,1.43e+01,
3453,4.00e-02,1.43e+01,
3454,2.40e-02,1.43e+01,
3455,1.60e-02,1.39e+01,
3456,0.00e+00,1.39e+01,
3457,0.00e+00,1.43e+01,
3458,0.00e+00,1.43e+01,
3459,0.00e+00,1.43e+01,
3460,-8.00e-03,1.39e+01,
3461,-8.00e-03,1.39e+01,
3462,0.00e+00,1.39e+01,
3463,0.00e+00,1.35e+01,
3464,1.60e-02,1.19e+01,
3465,4.80e-02,1.07e+01,
3466,8.00e-02,8.70e+00,
3467,8.80e-02,7.50e+00,
3468,8.00e-02,6.30e+00,
3469,7.20e-02,5.50e+00,
3470,4.80e-02,5.10e+00,
3471,1.60e-02,4.70e+00,
3472,-2.40e-02,3.90e+00,
3473,-4.00e-02,3.90e+00,
3474,-4.80e-02,3.50e+00,
3475,-2.40e-02,3.50e+00,
3476,-8.00e-03,3.10e+00,
3477,2.40e-02,3.10e+00,
3478,4.80e-02,3.10e+00,
3479,6.40e-02,2.70e+00,
3480,5.60e-02,1.90e+00,
3481,4.00e-02,1.90e+00,
3482,8.00e-03,1.90e+00,
3483,-1.60e-02,1.50e+00,
3484,-3.20e-02,1.10e+00,
3485,-3.20e-02,1.10e+00,
3486,-1.60e-02,1.10e+00,
3487,8.00e-03,1.10e+00,
3488,2.40e-02,7.00e-01,
3489,4.80e-02,7.00e-01,
3490,4.80e-02,7.00e-01,
3491,4.80e-02,3.00e-01,
3492,1.60e-02,-1.00e-01,
3493,0.00e+00,-1.00e-01,
3494,-1.60e-02,-1.00e-01,
3495,-2.40e-02,-1.00e-01,
3496,-3.20e-02,-1.00e-01,
3497,-1.60e-02,-1.00e-01,
3498,0.00e+00,3.00e-01,
3499,1.60e-02,3.00e-01,
3500,2.40e-02,-1.00e-01,
3501,2.40e-02,-1.00e-01,
3502,1.60e-02,3.00e-01,
3503,8.00e-03,-1.00e-01,
3504,-8.00e-03,-1.00e-01,
3505,-1.60e-02,-1.00e-01,
3506,-2.40e-02,3.00e-01,
3507,-1.60e-02,3.00e-01,
3508,-8.00e-03,-1.00e-01,
3509,8.00e-03,-1.00e-01,
3510,1.60e-02,3.00e-01,
3511,2.40e-02,-1.00e-01,
3512,1.60e-02,-1.00e-01,
3513,8.00e-03,-1.00e-01,
3514,0.00e+00,3.00e-01,
3515,-8.00e-03,-1.00e-01,
3516,-1.60e-02,-1.00e-01,
3517,-1.60e-02,-1.00e-01,
3518,-8.00e-03,3.00e-01,
3519,0.00e+00,-1.00e-01,
3520,8.00e-03,-1.00e-01,
3521,1.60e-02,3.00e-01,
3522,1.60e-02,3.00e-01,
3523,1.60e-02,-1.00e-01,
3524,8.00e-03,-1.00e-01,
3525,0.00e+00,-1.00e-01,
3526,-8.00e-03,3.00e-01,
3527,-8.00e-03,-1.00e-01,
3528,-8.00e-03,-1.00e-01,
3529,0.00e+00,-1.00e-01,
3530,0.00e+00,3.00e-01,
3531,8.00e-03,3.00e-01,
3532,8.00e-03,-1.00e-01,
3533,8.00e-03,-1.00e-01,
3534,8.00e-03,3.00e-01,
3535,0.00e+00,-1.00e-01,
3536,-8.00e-03,-1.00e-01,
3537,-8.00e-03,-1.00e-01,
3538,-8.00e-03,3.00e-01,
3539,0.00e+00,-1.00e-01,
3540,0.00e+00,-1.00e-01,
3541,8.00e-03,-1.00e-01,
3542,8.00e-03,3.00e-01,
3543,8.00e-03,3.00e-01,
3544,8.00e-03,-1.00e-01,
3545,8.00e-03,-1.00e-01,
3546,0.00e+00,3.00e-01,
3547,0.00e+00,-1.00e-01,
3548,-8.00e-03,-1.00e-01,
3549,0.00e+00,-1.00e-01,
3550,0.00e+00,3.00e-01,
3551,8.00e-03,3.00e-01,
3552,8.00e-03,-1.00e-01,
3553,8.00e-03,-1.00e-01,
3554,8.00e-03,3.00e-01,
3555,8.00e-03,3.00e-01,
3556,0.00e+00,-1.00e-01,
3557,0.00e+00,-1.00e-01,
3558,0.00e+00,3.00e-01,
3559,0.00e+00,-1.00e-01,
3560,0.00e+00,-1.00e-01,
3561,0.00e+00,-1.00e-01,
3562,8.00e-03,3.00e-01,
3563,8.00e-03,3.00e-01,
3564,8.00e-03,-1.00e-01,
3565,8.00e-03,-1.00e-01,
3566,0.00e+00,3.00e-01,
3567,8.00e-03,-1.00e-01,
3568,0.00e+00,-1.00e-01,
3569,0.00e+00,-1.00e-01,
3570,0.00e+00,3.00e-01,
3571,8.00e-03,-1.00e-01,
3572,0.00e+00,-1.00e-01,
3573,8.00e-03,-1.00e-01,
3574,8.00e-03,3.00e-01,
3575,8.00e-03,-1.00e-01,
3576,8.00e-03,-1.00e-01,
3577,8.00e-03,-1.00e-01,
3578,0.00e+00,-1.00e-01,
3579,8.00e-03,3.00e-01,
3580,0.00e+00,-1.00e-01,
3581,0.00e+00,-1.00e-01,
3582,0.00e+00,3.00e-01,
3583,8.00e-03,-1.00e-01,
3584,0.00e+00,-1.00e-01,
3585,8.00e-03,-1.00e-01,
3586,8.00e-03,3.00e-01,
3587,8.00e-03,-1.00e-01,
3588,8.00e-03,-1.00e-01,
3589,0.00e+00,-1.00e-01,
3590,0.00e+00,3.00e-01,
3591,8.00e-03,-1.00e-01,
3592,0.00e+00,-1.00e-01,
3593,0.00e+00,3.00e-01,
3594,0.00e+00,3.00e-01,
3595,8.00e-03,-1.00e-01,
3596,8.00e-03,-1.00e-01,
3597,8.00e-03,-1.00e-01,
3598,8.00e-03,3.00e-01,
3599,8.00e-03,-1.00e-01,
3600,0.00e+00,-1.00e-01,
3601,0.00e+00,3.00e-01,
3602,8.00e-03,3.00e-01,
3603,8.00e-03,-1.00e-01,
3604,8.00e-03,-1.00e-01,
3605,8.00e-03,-1.00e-01,
3606,8.00e-03,3.00e-01,
3607,8.00e-03,-1.00e-01,
3608,8.00e-03,-1.00e-01,
3609,8.00e-03,-1.00e-01,
3610,8.00e-03,3.00e-01,
3611,8.00e-03,-1.00e-01,
3612,0.00e+00,-1.00e-01,
3613,8.00e-03,-1.00e-01,
3614,8.00e-03,3.00e-01,
3615,8.00e-03,-1.00e-01,
3616,8.00e-03,-1.00e-01,
3617,8.00e-03,3.00e-01,
3618,8.00e-03,3.00e-01,
3619,8.00e-03,3.00e-01,
3620,8.00e-03,-1.00e-01,
3621,8.00e-03,-1.00e-01,
3622,8.00e-03,3.00e-01,
3623,8.00e-03,-1.00e-01,
3624,8.00e-03,-1.00e-01,
3625,8.00e-03,-1.00e-01,
3626,8.00e-03,3.00e-01,
3627,8.00e-03,-1.00e-01,
3628,8.00e-03,-1.00e-01,
3629,8.00e-03,-1.00e-01,
3630,8.00e-03,3.00e-01,
3631,8.00e-03,-1.00e-01,
3632,8.00e-03,-1.00e-01,
3633,8.00e-03,3.00e-01,
3634,8.00e-03,3.00e-01,
3635,8.00e-03,3.00e-01,
3636,8.00e-03,-1.00e-01,
3637,8.00e-03,-1.00e-01,
3638,8.00e-03,3.00e-01,
3639,8.00e-03,-1.00e-01,
3640,8.00e-03,-1.00e-01,
3641,8.00e-03,-1.00e-01,
3642,8.00e-03,3.00e-01,
3643,8.00e-03,3.00e-01,
3644,8.00e-03,-1.00e-01,
3645,8.00e-03,-1.00e-01,
3646,8.00e-03,3.00e-01,
3647,8.00e-03,3.00e-01,
3648,8.00e-03,-5.00e-01,
3649,8.00e-03,3.00e-01,
3650,8.00e-03,-1.00e-01,
3651,8.00e-03,3.00e-01,
3652,8.00e-03,-1.00e-01,
3653,8.00e-03,-1.00e-01,
3654,8.00e-03,3.00e-01,
3655,8.00e-03,-1.00e-01,
3656,8.00e-03,-1.00e-01,
3657,8.00e-03,-1.00e-01,
3658,8.00e-03,-1.00e-01,
3659,1.60e-02,-1.00e-01,
3660,8.00e-03,-1.00e-01,
3661,8.00e-03,-1.00e-01,
3662,8.00e-03,3.00e-01,
3663,1.60e-02,-1.00e-01,
3664,8.00e-03,-1.00e-01,
3665,8.00e-03,-1.00e-01,
3666,8.00e-03,3.00e-01,
3667,8.00e-03,-1.00e-01,
3668,8.00e-03,-1.00e-01,
3669,8.00e-03,-1.00e-01,
3670,8.00e-03,3.00e-01,
3671,1.60e-02,-1.00e-01,
3672,8.00e-03,-1.00e-01,
3673,8.00e-03,-1.00e-01,
3674,8.00e-03,3.00e-01,
3675,1.60e-02,-1.00e-01,
3676,8.00e-03,-1.00e-01,
3677,8.00e-03,-1.00e-01,
3678,8.00e-03,3.00e-01,
3679,1.60e-02,-1.00e-01,
3680,8.00e-03,-1.00e-01,
3681,8.00e-03,-1.00e-01,
3682,8.00e-03,3.00e-01,
3683,1.60e-02,3.00e-01,
3684,8.00e-03,-1.00e-01,
3685,8.00e-03,-1.00e-01,
3686,8.00e-03,3.00e-01,
3687,1.60e-02,-1.00e-01,
3688,8.00e-03,-1.00e-01,
3689,8.00e-03,-1.00e-01,
3690,8.00e-03,3.00e-01,
3691,1.60e-02,-1.00e-01,
3692,8.00e-03,-1.00e-01,
3693,8.00e-03,-1.00e-01,
3694,8.00e-03,3.00e-01,
3695,1.60e-02,-1.00e-01,
3696,8.00e-03,-1.00e-01,
3697,8.00e-03,-1.00e-01,
3698,1.60e-02,3.00e-01,
3699,1.60e-02,3.00e-01,
3700,8.00e-03,-1.00e-01,
3701,1.60e-02,-1.00e-01,
3702,8.00e-03,3.00e-01,
3703,1.60e-02,-1.00e-01,
3704,1.60e-02,-1.00e-01,
3705,1.60e-02,-1.00e-01,
3706,1.60e-02,3.00e-01,
3707,1.60e-02,-1.00e-01,
3708,8.00e-03,-1.00e-01,
3709,1.60e-02,3.00e-01,
3710,1.60e-02,3.00e-01,
3711,1.60e-02,3.00e-01,
3712,8.00e-03,-1.00e-01,
3713,1.60e-02,-1.00e-01,
3714,1.60e-02,3.00e-01,
3715,1.60e-02,3.00e-01,
3716,1.60e-02,-1.00e-01,
3717,1.60e-02,-1.00e-01,
3718,1.60e-02,3.00e-01,
3719,1.60e-02,-1.00e-01,
3720,1.60e-02,-1.00e-01,
3721,1.60e-02,-1.00e-01,
3722,1.60e-02,3.00e-01,
3723,1.60e-02,3.00e-01,
3724,1.60e-02,-1.00e-01,
3725,1.60e-02,-1.00e-01,
3726,1.60e-02,3.00e-01,
3727,1.60e-02,-1.00e-01,
3728,1.60e-02,-1.00e-01,
3729,1.60e-02,-1.00e-01,
3730,1.60e-02,3.00e-01,
3731,1.60e-02,-1.00e-01,
3732,1.60e-02,-1.00e-01,
3733,1.60e-02,-1.00e-01,
3734,1.60e-02,3.00e-01,
3735,1.60e-02,3.00e-01,
3736,1.60e-02,-1.00e-01,
3737,1.60e-02,-1.00e-01,
3738,1.60e-02,3.00e-01,
3739,2.40e-02,-1.00e-01,
3740,1.60e-02,-1.00e-01,
3741,1.60e-02,-1.00e-01,
3742,1.60e-02,3.00e-01,
3743,1.60e-02,-1.00e-01,
3744,1.60e-02,-1.00e-01,
3745,1.60e-02,-1.00e-01,
3746,1.60e-02,3.00e-01,
3747,2.40e-02,-1.00e-01,
3748,1.60e-02,-1.00e-01,
3749,1.60e-02,3.00e-01,
3750,1.60e-02,3.00e-01,
3751,1.60e-02,-1.00e-01,
3752,1.60e-02,-1.00e-01,
3753,1.60e-02,-1.00e-01,
3754,1.60e-02,3.00e-01,
3755,1.60e-02,-1.00e-01,
3756,1.60e-02,-1.00e-01,
3757,1.60e-02,-1.00e-01,
3758,1.60e-02,3.00e-01,
3759,2.40e-02,-1.00e-01,
3760,1.60e-02,-1.00e-01,
3761,1.60e-02,3.00e-01,
3762,1.60e-02,3.00e-01,
3763,2.40e-02,3.00e-01,
3764,1.60e-02,-1.00e-01,
3765,1.60e-02,3.00e-01,
3766,1.60e-02,3.00e-01,
3767,2.40e-02,-1.00e-01,
3768,1.60e-02,-1.00e-01,
3769,1.60e-02,-1.00e-01,
3770,1.60e-02,3.00e-01,
3771,2.40e-02,3.00e-01,
3772,1.60e-02,-1.00e-01,
3773,1.60e-02,-1.00e-01,
3774,1.60e-02,3.00e-01,
3775,2.40e-02,-1.00e-01,
3776,1.60e-02,-1.00e-01,
3777,1.60e-02,-1.00e-01,
3778,2.40e-02,3.00e-01,
3779,2.40e-02,3.00e-01,
3780,1.60e-02,-1.00e-01,
3781,2.40e-02,-1.00e-01,
3782,1.60e-02,3.00e-01,
3783,2.40e-02,3.00e-01,
3784,1.60e-02,-1.00e-01,
3785,1.60e-02,-1.00e-01,
3786,2.40e-02,3.00e-01,
3787,2.40e-02,3.00e-01,
3788,1.60e-02,-1.00e-01,
3789,1.60e-02,3.00e-01,
3790,1.60e-02,3.00e-01,
3791,2.40e-02,3.00e-01,
3792,2.40e-02,-1.00e-01,
3793,2.40e-02,-1.00e-01,
3794,1.60e-02,3.00e-01,
3795,2.40e-02,3.00e-01,
3796,1.60e-02,-1.00e-01,
3797,2.40e-02,-1.00e-01,
3798,2.40e-02,3.00e-01,
3799,2.40e-02,3.00e-01,
3800,2.40e-02,-1.00e-01,
3801,2.40e-02,3.00e-01,
3802,2.40e-02,3.00e-01,
3803,2.40e-02,3.00e-01,
3804,1.60e-02,-1.00e-01,
3805,2.40e-02,-1.00e-01,
3806,2.40e-02,3.00e-01,
3807,2.40e-02,-1.00e-01,
3808,2.40e-02,-1.00e-01,
3809,2.40e-02,-1.00e-01,
3810,2.40e-02,3.00e-01,
3811,2.40e-02,3.00e-01,
3812,2.40e-02,-1.00e-01,
3813,2.40e-02,3.00e-01,
3814,2.40e-02,3.00e-01,
3815,2.40e-02,-1.00e-01,
3816,2.40e-02,-1.00e-01,
3817,2.40e-02,-1.00e-01,
3818,2.40e-02,3.00e-01,
3819,2.40e-02,3.00e-01,
3820,2.40e-02,-1.00e-01,
3821,2.40e-02,-1.00e-01,
3822,2.40e-02,3.00e-01,
3823,2.40e-02,3.00e-01,
3824,2.40e-02,-1.00e-01,
3825,2.40e-02,3.00e-01,
3826,2.40e-02,3.00e-01,
3827,2.40e-02,-1.00e-01,
3828,2.40e-02,-1.00e-01,
3829,2.40e-02,-1.00e-01,
3830,2.40e-02,3.00e-01,
3831,2.40e-02,3.00e-01,
3832,2.40e-02,-1.00e-01,
3833,2.40e-02,3.00e-01,
3834,2.40e-02,3.00e-01,
3835,4.00e-02,3.00e-01,
3836,2.40e-02,-1.00e-01,
3837,2.40e-02,-1.00e-01,
3838,2.40e-02,3.00e-01,
3839,2.40e-02,3.00e-01,
3840,2.40e-02,-1.00e-01,
3841,2.40e-02,3.00e-01,
3842,2.40e-02,3.00e-01,
3843,2.40e-02,3.00e-01,
3844,2.40e-02,-1.00e-01,
3845,2.40e-02,-1.00e-01,
3846,2.40e-02,3.00e-01,
3847,4.00e-02,3.00e-01,
3848,2.40e-02,-5.00e-01,
3849,2.40e-02,3.00e-01,
3850,2.40e-02,-1.00e-01,
3851,4.00e-02,3.00e-01,
3852,2.40e-02,-1.00e-01,
3853,2.40e-02,-1.00e-01,
3854,2.40e-02,3.00e-01,
3855,4.00e-02,-1.00e-01,
3856,2.40e-02,-1.00e-01,
3857,2.40e-02,3.00e-01,
3858,2.40e-02,3.00e-01,
3859,4.00e-02,3.00e-01,
3860,2.40e-02,-1.00e-01,
3861,2.40e-02,3.00e-01,
3862,2.40e-02,3.00e-01,
3863,4.00e-02,3.00e-01,
3864,2.40e-02,-1.00e-01,
3865,2.40e-02,-1.00e-01,
3866,2.40e-02,3.00e-01,
3867,4.00e-02,-1.00e-01,
3868,2.40e-02,-1.00e-01,
3869,4.00e-02,3.00e-01,
3870,2.40e-02,3.00e-01,
3871,4.00e-02,3.00e-01,
3872,2.40e-02,-1.00e-01,
3873,4.00e-02,3.00e-01,
3874,2.40e-02,3.00e-01,
3875,4.00e-02,3.00e-01,
3876,2.40e-02,-1.00e-01,
3877,4.00e-02,-1.00e-01,
3878,2.40e-02,3.00e-01,
3879,4.00e-02,3.00e-01,
3880,4.00e-02,-1.00e-01,
3881,4.00e-02,3.00e-01,
3882,2.40e-02,3.00e-01,
3883,4.00e-02,3.00e-01,
3884,2.40e-02,-1.00e-01,
3885,2.40e-02,3.00e-01,
3886,4.00e-02,3.00e-01,
3887,4.00e-02,3.00e-01,
3888,4.00e-02,-1.00e-01,
3889,4.00e-02,3.00e-01,
3890,4.00e-02,3.00e-01,
3891,4.00e-02,3.00e-01,
3892,4.00e-02,-1.00e-01,
3893,4.00e-02,-1.00e-01,
3894,4.00e-02,3.00e-01,
3895,4.00e-02,3.00e-01,
3896,4.00e-02,-1.00e-01,
3897,4.00e-02,3.00e-01,
3898,2.40e-02,3.00e-01,
3899,4.00e-02,3.00e-01,
3900,4.00e-02,-1.00e-01,
3901,4.00e-02,-1.00e-01,
3902,4.00e-02,3.00e-01,
3903,4.00e-02,3.00e-01,
3904,4.00e-02,-1.00e-01,
3905,4.00e-02,3.00e-01,
3906,4.00e-02,3.00e-01,
3907,4.00e-02,3.00e-01,
3908,4.00e-02,-1.00e-01,
3909,4.00e-02,3.00e-01,
3910,4.00e-02,3.00e-01,
3911,4.00e-02,3.00e-01,
3912,4.00e-02,-1.00e-01,
3913,4.00e-02,3.00e-01,
3914,4.00e-02,3.00e-01,
3915,4.00e-02,3.00e-01,
3916,4.00e-02,-1.00e-01,
3917,4.00e-02,3.00e-01,
3918,4.00e-02,3.00e-01,
3919,4.00e-02,3.00e-01,
3920,4.00e-02,-1.00e-01,
3921,4.00e-02,3.00e-01,
3922,4.00e-02,3.00e-01,
3923,4.80e-02,3.00e-01,
3924,4.00e-02,-1.00e-01,
3925,4.00e-02,3.00e-01,
3926,4.00e-02,3.00e-01,
3927,4.00e-02,3.00e-01,
3928,4.00e-02,-1.00e-01,
3929,4.00e-02,3.00e-01,
3930,4.00e-02,3.00e-01,
3931,4.00e-02,3.00e-01,
3932,4.00e-02,-1.00e-01,
3933,4.00e-02,-1.00e-01,
3934,4.00e-02,3.00e-01,
3935,4.80e-02,3.00e-01,
3936,4.00e-02,-1.00e-01,
3937,4.00e-02,-1.00e-01,
3938,4.00e-02,3.00e-01,
3939,4.80e-02,3.00e-01,
3940,4.00e-02,-1.00e-01,
3941,4.00e-02,3.00e-01,
3942,4.00e-02,3.00e-01,
3943,4.80e-02,-1.00e-01,
3944,4.00e-02,-1.00e-01,
3945,4.00e-02,3.00e-01,
3946,4.00e-02,3.00e-01,
3947,4.00e-02,3.00e-01,
3948,4.00e-02,-1.00e-01,
3949,4.00e-02,3.00e-01,
3950,4.00e-02,3.00e-01,
3951,4.80e-02,3.00e-01,
3952,4.00e-02,-1.00e-01,
3953,4.00e-02,3.00e-01,
3954,4.00e-02,3.00e-01,
3955,4.80e-02,3.00e-01,
3956,4.00e-02,-1.00e-01,
3957,4.00e-02,-1.00e-01,
3958,4.00e-02,3.00e-01,
3959,4.80e-02,3.00e-01,
3960,4.00e-02,-1.00e-01,
3961,4.00e-02,3.00e-01,
3962,4.00e-02,3.00e-01,
3963,4.80e-02,3.00e-01,
3964,4.00e-02,-1.00e-01,
3965,4.80e-02,3.00e-01,
3966,4.00e-02,3.00e-01,
3967,4.80e-02,-1.00e-01,
3968,4.00e-02,-1.00e-01,
3969,4.80e-02,3.00e-01,
3970,4.00e-02,3.00e-01,
3971,4.80e-02,3.00e-01,
3972,4.80e-02,-1.00e-01,
3973,4.80e-02,3.00e-01,
3974,4.00e-02,3.00e-01,
3975,4.80e-02,3.00e-01,
3976,4.00e-02,-1.00e-01,
3977,4.80e-02,-1.00e-01,
3978,4.80e-02,3.00e-01,
3979,4.80e-02,-1.00e-01,
3980,4.80e-02,-1.00e-01,
3981,4.80e-02,3.00e-01,
3982,4.00e-02,3.00e-01,
3983,4.80e-02,3.00e-01,
3984,4.00e-02,-1.00e-01,
3985,4.80e-02,3.00e-01,
3986,4.80e-02,3.00e-01,
3987,4.80e-02,3.00e-01,
3988,4.80e-02,-1.00e-01,
3989,4.80e-02,3.00e-01,
3990,4.80e-02,3.00e-01,
3991,4.80e-02,3.00e-01,
3992,4.80e-02,-1.00e-01,
3993,4.80e-02,3.00e-01,
3994,4.80e-02,3.00e-01,
3995,4.80e-02,3.00e-01,
3996,4.80e-02,-1.00e-01,
3997,4.80e-02,3.00e-01,
3998,4.80e-02,3.00e-01,
3999,4.80e-02,-1.00e-01,
4000,4.80e-02,-1.00e-01,
4001,4.80e-02,-1.00e-01,
4002,4.80e-02,3.00e-01,
4003,4.80e-02,3.00e-01,
4004,4.80e-02,-1.00e-01,
4005,4.80e-02,3.00e-01,
4006,4.80e-02,3.00e-01,
4007,4.80e-02,-1.00e-01,
4008,4.80e-02,-1.00e-01,
4009,4.80e-02,3.00e-01,
4010,4.80e-02,3.00e-01,
4011,4.80e-02,3.00e-01,
4012,4.80e-02,-1.00e-01,
4013,4.80e-02,3.00e-01,
4014,4.80e-02,3.00e-01,
4015,4.80e-02,3.00e-01,
4016,4.80e-02,-1.00e-01,
4017,4.80e-02,-1.00e-01,
4018,4.80e-02,3.00e-01,
4019,4.80e-02,3.00e-01,
4020,4.80e-02,-1.00e-01,
4021,4.80e-02,3.00e-01,
4022,4.80e-02,3.00e-01,
4023,5.60e-02,3.00e-01,
4024,4.80e-02,-1.00e-01,
4025,4.80e-02,-1.00e-01,
4026,4.80e-02,3.00e-01,
4027,5.60e-02,3.00e-01,
4028,4.80e-02,-1.00e-01,
4029,4.80e-02,3.00e-01,
4030,4.80e-02,3.00e-01,
4031,4.80e-02,3.00e-01,
4032,4.80e-02,-1.00e-01,
4033,4.80e-02,3.00e-01,
4034,4.80e-02,3.00e-01,
4035,4.80e-02,3.00e-01,
4036,4.80e-02,-1.00e-01,
4037,4.80e-02,-1.00e-01,
4038,4.80e-02,3.00e-01,
4039,5.60e-02,-1.00e-01,
4040,4.80e-02,-1.00e-01,
4041,4.80e-02,3.00e-01,
4042,4.80e-02,3.00e-01,
4043,5.60e-02,3.00e-01,
4044,4.80e-02,-1.00e-01,
4045,4.80e-02,-1.00e-01,
4046,4.80e-02,3.00e-01,
4047,5.60e-02,3.00e-01,
4048,4.80e-02,-5.00e-01,
4049,4.80e-02,3.00e-01,
4050,4.80e-02,3.00e-01,
4051,5.60e-02,3.00e-01,
4052,4.80e-02,-1.00e-01,
4053,5.60e-02,-1.00e-01,
4054,4.80e-02,3.00e-01,
4055,5.60e-02,-1.00e-01,
4056,4.80e-02,-1.00e-01,
4057,5.60e-02,3.00e-01,
4058,4.80e-02,3.00e-01,
4059,5.60e-02,3.00e-01,
4060,4.80e-02,-1.00e-01,
4061,5.60e-02,3.00e-01,
4062,5.60e-02,3.00e-01,
4063,5.60e-02,3.00e-01,
4064,5.60e-02,-1.00e-01,
4065,5.60e-02,3.00e-01,
4066,5.60e-02,3.00e-01,
4067,5.60e-02,3.00e-01,
4068,5.60e-02,-1.00e-01,
4069,5.60e-02,3.00e-01,
4070,5.60e-02,3.00e-01,
4071,5.60e-02,3.00e-01,
4072,5.60e-02,-1.00e-01,
4073,5.60e-02,3.00e-01,
4074,5.60e-02,3.00e-01,
4075,5.60e-02,3.00e-01,
4076,5.60e-02,-1.00e-01,
4077,5.60e-02,-1.00e-01,
4078,5.60e-02,3.00e-01,
4079,5.60e-02,-1.00e-01,
4080,5.60e-02,-1.00e-01,
4081,5.60e-02,3.00e-01,
4082,5.60e-02,3.00e-01,
4083,5.60e-02,3.00e-01,
4084,5.60e-02,-1.00e-01,
4085,5.60e-02,3.00e-01,
4086,5.60e-02,3.00e-01,
4087,5.60e-02,3.00e-01,
4088,5.60e-02,-1.00e-01,
4089,5.60e-02,-1.00e-01,
4090,5.60e-02,3.00e-01,
4091,5.60e-02,3.00e-01,
4092,5.60e-02,-1.00e-01,
4093,5.60e-02,3.00e-01,
4094,5.60e-02,3.00e-01,
4095,5.60e-02,3.00e-01,
4096,5.60e-02,-1.00e-01,
4097,5.60e-02,3.00e-01,
4098,5.60e-02,3.00e-01,
4099,6.40e-02,3.00e-01,
4100,5.60e-02,-1.00e-01,
4101,5.60e-02,3.00e-01,
4102,5.60e-02,3.00e-01,
4103,5.60e-02,3.00e-01,
4104,5.60e-02,-1.00e-01,
4105,5.60e-02,3.00e-01,
4106,5.60e-02,3.00e-01,
4107,5.60e-02,3.00e-01,
4108,5.60e-02,-1.00e-01,
4109,5.60e-02,-1.00e-01,
4110,5.60e-02,3.00e-01,
4111,5.60e-02,3.00e-01,
4112,5.60e-02,-1.00e-01,
4113,5.60e-02,3.00e-01,
4114,5.60e-02,3.00e-01,
4115,5.60e-02,3.00e-01,
4116,5.60e-02,-1.00e-01,
4117,5.60e-02,3.00e-01,
4118,5.60e-02,3.00e-01,
4119,6.40e-02,3.00e-01,
4120,5.60e-02,-1.00e-01,
4121,5.60e-02,3.00e-01,
4122,5.60e-02,3.00e-01,
4123,6.40e-02,3.00e-01,
4124,5.60e-02,-1.00e-01,
4125,5.60e-02,3.00e-01,
4126,5.60e-02,3.00e-01,
4127,6.40e-02,3.00e-01,
4128,5.60e-02,-1.00e-01,
4129,5.60e-02,-1.00e-01,
4130,5.60e-02,3.00e-01,
4131,6.40e-02,3.00e-01,
4132,5.60e-02,-1.00e-01,
4133,5.60e-02,3.00e-01,
4134,5.60e-02,3.00e-01,
4135,6.40e-02,3.00e-01,
4136,5.60e-02,-1.00e-01,
4137,6.40e-02,3.00e-01,
4138,5.60e-02,3.00e-01,
4139,6.40e-02,3.00e-01,
4140,5.60e-02,-1.00e-01,
4141,5.60e-02,3.00e-01,
4142,6.40e-02,3.00e-01,
4143,6.40e-02,3.00e-01,
4144,5.60e-02,-1.00e-01,
4145,5.60e-02,3.00e-01,
4146,5.60e-02,3.00e-01,
4147,6.40e-02,3.00e-01,
4148,5.60e-02,-1.00e-01,
4149,6.40e-02,3.00e-01,
4150,5.60e-02,3.00e-01,
4151,6.40e-02,3.00e-01,
4152,6.40e-02,-1.00e-01,
4153,6.40e-02,3.00e-01,
4154,5.60e-02,3.00e-01,
4155,6.40e-02,3.00e-01,
4156,6.40e-02,-1.00e-01,
4157,6.40e-02,3.00e-01,
4158,6.40e-02,3.00e-01,
4159,6.40e-02,-1.00e-01,
4160,6.40e-02,-1.00e-01,
4161,5.60e-02,3.00e-01,
4162,6.40e-02,3.00e-01,
4163,6.40e-02,3.00e-01,
4164,6.40e-02,-1.00e-01,
4165,6.40e-02,3.00e-01,
4166,6.40e-02,3.00e-01,
4167,6.40e-02,3.00e-01,
4168,6.40e-02,-1.00e-01,
4169,6.40e-02,3.00e-01,
4170,5.60e-02,3.00e-01,
4171,6.40e-02,3.00e-01,
4172,6.40e-02,-1.00e-01,
4173,6.40e-02,3.00e-01,
4174,6.40e-02,3.00e-01,
4175,6.40e-02,3.00e-01,
4176,6.40e-02,-1.00e-01,
4177,6.40e-02,3.00e-01,
4178,6.40e-02,3.00e-01,
4179,6.40e-02,3.00e-01,
4180,6.40e-02,-1.00e-01,
4181,6.40e-02,3.00e-01,
4182,6.40e-02,3.00e-01,
4183,6.40e-02,3.00e-01,
4184,6.40e-02,-1.00e-01,
4185,6.40e-02,3.00e-01,
4186,6.40e-02,3.00e-01,
4187,7.20e-02,3.00e-01,
4188,6.40e-02,-1.00e-01,
4189,6.40e-02,3.00e-01,
4190,6.40e-02,3.00e-01,
4191,6.40e-02,3.00e-01,
4192,6.40e-02,-1.00e-01,
4193,6.40e-02,3.00e-01,
4194,6.40e-02,3.00e-01,
4195,7.20e-02,3.00e-01,
4196,6.40e-02,-1.00e-01,
4197,6.40e-02,-1.00e-01,
4198,6.40e-02,3.00e-01,
4199,6.40e-02,3.00e-01,
4200,6.40e-02,-1.00e-01,
4201,6.40e-02,3.00e-01,
4202,6.40e-02,3.00e-01,
4203,6.40e-02,3.00e-01,
4204,6.40e-02,-1.00e-01,
4205,6.40e-02,3.00e-01,
4206,6.40e-02,3.00e-01,
4207,7.20e-02,3.00e-01,
4208,6.40e-02,-1.00e-01,
4209,6.40e-02,3.00e-01,
4210,6.40e-02,3.00e-01,
4211,7.20e-02,3.00e-01,
4212,6.40e-02,-1.00e-01,
4213,6.40e-02,3.00e-01,
4214,6.40e-02,3.00e-01,
4215,7.20e-02,3.00e-01,
4216,6.40e-02,-1.00e-01,
4217,6.40e-02,3.00e-01,
4218,6.40e-02,3.00e-01,
4219,7.20e-02,3.00e-01,
4220,6.40e-02,-1.00e-01,
4221,6.40e-02,3.00e-01,
4222,6.40e-02,3.00e-01,
4223,7.20e-02,3.00e-01,
4224,6.40e-02,-1.00e-01,
4225,6.40e-02,3.00e-01,
4226,6.40e-02,3.00e-01,
4227,7.20e-02,3.00e-01,
4228,6.40e-02,-1.00e-01,
4229,6.40e-02,3.00e-01,
4230,6.40e-02,3.00e-01,
4231,7.20e-02,3.00e-01,
4232,6.40e-02,-1.00e-01,
4233,6.40e-02,3.00e-01,
4234,6.40e-02,3.00e-01,
4235,7.20e-02,3.00e-01,
4236,6.40e-02,3.00e-01,
4237,7.20e-02,-1.00e-01,
4238,6.40e-02,3.00e-01,
4239,7.20e-02,-1.00e-01,
4240,7.20e-02,-1.00e-01,
4241,7.20e-02,3.00e-01,
4242,7.20e-02,3.00e-01,
4243,7.20e-02,3.00e-01,
4244,6.40e-02,-1.00e-01,
4245,7.20e-02,-1.00e-01,
4246,6.40e-02,7.00e-01,
4247,7.20e-02,3.00e-01,
4248,7.20e-02,-5.00e-01,
4249,7.20e-02,3.00e-01,
4250,7.20e-02,-1.00e-01,
4251,7.20e-02,3.00e-01,
4252,7.20e-02,-1.00e-01,
4253,7.20e-02,3.00e-01,
4254,7.20e-02,3.00e-01,
4255,8.00e-02,3.00e-01,
4256,7.20e-02,-1.00e-01,
4257,7.20e-02,3.00e-01,
4258,7.20e-02,3.00e-01,
4259,7.20e-02,3.00e-01,
4260,7.20e-02,-1.00e-01,
4261,7.20e-02,3.00e-01,
4262,7.20e-02,3.00e-01,
4263,7.20e-02,3.00e-01,
4264,7.20e-02,-1.00e-01,
4265,7.20e-02,3.00e-01,
4266,7.20e-02,3.00e-01,
4267,7.20e-02,3.00e-01,
4268,7.20e-02,-1.00e-01,
4269,7.20e-02,3.00e-01,
4270,7.20e-02,3.00e-01,
4271,7.20e-02,3.00e-01,
4272,7.20e-02,-1.00e-01,
4273,7.20e-02,3.00e-01,
4274,7.20e-02,3.00e-01,
4275,7.20e-02,3.00e-01,
4276,7.20e-02,-1.00e-01,
4277,7.20e-02,3.00e-01,
4278,7.20e-02,3.00e-01,
4279,7.20e-02,3.00e-01,
4280,7.20e-02,-1.00e-01,
4281,7.20e-02,3.00e-01,
4282,7.20e-02,3.00e-01,
4283,8.00e-02,3.00e-01,
4284,7.20e-02,-1.00e-01,
4285,7.20e-02,-1.00e-01,
4286,7.20e-02,3.00e-01,
4287,8.00e-02,3.00e-01,
4288,7.20e-02,-1.00e-01,
4289,7.20e-02,3.00e-01,
4290,7.20e-02,3.00e-01,
4291,7.20e-02,3.00e-01,
4292,7.20e-02,-1.00e-01,
4293,7.20e-02,3.00e-01,
4294,7.20e-02,3.00e-01,
4295,8.00e-02,3.00e-01,
4296,7.20e-02,-1.00e-01,
4297,7.20e-02,3.00e-01,
4298,7.20e-02,3.00e-01,
4299,8.00e-02,3.00e-01,
4300,7.20e-02,-1.00e-01,
4301,7.20e-02,3.00e-01,
4302,7.20e-02,3.00e-01,
4303,8.00e-02,-1.00e-01,
4304,7.20e-02,-1.00e-01,
4305,7.20e-02,3.00e-01,
4306,7.20e-02,3.00e-01,
4307,8.00e-02,3.00e-01,
4308,7.20e-02,-1.00e-01,
4309,7.20e-02,3.00e-01,
4310,7.20e-02,3.00e-01,
4311,8.00e-02,3.00e-01,
4312,7.20e-02,-1.00e-01,
4313,7.20e-02,3.00e-01,
4314,7.20e-02,3.00e-01,
4315,8.00e-02,3.00e-01,
4316,7.20e-02,-1.00e-01,
4317,8.00e-02,-1.00e-01,
4318,7.20e-02,3.00e-01,
4319,8.00e-02,3.00e-01,
4320,7.20e-02,-1.00e-01,
4321,7.20e-02,3.00e-01,
4322,7.20e-02,3.00e-01,
4323,8.00e-02,3.00e-01,
4324,7.20e-02,-1.00e-01,
4325,7.20e-02,3.00e-01,
4326,8.00e-02,3.00e-01,
4327,8.00e-02,3.00e-01,
4328,7.20e-02,-1.00e-01,
4329,8.00e-02,3.00e-01,
4330,7.20e-02,3.00e-01,
4331,8.00e-02,3.00e-01,
4332,7.20e-02,-1.00e-01,
4333,8.00e-02,3.00e-01,
4334,7.20e-02,3.00e-01,
4335,8.00e-02,3.00e-01,
4336,7.20e-02,-1.00e-01,
4337,8.00e-02,3.00e-01,
4338,7.20e-02,3.00e-01,
4339,8.00e-02,3.00e-01,
4340,7.20e-02,-1.00e-01,
4341,8.00e-02,3.00e-01,
4342,8.00e-02,3.00e-01,
4343,8.00e-02,3.00e-01,
4344,8.00e-02,-1.00e-01,
4345,8.00e-02,3.00e-01,
4346,8.00e-02,3.00e-01,
4347,8.00e-02,3.00e-01,
4348,8.00e-02,-1.00e-01,
4349,8.00e-02,3.00e-01,
4350,8.00e-02,3.00e-01,
4351,8.00e-02,3.00e-01,
4352,8.00e-02,-1.00e-01,
4353,8.00e-02,3.00e-01,
4354,8.00e-02,3.00e-01,
4355,8.00e-02,3.00e-01,
4356,8.00e-02,-1.00e-01,
4357,8.00e-02,3.00e-01,
4358,8.00e-02,3.00e-01,
4359,8.00e-02,3.00e-01,
4360,8.00e-02,-1.00e-01,
4361,8.00e-02,3.00e-01,
4362,8.00e-02,3.00e-01,
4363,8.00e-02,3.00e-01,
4364,8.00e-02,-1.00e-01,
4365,8.00e-02,3.00e-01,
4366,8.00e-02,3.00e-01,
4367,8.00e-02,-1.00e-01,
4368,8.00e-02,-1.00e-01,
4369,8.00e-02,3.00e-01,
4370,8.00e-02,3.00e-01,
4371,8.00e-02,3.00e-01,
4372,8.00e-02,-1.00e-01,
4373,8.00e-02,3.00e-01,
4374,8.00e-02,3.00e-01,
4375,8.00e-02,3.00e-01,
4376,8.00e-02,-1.00e-01,
4377,8.00e-02,3.00e-01,
4378,8.00e-02,3.00e-01,
4379,8.00e-02,3.00e-01,
4380,8.00e-02,-1.00e-01,
4381,8.00e-02,3.00e-01,
4382,8.00e-02,3.00e-01,
4383,8.80e-02,3.00e-01,
4384,8.00e-02,-1.00e-01,
4385,8.00e-02,3.00e-01,
4386,8.00e-02,3.00e-01,
4387,8.80e-02,3.00e-01,
4388,8.00e-02,-1.00e-01,
4389,8.00e-02,3.00e-01,
4390,8.00e-02,3.00e-01,
4391,8.80e-02,3.00e-01,
4392,8.00e-02,-1.00e-01,
4393,8.00e-02,3.00e-01,
4394,8.00e-02,3.00e-01,
4395,8.80e-02,3.00e-01,
4396,8.00e-02,-1.00e-01,
4397,8.00e-02,3.00e-01,
4398,8.00e-02,3.00e-01,
4399,8.80e-02,3.00e-01,
4400,8.00e-02,-1.00e-01,
4401,8.00e-02,3.00e-01,
4402,8.00e-02,3.00e-01,
4403,8.80e-02,3.00e-01,
4404,8.00e-02,-1.00e-01,
4405,8.00e-02,3.00e-01,
4406,8.00e-02,3.00e-01,
4407,8.80e-02,3.00e-01,
4408,8.00e-02,-1.00e-01,
4409,8.80e-02,3.00e-01,
4410,8.00e-02,3.00e-01,
4411,8.80e-02,3.00e-01,
4412,8.00e-02,-1.00e-01,
4413,8.80e-02,3.00e-01,
4414,8.00e-02,3.00e-01,
4415,8.80e-02,3.00e-01,
4416,8.00e-02,-1.00e-01,
4417,8.00e-02,3.00e-01,
4418,8.00e-02,3.00e-01,
4419,8.80e-02,3.00e-01,
4420,8.00e-02,-1.00e-01,
4421,8.00e-02,3.00e-01,
4422,8.00e-02,3.00e-01,
4423,8.80e-02,3.00e-01,
4424,8.00e-02,-1.00e-01,
4425,8.80e-02,-1.00e-01,
4426,8.00e-02,3.00e-01,
4427,8.80e-02,3.00e-01,
4428,8.00e-02,-1.00e-01,
4429,8.80e-02,3.00e-01,
4430,8.80e-02,3.00e-01,
4431,8.80e-02,3.00e-01,
4432,8.80e-02,-1.00e-01,
4433,8.80e-02,3.00e-01,
4434,8.80e-02,3.00e-01,
4435,8.80e-02,3.00e-01,
4436,8.00e-02,-1.00e-01,
4437,8.80e-02,-1.00e-01,
4438,8.80e-02,3.00e-01,
4439,8.80e-02,3.00e-01,
4440,8.80e-02,-1.00e-01,
4441,8.80e-02,3.00e-01,
4442,8.80e-02,3.00e-01,
4443,8.80e-02,3.00e-01,
4444,8.80e-02,3.00e-01,
4445,8.80e-02,-1.00e-01,
4446,8.80e-02,3.00e-01,
4447,8.80e-02,3.00e-01,
4448,8.80e-02,-5.00e-01,
4449,8.80e-02,3.00e-01,
4450,8.80e-02,3.00e-01,
4451,8.80e-02,3.00e-01,
4452,8.80e-02,-1.00e-01,
4453,8.80e-02,-1.00e-01,
4454,8.80e-02,3.00e-01,
4455,8.80e-02,3.00e-01,
4456,8.80e-02,-1.00e-01,
4457,8.80e-02,3.00e-01,
4458,8.80e-02,3.00e-01,
4459,8.80e-02,3.00e-01,
4460,8.80e-02,-1.00e-01,
4461,8.80e-02,3.00e-01,
4462,8.80e-02,3.00e-01,
4463,8.80e-02,3.00e-01,
4464,8.80e-02,-1.00e-01,
4465,8.80e-02,3.00e-01,
4466,8.80e-02,3.00e-01,
4467,9.60e-02,3.00e-01,
4468,8.80e-02,3.00e-01,
4469,8.80e-02,3.00e-01,
4470,8.80e-02,3.00e-01,
4471,8.80e-02,3.00e-01,
4472,8.80e-02,-1.00e-01,
4473,8.80e-02,3.00e-01,
4474,8.80e-02,3.00e-01,
4475,9.60e-02,3.00e-01,
4476,8.80e-02,-1.00e-01,
4477,8.80e-02,3.00e-01,
4478,8.80e-02,3.00e-01,
4479,8.80e-02,3.00e-01,
4480,8.80e-02,-1.00e-01,
4481,8.80e-02,3.00e-01,
4482,8.80e-02,3.00e-01,
4483,9.60e-02,3.00e-01,
4484,8.80e-02,-1.00e-01,
4485,8.80e-02,3.00e-01,
4486,8.80e-02,3.00e-01,
4487,9.60e-02,3.00e-01,
4488,8.80e-02,3.00e-01,
4489,8.80e-02,3.00e-01,
4490,8.80e-02,3.00e-01,
4491,9.60e-02,3.00e-01,
4492,8.80e-02,-1.00e-01,
4493,8.80e-02,3.00e-01,
4494,8.80e-02,3.00e-01,
4495,9.60e-02,3.00e-01,
4496,8.80e-02,-1.00e-01,
4497,8.80e-02,3.00e-01,
4498,8.80e-02,3.00e-01,
4499,9.60e-02,3.00e-01,
4500,8.80e-02,-1.00e-01,
4501,9.60e-02,3.00e-01,
4502,9.60e-02,3.00e-01,
4503,9.60e-02,3.00e-01,
4504,8.80e-02,-1.00e-01,
4505,9.60e-02,3.00e-01,
4506,8.80e-02,3.00e-01,
4507,9.60e-02,3.00e-01,
4508,8.80e-02,3.00e-01,
4509,9.60e-02,3.00e-01,
4510,8.80e-02,3.00e-01,
4511,9.60e-02,3.00e-01,
4512,9.60e-02,-1.00e-01,
4513,9.60e-02,3.00e-01,
4514,8.80e-02,3.00e-01,
4515,9.60e-02,3.00e-01,
4516,8.80e-02,-1.00e-01,
4517,9.60e-02,3.00e-01,
4518,9.60e-02,3.00e-01,
4519,9.60e-02,3.00e-01,
4520,9.60e-02,-1.00e-01,
4521,9.60e-02,3.00e-01,
4522,9.60e-02,3.00e-01,
4523,9.60e-02,3.00e-01,
4524,8.80e-02,-1.00e-01,
4525,9.60e-02,-1.00e-01,
4526,8.80e-02,3.00e-01,
4527,9.60e-02,3.00e-01,
4528,9.60e-02,-1.00e-01,
4529,9.60e-02,3.00e-01,
4530,9.60e-02,3.00e-01,
4531,9.60e-02,3.00e-01,
4532,9.60e-02,-1.00e-01,
4533,9.60e-02,3.00e-01,
4534,9.60e-02,3.00e-01,
4535,9.60e-02,3.00e-01,
4536,9.60e-02,3.00e-01,
4537,9.60e-02,3.00e-01,
4538,9.60e-02,3.00e-01,
4539,9.60e-02,3.00e-01,
4540,9.60e-02,-1.00e-01,
4541,9.60e-02,3.00e-01,
4542,9.60e-02,3.00e-01,
4543,9.60e-02,3.00e-01,
4544,9.60e-02,-1.00e-01,
4545,9.60e-02,3.00e-01,
4546,9.60e-02,3.00e-01,
4547,9.60e-02,3.00e-01,
4548,9.60e-02,3.00e-01,
4549,9.60e-02,3.00e-01,
4550,9.60e-02,3.00e-01,
4551,9.60e-02,3.00e-01,
4552,9.60e-02,-1.00e-01,
4553,9.60e-02,3.00e-01,
4554,9.60e-02,3.00e-01,
4555,9.60e-02,3.00e-01,
4556,9.60e-02,3.00e-01,
4557,9.60e-02,3.00e-01,
4558,9.60e-02,3.00e-01,
4559,9.60e-02,3.00e-01,
4560,9.60e-02,-1.00e-01,
4561,9.60e-02,3.00e-01,
4562,9.60e-02,3.00e-01,
4563,9.60e-02,3.00e-01,
4564,9.60e-02,-1.00e-01,
4565,9.60e-02,3.00e-01,
4566,9.60e-02,3.00e-01,
4567,9.60e-02,3.00e-01,
4568,9.60e-02,-1.00e-01,
4569,9.60e-02,3.00e-01,
4570,9.60e-02,3.00e-01,
4571,1.04e-01,3.00e-01,
4572,9.60e-02,-1.00e-01,
4573,9.60e-02,3.00e-01,
4574,9.60e-02,3.00e-01,
4575,1.04e-01,3.00e-01,
4576,9.60e-02,-1.00e-01,
4577,9.60e-02,3.00e-01,
4578,9.60e-02,3.00e-01,
4579,1.04e-01,3.00e-01,
4580,9.60e-02,-1.00e-01,
4581,9.60e-02,3.00e-01,
4582,9.60e-02,3.00e-01,
4583,1.04e-01,3.00e-01,
4584,9.60e-02,-1.00e-01,
4585,9.60e-02,3.00e-01,
4586,9.60e-02,3.00e-01,
4587,1.04e-01,3.00e-01,
4588,9.60e-02,-1.00e-01,
4589,1.04e-01,3.00e-01,
4590,9.60e-02,3.00e-01,
4591,1.04e-01,3.00e-01,
4592,9.60e-02,-1.00e-01,
4593,1.04e-01,3.00e-01,
4594,9.60e-02,3.00e-01,
4595,1.04e-01,3.00e-01,
4596,9.60e-02,3.00e-01,
4597,9.60e-02,3.00e-01,
4598,9.60e-02,3.00e-01,
4599,1.04e-01,3.00e-01,
4600,9.60e-02,-1.00e-01,
4601,1.04e-01,3.00e-01,
4602,9.60e-02,3.00e-01,
4603,1.04e-01,3.00e-01,
4604,9.60e-02,-1.00e-01,
4605,1.04e-01,3.00e-01,
4606,9.60e-02,3.00e-01,
4607,1.04e-01,3.00e-01,
4608,9.60e-02,-1.00e-01,
4609,1.04e-01,3.00e-01,
4610,9.60e-02,3.00e-01,
4611,1.04e-01,3.00e-01,
4612,9.60e-02,3.00e-01,
4613,1.04e-01,3.00e-01,
4614,9.60e-02,3.00e-01,
4615,1.04e-01,3.00e-01,
4616,1.04e-01,-1.00e-01,
4617,1.04e-01,3.00e-01,
4618,9.60e-02,3.00e-01,
4619,1.04e-01,3.00e-01,
4620,9.60e-02,-1.00e-01,
4621,1.04e-01,3.00e-01,
4622,1.04e-01,3.00e-01,
4623,1.04e-01,3.00e-01,
4624,1.04e-01,-1.00e-01,
4625,1.04e-01,-1.00e-01,
4626,1.04e-01,3.00e-01,
4627,1.04e-01,3.00e-01,
4628,1.04e-01,-1.00e-01,
4629,1.04e-01,3.00e-01,
4630,1.04e-01,3.00e-01,
4631,1.04e-01,3.00e-01,
4632,1.04e-01,-1.00e-01,
4633,1.04e-01,3.00e-01,
4634,1.04e-01,3.00e-01,
4635,1.04e-01,3.00e-01,
4636,1.04e-01,3.00e-01,
4637,1.04e-01,-1.00e-01,
4638,1.04e-01,3.00e-01,
4639,1.04e-01,3.00e-01,
4640,1.04e-01,-1.00e-01,
4641,1.04e-01,3.00e-01,
4642,1.04e-01,3.00e-01,
4643,1.04e-01,3.00e-01,
4644,1.04e-01,3.00e-01,
4645,1.04e-01,-1.00e-01,
4646,1.04e-01,7.00e-01,
4647,1.12e-01,3.00e-01,
4648,1.04e-01,-5.00e-01,
4649,1.04e-01,7.00e-01,
4650,1.04e-01,3.00e-01,
4651,1.04e-01,3.00e-01,
4652,1.04e-01,-1.00e-01,
4653,1.04e-01,3.00e-01,
4654,1.04e-01,3.00e-01,
4655,1.04e-01,3.00e-01,
4656,1.04e-01,-1.00e-01,
4657,1.04e-01,3.00e-01,
4658,1.04e-01,3.00e-01,
4659,1.12e-01,3.00e-01,
4660,1.04e-01,-1.00e-01,
4661,1.04e-01,3.00e-01,
4662,1.04e-01,3.00e-01,
4663,1.12e-01,3.00e-01,
4664,1.04e-01,-1.00e-01,
4665,1.04e-01,3.00e-01,
4666,1.04e-01,3.00e-01,
4667,1.12e-01,3.00e-01,
4668,1.04e-01,-1.00e-01,
4669,1.04e-01,3.00e-01,
4670,1.04e-01,3.00e-01,
4671,1.12e-01,3.00e-01,
4672,1.04e-01,-1.00e-01,
4673,1.12e-01,3.00e-01,
4674,1.04e-01,3.00e-01,
4675,1.12e-01,3.00e-01,
4676,1.04e-01,3.00e-01,
4677,1.04e-01,-1.00e-01,
4678,1.04e-01,3.00e-01,
4679,1.12e-01,3.00e-01,
4680,1.04e-01,-1.00e-01,
4681,1.04e-01,3.00e-01,
4682,1.04e-01,3.00e-01,
4683,1.12e-01,3.00e-01,
4684,1.04e-01,-1.00e-01,
4685,1.04e-01,3.00e-01,
4686,1.04e-01,3.00e-01,
4687,1.12e-01,3.00e-01,
4688,1.04e-01,-1.00e-01,
4689,1.12e-01,3.00e-01,
4690,1.04e-01,3.00e-01,
4691,1.12e-01,3.00e-01,
4692,1.04e-01,-1.00e-01,
4693,1.04e-01,3.00e-01,
4694,1.04e-01,3.00e-01,
4695,1.12e-01,3.00e-01,
4696,1.04e-01,3.00e-01,
4697,1.12e-01,3.00e-01,
4698,1.04e-01,3.00e-01,
4699,1.12e-01,3.00e-01,
4700,1.04e-01,-1.00e-01,
4701,1.12e-01,3.00e-01,
4702,1.04e-01,3.00e-01,
4703,1.12e-01,3.00e-01,
4704,1.04e-01,-1.00e-01,
4705,1.12e-01,-1.00e-01,
4706,1.12e-01,3.00e-01,
4707,1.12e-01,3.00e-01,
4708,1.04e-01,-1.00e-01,
4709,1.12e-01,3.00e-01,
4710,1.04e-01,3.00e-01,
4711,1.12e-01,3.00e-01,
4712,1.12e-01,-1.00e-01,
4713,1.12e-01,3.00e-01,
4714,1.12e-01,3.00e-01,
4715,1.12e-01,3.00e-01,
4716,1.12e-01,3.00e-01,
4717,1.12e-01,3.00e-01,
4718,1.04e-01,3.00e-01,
4719,1.20e-01,3.00e-01,
4720,1.12e-01,-1.00e-01,
4721,1.12e-01,3.00e-01,
4722,1.12e-01,3.00e-01,
4723,1.12e-01,3.00e-01,
4724,1.12e-01,-1.00e-01,
4725,1.12e-01,3.00e-01,
4726,1.12e-01,3.00e-01,
4727,1.12e-01,3.00e-01,
4728,1.12e-01,-1.00e-01,
4729,1.12e-01,3.00e-01,
4730,1.12e-01,3.00e-01,
4731,1.12e-01,3.00e-01,
4732,1.12e-01,-1.00e-01,
4733,1.12e-01,3.00e-01,
4734,1.12e-01,3.00e-01,
4735,1.12e-01,3.00e-01,
4736,1.12e-01,3.00e-01,
4737,1.12e-01,3.00e-01,
4738,1.12e-01,3.00e-01,
4739,1.20e-01,3.00e-01,
4740,1.12e-01,-1.00e-01,
4741,1.12e-01,3.00e-01,
4742,1.12e-01,3.00e-01,
4743,1.20e-01,3.00e-01,
4744,1.12e-01,-1.00e-01,
4745,1.12e-01,3.00e-01,
4746,1.12e-01,3.00e-01,
4747,1.12e-01,3.00e-01,
4748,1.12e-01,3.00e-01,
4749,1.12e-01,3.00e-01,
4750,1.12e-01,3.00e-01,
4751,1.12e-01,3.00e-01,
4752,1.12e-01,-1.00e-01,
4753,1.12e-01,3.00e-01,
4754,1.12e-01,3.00e-01,
4755,1.20e-01,3.00e-01,
4756,1.12e-01,-1.00e-01,
4757,1.12e-01,3.00e-01,
4758,1.12e-01,3.00e-01,
4759,1.20e-01,3.00e-01,
4760,1.12e-01,-1.00e-01,
4761,1.12e-01,3.00e-01,
4762,1.12e-01,3.00e-01,
4763,1.20e-01,3.00e-01,
4764,1.12e-01,-1.00e-01,
4765,1.12e-01,3.00e-01,
4766,1.12e-01,3.00e-01,
4767,1.20e-01,3.00e-01,
4768,1.12e-01,-1.00e-01,
4769,1.12e-01,3.00e-01,
4770,1.12e-01,3.00e-01,
4771,1.20e-01,3.00e-01,
4772,1.12e-01,-1.00e-01,
4773,1.12e-01,3.00e-01,
4774,1.12e-01,3.00e-01,
4775,1.20e-01,3.00e-01,
4776,1.12e-01,3.00e-01,
4777,1.12e-01,3.00e-01,
4778,1.12e-01,3.00e-01,
4779,1.20e-01,3.00e-01,
4780,1.12e-01,-1.00e-01,
4781,1.20e-01,3.00e-01,
4782,1.12e-01,3.00e-01,
4783,1.20e-01,3.00e-01,
4784,1.12e-01,-1.00e-01,
4785,1.20e-01,3.00e-01,
4786,1.12e-01,3.00e-01,
4787,1.20e-01,3.00e-01,
4788,1.12e-01,3.00e-01,
4789,1.20e-01,3.00e-01,
4790,1.12e-01,3.00e-01,
4791,1.20e-01,3.00e-01,
4792,1.12e-01,-1.00e-01,
4793,1.20e-01,3.00e-01,
4794,1.12e-01,3.00e-01,
4795,1.20e-01,3.00e-01,
4796,1.12e-01,-1.00e-01,
4797,1.20e-01,3.00e-01,
4798,1.12e-01,3.00e-01,
4799,1.20e-01,3.00e-01,
4800,1.20e-01,-1.00e-01,
4801,1.20e-01,3.00e-01,
4802,1.12e-01,3.00e-01,
4803,1.20e-01,3.00e-01,
4804,1.20e-01,3.00e-01,
4805,1.20e-01,3.00e-01,
4806,1.20e-01,3.00e-01,
4807,1.20e-01,3.00e-01,
4808,1.20e-01,-1.00e-01,
4809,1.20e-01,3.00e-01,
4810,1.20e-01,3.00e-01,
4811,1.28e-01,3.00e-01,
4812,1.20e-01,3.00e-01,
4813,1.20e-01,3.00e-01,
4814,1.20e-01,3.00e-01,
4815,1.20e-01,3.00e-01,
4816,1.20e-01,-1.00e-01,
4817,1.20e-01,3.00e-01,
4818,1.12e-01,3.00e-01,
4819,1.20e-01,3.00e-01,
4820,1.20e-01,-1.00e-01,
4821,1.20e-01,3.00e-01,
4822,1.20e-01,3.00e-01,
4823,1.20e-01,3.00e-01,
4824,1.20e-01,3.00e-01,
4825,1.20e-01,3.00e-01,
4826,1.20e-01,3.00e-01,
4827,1.28e-01,3.00e-01,
4828,1.20e-01,3.00e-01,
4829,1.20e-01,3.00e-01,
4830,1.20e-01,3.00e-01,
4831,1.20e-01,3.00e-01,
4832,1.20e-01,-1.00e-01,
4833,1.20e-01,3.00e-01,
4834,1.20e-01,3.00e-01,
4835,1.20e-01,3.00e-01,
4836,1.20e-01,3.00e-01,
4837,1.20e-01,-1.00e-01,
4838,1.20e-01,7.00e-01,
4839,1.20e-01,3.00e-01,
4840,1.20e-01,-1.00e-01,
4841,1.20e-01,3.00e-01,
4842,1.20e-01,3.00e-01,
4843,1.28e-01,3.00e-01,
4844,1.20e-01,3.00e-01,
4845,1.20e-01,-1.00e-01,
4846,1.20e-01,7.00e-01,
4847,1.20e-01,3.00e-01,
4848,1.20e-01,-1.00e-01,
4849,1.20e-01,7.00e-01,
4850,1.20e-01,3.00e-01,
4851,1.28e-01,3.00e-01,
4852,1.20e-01,3.00e-01,
4853,1.20e-01,3.00e-01,
4854,1.20e-01,3.00e-01,
4855,1.28e-01,3.00e-01,
4856,1.20e-01,3.00e-01,
4857,1.20e-01,3.00e-01,
4858,1.20e-01,3.00e-01,
4859,1.28e-01,3.00e-01,
4860,1.20e-01,-1.00e-01,
4861,1.20e-01,3.00e-01,
4862,1.20e-01,3.00e-01,
4863,1.28e-01,3.00e-01,
4864,1.20e-01,3.00e-01,
4865,1.20e-01,3.00e-01,
4866,1.20e-01,3.00e-01,
4867,1.28e-01,3.00e-01,
4868,1.20e-01,3.00e-01,
4869,1.20e-01,3.00e-01,
4870,1.20e-01,3.00e-01,
4871,1.28e-01,3.00e-01,
4872,1.20e-01,3.00e-01,
4873,1.28e-01,3.00e-01,
4874,1.20e-01,3.00e-01,
4875,1.28e-01,3.00e-01,
4876,1.20e-01,-1.00e-01,
4877,1.28e-01,3.00e-01,
4878,1.20e-01,3.00e-01,
4879,1.28e-01,3.00e-01,
4880,1.20e-01,3.00e-01,
4881,1.20e-01,3.00e-01,
4882,1.20e-01,3.00e-01,
4883,1.28e-01,3.00e-01,
4884,1.28e-01,-1.00e-01,
4885,1.28e-01,3.00e-01,
4886,1.20e-01,3.00e-01,
4887,1.28e-01,3.00e-01,
4888,1.28e-01,-1.00e-01,
4889,1.28e-01,3.00e-01,
4890,1.20e-01,3.00e-01,
4891,1.28e-01,3.00e-01,
4892,1.20e-01,-1.00e-01,
4893,1.28e-01,3.00e-01,
4894,1.20e-01,3.00e-01,
4895,1.28e-01,3.00e-01,
4896,1.20e-01,3.00e-01,
4897,1.28e-01,3.00e-01,
4898,1.28e-01,3.00e-01,
4899,1.28e-01,3.00e-01,
4900,1.28e-01,-1.00e-01,
4901,1.28e-01,3.00e-01,
4902,1.28e-01,3.00e-01,
4903,1.28e-01,3.00e-01,
4904,1.28e-01,-1.00e-01,
4905,1.28e-01,3.00e-01,
4906,1.28e-01,3.00e-01,
4907,1.28e-01,3.00e-01,
4908,1.28e-01,-1.00e-01,
4909,1.28e-01,3.00e-01,
4910,1.28e-01,3.00e-01,
4911,1.28e-01,3.00e-01,
4912,1.28e-01,-1.00e-01,
4913,1.28e-01,3.00e-01,
4914,1.28e-01,3.00e-01,
4915,1.28e-01,3.00e-01,
4916,1.28e-01,3.00e-01,
4917,1.28e-01,3.00e-01,
4918,1.28e-01,3.00e-01,
4919,1.28e-01,3.00e-01,
4920,1.28e-01,-1.00e-01,
4921,1.28e-01,3.00e-01,
4922,1.28e-01,3.00e-01,
4923,1.28e-01,3.00e-01,
4924,1.28e-01,3.00e-01,
4925,1.28e-01,3.00e-01,
4926,1.28e-01,3.00e-01,
4927,1.36e-01,3.00e-01,
4928,1.28e-01,-1.00e-01,
4929,1.28e-01,3.00e-01,
4930,1.28e-01,3.00e-01,
4931,1.36e-01,3.00e-01,
4932,1.28e-01,-1.00e-01,
4933,1.28e-01,3.00e-01,
4934,1.28e-01,3.00e-01,
4935,1.36e-01,3.00e-01,
4936,1.28e-01,3.00e-01,
4937,1.28e-01,3.00e-01,
4938,1.28e-01,3.00e-01,
4939,1.36e-01,3.00e-01,
4940,1.28e-01,-1.00e-01,
4941,1.28e-01,3.00e-01,
4942,1.28e-01,3.00e-01,
4943,1.36e-01,3.00e-01,
4944,1.28e-01,3.00e-01,
4945,1.28e-01,3.00e-01,
4946,1.28e-01,3.00e-01,
4947,1.36e-01,3.00e-01,
4948,1.28e-01,3.00e-01,
4949,1.28e-01,3.00e-01,
4950,1.28e-01,3.00e-01,
4951,1.36e-01,3.00e-01,
4952,1.28e-01,3.00e-01,
4953,1.28e-01,3.00e-01,
4954,1.28e-01,3.00e-01,
4955,1.36e-01,3.00e-01,
4956,1.28e-01,-1.00e-01,
4957,1.28e-01,3.00e-01,
4958,1.28e-01,3.00e-01,
4959,1.36e-01,3.00e-01,
4960,1.28e-01,3.00e-01,
4961,1.28e-01,3.00e-01,
4962,1.28e-01,3.00e-01,
4963,1.36e-01,3.00e-01,
4964,1.28e-01,-1.00e-01,
4965,1.28e-01,3.00e-01,
4966,1.28e-01,3.00e-01,
4967,1.36e-01,3.00e-01,
4968,1.28e-01,3.00e-01,
4969,1.28e-01,3.00e-01,
4970,1.28e-01,3.00e-01,
4971,1.36e-01,3.00e-01,
4972,1.28e-01,3.00e-01,
4973,1.36e-01,3.00e-01,
4974,1.28e-01,3.00e-01,
4975,1.36e-01,3.00e-01,
4976,1.28e-01,3.00e-01,
4977,1.36e-01,3.00e-01,
4978,1.28e-01,3.00e-01,
4979,1.36e-01,3.00e-01,
4980,1.28e-01,3.00e-01,
4981,1.36e-01,3.00e-01,
4982,1.36e-01,3.00e-01,
4983,1.36e-01,3.00e-01,
4984,1.36e-01,-1.00e-01,
4985,1.36e-01,3.00e-01,
4986,1.28e-01,3.00e-01,
4987,1.36e-01,3.00e-01,
4988,1.36e-01,3.00e-01,
4989,1.36e-01,3.00e-01,
4990,1.28e-01,3.00e-01,
4991,1.36e-01,3.00e-01,
4992,1.28e-01,-1.00e-01,
4993,1.36e-01,3.00e-01,
4994,1.28e-01,3.00e-01,
4995,1.36e-01,3.00e-01,
4996,1.36e-01,3.00e-01,
4997,1.36e-01,3.00e-01,
4998,1.36e-01,3.00e-01,
4999,1.36e-01,3.00e-01,
5000,1.36e-01,-1.00e-01,
5001,1.36e-01,3.00e-01,
5002,1.36e-01,3.00e-01,
5003,1.36e-01,3.00e-01,
5004,1.36e-01,3.00e-01,
5005,1.36e-01,3.00e-01,
5006,1.36e-01,7.00e-01,
5007,1.36e-01,3.00e-01,
5008,1.36e-01,3.00e-01,
5009,1.36e-01,3.00e-01,
5010,1.36e-01,3.00e-01,
5011,1.36e-01,3.00e-01,
5012,1.36e-01,-1.00e-01,
5013,1.36e-01,3.00e-01,
5014,1.36e-01,3.00e-01,
5015,1.44e-01,3.00e-01,
5016,1.36e-01,3.00e-01,
5017,1.36e-01,3.00e-01,
5018,1.36e-01,3.00e-01,
5019,1.36e-01,3.00e-01,
5020,1.36e-01,-1.00e-01,
5021,1.36e-01,3.00e-01,
5022,1.36e-01,3.00e-01,
5023,1.44e-01,3.00e-01,
5024,1.36e-01,3.00e-01,
5025,1.36e-01,3.00e-01,
5026,1.36e-01,7.00e-01,
5027,1.44e-01,3.00e-01,
5028,1.36e-01,3.00e-01,
5029,1.36e-01,3.00e-01,
5030,1.36e-01,3.00e-01,
5031,1.44e-01,3.00e-01,
5032,1.36e-01,3.00e-01,
5033,1.36e-01,3.00e-01,
5034,1.36e-01,3.00e-01,
5035,1.44e-01,3.00e-01,
5036,1.36e-01,3.00e-01,
5037,1.36e-01,3.00e-01,
5038,1.36e-01,7.00e-01,
5039,1.44e-01,3.00e-01,
5040,1.36e-01,-1.00e-01,
5041,1.36e-01,3.00e-01,
5042,1.36e-01,3.00e-01,
5043,1.44e-01,3.00e-01,
5044,1.36e-01,3.00e-01,
5045,1.36e-01,-1.00e-01,
5046,1.36e-01,7.00e-01,
5047,1.44e-01,3.00e-01,
5048,1.36e-01,-1.00e-01,
5049,1.36e-01,7.00e-01,
5050,1.36e-01,3.00e-01,
5051,1.44e-01,3.00e-01,
5052,1.36e-01,-1.00e-01,
5053,1.36e-01,3.00e-01,
5054,1.36e-01,7.00e-01,
5055,1.44e-01,3.00e-01,
5056,1.36e-01,3.00e-01,
5057,1.44e-01,3.00e-01,
5058,1.36e-01,3.00e-01,
5059,1.44e-01,3.00e-01,
5060,1.36e-01,-1.00e-01,
5061,1.36e-01,3.00e-01,
5062,1.36e-01,7.00e-01,
5063,1.44e-01,3.00e-01,
5064,1.36e-01,-1.00e-01,
5065,1.36e-01,3.00e-01,
5066,1.36e-01,3.00e-01,
5067,1.44e-01,3.00e-01,
5068,1.36e-01,-1.00e-01,
5069,1.44e-01,3.00e-01,
5070,1.36e-01,3.00e-01,
5071,1.44e-01,3.00e-01,
5072,1.36e-01,3.00e-01,
5073,1.36e-01,3.00e-01,
5074,1.36e-01,3.00e-01,
5075,1.44e-01,3.00e-01,
5076,1.36e-01,3.00e-01,
5077,1.44e-01,3.00e-01,
5078,1.36e-01,3.00e-01,
5079,1.44e-01,3.00e-01,
5080,1.36e-01,-1.00e-01,
5081,1.44e-01,3.00e-01,
5082,1.44e-01,3.00e-01,
5083,1.44e-01,3.00e-01,
5084,1.36e-01,-1.00e-01,
5085,1.44e-01,3.00e-01,
5086,1.36e-01,3.00e-01,
5087,1.44e-01,3.00e-01,
5088,1.36e-01,3.00e-01,
5089,1.44e-01,3.00e-01,
5090,1.36e-01,3.00e-01,
5091,1.44e-01,3.00e-01,
5092,1.36e-01,3.00e-01,
5093,1.44e-01,3.00e-01,
5094,1.44e-01,3.00e-01,
5095,1.44e-01,3.00e-01,
5096,1.44e-01,3.00e-01,
5097,1.44e-01,3.00e-01,
5098,1.44e-01,3.00e-01,
5099,1.44e-01,3.00e-01,
5100,1.44e-01,-1.00e-01,
5101,1.44e-01,3.00e-01,
5102,1.44e-01,7.00e-01,
5103,1.44e-01,3.00e-01,
5104,1.44e-01,3.00e-01,
5105,1.44e-01,3.00e-01,
5106,1.44e-01,3.00e-01,
5107,1.44e-01,3.00e-01,
5108,1.44e-01,3.00e-01,
5109,1.44e-01,3.00e-01,
5110,1.44e-01,3.00e-01,
5111,1.44e-01,3.00e-01,
5112,1.44e-01,-1.00e-01,
5113,1.44e-01,3.00e-01,
5114,1.44e-01,3.00e-01,
5115,1.52e-01,3.00e-01,
5116,1.44e-01,3.00e-01,
5117,1.44e-01,3.00e-01,
5118,1.44e-01,3.00e-01,
5119,1.52e-01,3.00e-01,
5120,1.44e-01,-1.00e-01,
5121,1.44e-01,3.00e-01,
5122,1.44e-01,3.00e-01,
5123,1.52e-01,3.00e-01,
5124,1.44e-01,-1.00e-01,
5125,1.44e-01,3.00e-01,
5126,1.44e-01,7.00e-01,
5127,1.52e-01,3.00e-01,
5128,1.44e-01,-1.00e-01,
5129,1.44e-01,3.00e-01,
5130,1.44e-01,3.00e-01,
5131,1.52e-01,3.00e-01,
5132,1.44e-01,-1.00e-01,
5133,1.44e-01,3.00e-01,
5134,1.44e-01,3.00e-01,
5135,1.52e-01,3.00e-01,
5136,1.44e-01,3.00e-01,
5137,1.44e-01,3.00e-01,
5138,1.44e-01,3.00e-01,
5139,1.52e-01,3.00e-01,
5140,1.44e-01,-1.00e-01,
5141,1.44e-01,3.00e-01,
5142,1.44e-01,3.00e-01,
5143,1.52e-01,3.00e-01,
5144,1.44e-01,3.00e-01,
5145,1.52e-01,3.00e-01,
5146,1.44e-01,3.00e-01,
5147,1.52e-01,3.00e-01,
5148,1.44e-01,3.00e-01,
5149,1.52e-01,3.00e-01,
5150,1.44e-01,3.00e-01,
5151,1.52e-01,3.00e-01,
5152,1.44e-01,-1.00e-01,
5153,1.44e-01,3.00e-01,
5154,1.44e-01,3.00e-01,
5155,1.52e-01,3.00e-01,
5156,1.44e-01,3.00e-01,
5157,1.44e-01,3.00e-01,
5158,1.44e-01,7.00e-01,
5159,1.52e-01,3.00e-01,
5160,1.52e-01,-1.00e-01,
5161,1.44e-01,3.00e-01,
5162,1.44e-01,3.00e-01,
5163,1.52e-01,3.00e-01,
5164,1.44e-01,3.00e-01,
5165,1.52e-01,3.00e-01,
5166,1.44e-01,3.00e-01,
5167,1.52e-01,3.00e-01,
5168,1.44e-01,-1.00e-01,
5169,1.52e-01,3.00e-01,
5170,1.44e-01,3.00e-01,
5171,1.52e-01,3.00e-01,
5172,1.52e-01,-1.00e-01,
5173,1.52e-01,3.00e-01,
5174,1.44e-01,3.00e-01,
5175,1.52e-01,3.00e-01,
5176,1.52e-01,3.00e-01,
5177,1.52e-01,3.00e-01,
5178,1.44e-01,3.00e-01,
5179,1.52e-01,3.00e-01,
5180,1.44e-01,-1.00e-01,
5181,1.52e-01,3.00e-01,
5182,1.52e-01,3.00e-01,
5183,1.52e-01,3.00e-01,
5184,1.52e-01,3.00e-01,
5185,1.52e-01,3.00e-01,
5186,1.44e-01,3.00e-01,
5187,1.52e-01,3.00e-01,
5188,1.52e-01,-1.00e-01,
5189,1.52e-01,3.00e-01,
5190,1.52e-01,3.00e-01,
5191,1.52e-01,3.00e-01,
5192,1.52e-01,-1.00e-01,
5193,1.52e-01,3.00e-01,
5194,1.52e-01,3.00e-01,
5195,1.52e-01,3.00e-01,
5196,1.52e-01,3.00e-01,
5197,1.52e-01,3.00e-01,
5198,1.52e-01,7.00e-01,
5199,1.52e-01,3.00e-01,
5200,1.52e-01,3.00e-01,
5201,1.52e-01,3.00e-01,
5202,1.52e-01,3.00e-01,
5203,1.52e-01,3.00e-01,
5204,1.52e-01,3.00e-01,
5205,1.52e-01,3.00e-01,
5206,1.52e-01,3.00e-01,
5207,1.60e-01,3.00e-01,
5208,1.52e-01,3.00e-01,
5209,1.52e-01,3.00e-01,
5210,1.52e-01,3.00e-01,
5211,1.60e-01,3.00e-01,
5212,1.52e-01,-1.00e-01,
5213,1.52e-01,3.00e-01,
5214,1.52e-01,3.00e-01,
5215,1.60e-01,3.00e-01,
5216,1.52e-01,3.00e-01,
5217,1.52e-01,3.00e-01,
5218,1.52e-01,3.00e-01,
5219,1.60e-01,3.00e-01,
5220,1.52e-01,-1.00e-01,
5221,1.52e-01,3.00e-01,
5222,1.52e-01,7.00e-01,
5223,1.60e-01,3.00e-01,
5224,1.52e-01,-1.00e-01,
5225,1.52e-01,3.00e-01,
5226,1.52e-01,7.00e-01,
5227,1.60e-01,3.00e-01,
5228,1.52e-01,3.00e-01,
5229,1.52e-01,3.00e-01,
5230,1.52e-01,3.00e-01,
5231,1.60e-01,3.00e-01,
5232,1.52e-01,3.00e-01,
5233,1.52e-01,3.00e-01,
5234,1.52e-01,3.00e-01,
5235,1.60e-01,3.00e-01,
5236,1.52e-01,3.00e-01,
5237,1.52e-01,3.00e-01,
5238,1.52e-01,7.00e-01,
5239,1.60e-01,3.00e-01,
5240,1.52e-01,3.00e-01,
5241,1.52e-01,3.00e-01,
5242,1.52e-01,3.00e-01,
5243,1.60e-01,3.00e-01,
5244,1.52e-01,3.00e-01,
5245,1.60e-01,3.00e-01,
5246,1.52e-01,7.00e-01,
5247,1.60e-01,3.00e-01,
5248,1.60e-01,-1.00e-01,
5249,1.52e-01,7.00e-01,
5250,1.52e-01,3.00e-01,
5251,1.60e-01,3.00e-01,
5252,1.52e-01,3.00e-01,
5253,1.60e-01,3.00e-01,
5254,1.52e-01,7.00e-01,
5255,1.60e-01,3.00e-01,
5256,1.52e-01,3.00e-01,
5257,1.60e-01,3.00e-01,
5258,1.52e-01,3.00e-01,
5259,1.60e-01,3.00e-01,
5260,1.60e-01,-1.00e-01,
5261,1.60e-01,3.00e-01,
5262,1.52e-01,7.00e-01,
5263,1.60e-01,3.00e-01,
5264,1.52e-01,-1.00e-01,
5265,1.60e-01,3.00e-01,
5266,1.52e-01,3.00e-01,
5267,1.60e-01,3.00e-01,
5268,1.52e-01,3.00e-01,
5269,1.60e-01,3.00e-01,
5270,1.52e-01,3.00e-01,
5271,1.60e-01,3.00e-01,
5272,1.60e-01,3.00e-01,
5273,1.60e-01,3.00e-01,
5274,1.52e-01,3.00e-01,
5275,1.60e-01,3.00e-01,
5276,1.60e-01,3.00e-01,
5277,1.60e-01,3.00e-01,
5278,1.52e-01,3.00e-01,
5279,1.60e-01,3.00e-01,
5280,1.60e-01,3.00e-01,
5281,1.60e-01,3.00e-01,
5282,1.60e-01,3.00e-01,
5283,1.60e-01,3.00e-01,
5284,1.60e-01,3.00e-01,
5285,1.60e-01,3.00e-01,
5286,1.52e-01,7.00e-01,
5287,1.60e-01,3.00e-01,
5288,1.52e-01,3.00e-01,
5289,1.60e-01,3.00e-01,
5290,1.52e-01,3.00e-01,
5291,1.60e-01,3.00e-01,
5292,1.60e-01,3.00e-01,
5293,1.60e-01,3.00e-01,
5294,1.60e-01,3.00e-01,
5295,1.60e-01,3.00e-01,
5296,1.60e-01,3.00e-01,
5297,1.60e-01,3.00e-01,
5298,1.60e-01,3.00e-01,
5299,1.60e-01,3.00e-01,
5300,1.60e-01,3.00e-01,
5301,1.60e-01,3.00e-01,
5302,1.60e-01,7.00e-01,
5303,1.68e-01,3.00e-01,
5304,1.60e-01,3.00e-01,
5305,1.60e-01,3.00e-01,
5306,1.60e-01,3.00e-01,
5307,1.60e-01,3.00e-01,
5308,1.60e-01,3.00e-01,
5309,1.60e-01,3.00e-01,
5310,1.60e-01,7.00e-01,
5311,1.68e-01,3.00e-01,
5312,1.60e-01,-1.00e-01,
5313,1.60e-01,3.00e-01,
5314,1.60e-01,3.00e-01,
5315,1.68e-01,3.00e-01,
5316,1.60e-01,3.00e-01,
5317,1.60e-01,3.00e-01,
5318,1.60e-01,7.00e-01,
5319,1.68e-01,3.00e-01,
5320,1.60e-01,3.00e-01,
5321,1.60e-01,3.00e-01,
5322,1.60e-01,3.00e-01,
5323,1.68e-01,3.00e-01,
5324,1.60e-01,3.00e-01,
5325,1.60e-01,3.00e-01,
5326,1.60e-01,3.00e-01,
5327,1.68e-01,3.00e-01,
5328,1.60e-01,3.00e-01,
5329,1.60e-01,3.00e-01,
5330,1.60e-01,3.00e-01,
5331,1.68e-01,3.00e-01,
5332,1.60e-01,3.00e-01,
5333,1.60e-01,3.00e-01,
5334,1.60e-01,3.00e-01,
5335,1.68e-01,3.00e-01,
5336,1.60e-01,3.00e-01,
5337,1.68e-01,3.00e-01,
5338,1.60e-01,3.00e-01,
5339,1.68e-01,3.00e-01,
5340,1.60e-01,-1.00e-01,
5341,1.60e-01,3.00e-01,
5342,1.60e-01,3.00e-01,
5343,1.68e-01,3.00e-01,
5344,1.60e-01,3.00e-01,
5345,1.60e-01,3.00e-01,
5346,1.60e-01,3.00e-01,
5347,1.68e-01,3.00e-01,
5348,1.60e-01,-1.00e-01,
5349,1.60e-01,3.00e-01,
5350,1.60e-01,3.00e-01,
5351,1.68e-01,3.00e-01,
5352,1.60e-01,3.00e-01,
5353,1.68e-01,3.00e-01,
5354,1.60e-01,3.00e-01,
5355,1.68e-01,3.00e-01,
5356,1.60e-01,3.00e-01,
5357,1.60e-01,3.00e-01,
5358,1.60e-01,3.00e-01,
5359,1.68e-01,3.00e-01,
5360,1.60e-01,3.00e-01,
5361,1.68e-01,3.00e-01,
5362,1.60e-01,3.00e-01,
5363,1.68e-01,3.00e-01,
5364,1.60e-01,-1.00e-01,
5365,1.68e-01,3.00e-01,
5366,1.60e-01,3.00e-01,
5367,1.68e-01,3.00e-01,
5368,1.68e-01,3.00e-01,
5369,1.68e-01,3.00e-01,
5370,1.60e-01,3.00e-01,
5371,1.68e-01,3.00e-01,
5372,1.68e-01,-1.00e-01,
5373,1.68e-01,3.00e-01,
5374,1.60e-01,3.00e-01,
5375,1.68e-01,3.00e-01,
5376,1.68e-01,3.00e-01,
5377,1.68e-01,3.00e-01,
5378,1.60e-01,3.00e-01,
5379,1.68e-01,3.00e-01,
5380,1.68e-01,3.00e-01,
5381,1.68e-01,3.00e-01,
5382,1.68e-01,3.00e-01,
5383,1.68e-01,3.00e-01,
5384,1.68e-01,3.00e-01,
5385,1.68e-01,3.00e-01,
5386,1.68e-01,3.00e-01,
5387,1.68e-01,3.00e-01,
5388,1.68e-01,3.00e-01,
5389,1.68e-01,3.00e-01,
5390,1.68e-01,3.00e-01,
5391,1.68e-01,3.00e-01,
5392,1.68e-01,-1.00e-01,
5393,1.68e-01,3.00e-01,
5394,1.68e-01,3.00e-01,
5395,1.76e-01,3.00e-01,
5396,1.68e-01,3.00e-01,
5397,1.68e-01,3.00e-01,
5398,1.68e-01,3.00e-01,
5399,1.68e-01,3.00e-01,
5400,1.68e-01,3.00e-01,
5401,1.68e-01,3.00e-01,
5402,1.68e-01,3.00e-01,
5403,1.76e-01,3.00e-01,
5404,1.68e-01,3.00e-01,
5405,1.68e-01,3.00e-01,
5406,1.68e-01,7.00e-01,
5407,1.76e-01,3.00e-01,
5408,1.68e-01,3.00e-01,
5409,1.68e-01,3.00e-01,
5410,1.68e-01,3.00e-01,
5411,1.76e-01,3.00e-01,
5412,1.68e-01,3.00e-01,
5413,1.68e-01,3.00e-01,
5414,1.68e-01,3.00e-01,
5415,1.76e-01,3.00e-01,
5416,1.68e-01,3.00e-01,
5417,1.68e-01,3.00e-01,
5418,1.68e-01,3.00e-01,
5419,1.76e-01,3.00e-01,
5420,1.68e-01,3.00e-01,
5421,1.68e-01,3.00e-01,
5422,1.68e-01,3.00e-01,
5423,1.76e-01,3.00e-01,
5424,1.68e-01,3.00e-01,
5425,1.68e-01,3.00e-01,
5426,1.68e-01,7.00e-01,
5427,1.76e-01,3.00e-01,
5428,1.68e-01,3.00e-01,
5429,1.68e-01,3.00e-01,
5430,1.68e-01,3.00e-01,
5431,1.76e-01,3.00e-01,
5432,1.68e-01,3.00e-01,
5433,1.68e-01,3.00e-01,
5434,1.68e-01,3.00e-01,
5435,1.76e-01,3.00e-01,
5436,1.68e-01,3.00e-01,
5437,1.76e-01,3.00e-01,
5438,1.68e-01,7.00e-01,
5439,1.76e-01,3.00e-01,
5440,1.68e-01,3.00e-01,
5441,1.68e-01,3.00e-01,
5442,1.68e-01,3.00e-01,
5443,1.76e-01,3.00e-01,
5444,1.68e-01,3.00e-01,
5445,1.76e-01,-1.00e-01,
5446,1.68e-01,7.00e-01,
5447,1.76e-01,7.00e-01,
5448,1.76e-01,-1.00e-01,
5449,1.68e-01,7.00e-01,
5450,1.68e-01,3.00e-01,
5451,1.76e-01,3.00e-01,
5452,1.68e-01,3.00e-01,
5453,1.76e-01,3.00e-01,
5454,1.68e-01,7.00e-01,
5455,1.76e-01,3.00e-01,
5456,1.68e-01,3.00e-01,
5457,1.76e-01,3.00e-01,
5458,1.68e-01,3.00e-01,
5459,1.76e-01,3.00e-01,
5460,1.76e-01,-1.00e-01,
5461,1.76e-01,3.00e-01,
5462,1.68e-01,3.00e-01,
5463,1.76e-01,3.00e-01,
5464,1.68e-01,3.00e-01,
5465,1.76e-01,3.00e-01,
5466,1.68e-01,7.00e-01,
5467,1.76e-01,3.00e-01,
5468,1.68e-01,3.00e-01,
5469,1.76e-01,3.00e-01,
5470,1.68e-01,7.00e-01,
5471,1.76e-01,3.00e-01,
5472,1.76e-01,3.00e-01,
5473,1.76e-01,3.00e-01,
5474,1.76e-01,3.00e-01,
5475,1.76e-01,3.00e-01,
5476,1.76e-01,3.00e-01,
5477,1.76e-01,3.00e-01,
5478,1.76e-01,7.00e-01,
5479,1.76e-01,3.00e-01,
5480,1.76e-01,3.00e-01,
5481,1.76e-01,3.00e-01,
5482,1.76e-01,3.00e-01,
5483,1.76e-01,3.00e-01,
5484,1.76e-01,3.00e-01,
5485,1.76e-01,3.00e-01,
5486,1.76e-01,7.00e-01,
5487,1.76e-01,3.00e-01,
5488,1.76e-01,3.00e-01,
5489,1.76e-01,3.00e-01,
5490,1.76e-01,3.00e-01,
5491,1.84e-01,3.00e-01,
5492,1.76e-01,3.00e-01,
5493,1.76e-01,3.00e-01,
5494,1.76e-01,3.00e-01,
5495,1.76e-01,3.00e-01,
5496,1.76e-01,3.00e-01,
5497,1.76e-01,3.00e-01,
5498,1.76e-01,3.00e-01,
5499,1.84e-01,3.00e-01,
5500,1.76e-01,3.00e-01,
5501,1.76e-01,3.00e-01,
5502,1.76e-01,3.00e-01,
5503,1.84e-01,3.00e-01,
5504,1.76e-01,-1.00e-01,
5505,1.76e-01,3.00e-01,
5506,1.76e-01,3.00e-01,
5507,1.84e-01,3.00e-01,
5508,1.76e-01,3.00e-01,
5509,1.76e-01,3.00e-01,
5510,1.76e-01,7.00e-01,
5511,1.84e-01,3.00e-01,
5512,1.76e-01,3.00e-01,
5513,1.76e-01,3.00e-01,
5514,1.76e-01,3.00e-01,
5515,1.84e-01,3.00e-01,
5516,1.76e-01,3.00e-01,
5517,1.76e-01,3.00e-01,
5518,1.76e-01,3.00e-01,
5519,1.84e-01,3.00e-01,
5520,1.76e-01,3.00e-01,
5521,1.76e-01,3.00e-01,
5522,1.76e-01,7.00e-01,
5523,1.84e-01,3.00e-01,
5524,1.76e-01,3.00e-01,
5525,1.76e-01,3.00e-01,
5526,1.76e-01,7.00e-01,
5527,1.84e-01,3.00e-01,
5528,1.76e-01,3.00e-01,
5529,1.76e-01,3.00e-01,
5530,1.76e-01,3.00e-01,
5531,1.84e-01,3.00e-01,
5532,1.76e-01,3.00e-01,
5533,1.76e-01,3.00e-01,
5534,1.76e-01,7.00e-01,
5535,1.84e-01,3.00e-01,
5536,1.76e-01,3.00e-01,
5537,1.84e-01,3.00e-01,
5538,1.76e-01,3.00e-01,
5539,1.84e-01,3.00e-01,
5540,1.76e-01,-1.00e-01,
5541,1.84e-01,3.00e-01,
5542,1.76e-01,7.00e-01,
5543,1.84e-01,3.00e-01,
5544,1.76e-01,3.00e-01,
5545,1.84e-01,3.00e-01,
5546,1.76e-01,3.00e-01,
5547,1.84e-01,3.00e-01,
5548,1.76e-01,3.00e-01,
5549,1.84e-01,3.00e-01,
5550,1.76e-01,3.00e-01,
5551,1.84e-01,3.00e-01,
5552,1.84e-01,-1.00e-01,
5553,1.84e-01,3.00e-01,
5554,1.76e-01,3.00e-01,
5555,1.84e-01,3.00e-01,
5556,1.76e-01,3.00e-01,
5557,1.84e-01,3.00e-01,
5558,1.76e-01,3.00e-01,
5559,1.84e-01,3.00e-01,
5560,1.84e-01,3.00e-01,
5561,1.84e-01,3.00e-01,
5562,1.76e-01,3.00e-01,
5563,1.84e-01,3.00e-01,
5564,1.84e-01,3.00e-01,
5565,1.84e-01,3.00e-01,
5566,1.76e-01,3.00e-01,
5567,1.84e-01,3.00e-01,
5568,1.84e-01,3.00e-01,
5569,1.84e-01,3.00e-01,
5570,1.76e-01,3.00e-01,
5571,1.84e-01,3.00e-01,
5572,1.84e-01,3.00e-01,
5573,1.84e-01,3.00e-01,
5574,1.84e-01,3.00e-01,
5575,1.92e-01,3.00e-01,
5576,1.84e-01,3.00e-01,
5577,1.84e-01,3.00e-01,
5578,1.76e-01,7.00e-01,
5579,1.92e-01,3.00e-01,
5580,1.84e-01,3.00e-01,
5581,1.84e-01,3.00e-01,
5582,1.84e-01,3.00e-01,
5583,1.92e-01,3.00e-01,
5584,1.84e-01,3.00e-01,
5585,1.84e-01,3.00e-01,
5586,1.76e-01,7.00e-01,
5587,1.92e-01,3.00e-01,
5588,1.84e-01,3.00e-01,
5589,1.84e-01,3.00e-01,
5590,1.84e-01,3.00e-01,
5591,1.92e-01,3.00e-01,
5592,1.84e-01,3.00e-01,
5593,1.84e-01,3.00e-01,
5594,1.84e-01,3.00e-01,
5595,1.92e-01,3.00e-01,
5596,1.84e-01,3.00e-01,
5597,1.84e-01,3.00e-01,
5598,1.84e-01,7.00e-01,
5599,1.92e-01,3.00e-01,
5600,1.84e-01,3.00e-01,
5601,1.84e-01,3.00e-01,
5602,1.84e-01,3.00e-01,
5603,1.92e-01,3.00e-01,
5604,1.84e-01,3.00e-01,
5605,1.84e-01,3.00e-01,
5606,1.84e-01,7.00e-01,
5607,1.92e-01,3.00e-01,
5608,1.84e-01,3.00e-01,
5609,1.84e-01,3.00e-01,
5610,1.84e-01,3.00e-01,
5611,1.92e-01,3.00e-01,
5612,1.84e-01,3.00e-01,
5613,1.84e-01,3.00e-01,
5614,1.84e-01,7.00e-01,
5615,1.92e-01,3.00e-01,
5616,1.84e-01,3.00e-01,
5617,1.84e-01,3.00e-01,
5618,1.84e-01,3.00e-01,
5619,1.92e-01,3.00e-01,
5620,1.84e-01,3.00e-01,
5621,1.84e-01,3.00e-01,
5622,1.84e-01,7.00e-01,
5623,1.92e-01,3.00e-01,
5624,1.84e-01,3.00e-01,
5625,1.92e-01,3.00e-01,
5626,1.84e-01,3.00e-01,
5627,1.92e-01,3.00e-01,
5628,1.84e-01,3.00e-01,
5629,1.84e-01,3.00e-01,
5630,1.84e-01,7.00e-01,
5631,1.92e-01,3.00e-01,
5632,1.84e-01,3.00e-01,
5633,1.84e-01,3.00e-01,
5634,1.84e-01,3.00e-01,
5635,1.92e-01,3.00e-01,
5636,1.84e-01,3.00e-01,
5637,1.92e-01,3.00e-01,
5638,1.84e-01,7.00e-01,
5639,1.92e-01,3.00e-01,
5640,1.84e-01,3.00e-01,
5641,1.92e-01,3.00e-01,
5642,1.84e-01,7.00e-01,
5643,1.92e-01,3.00e-01,
5644,1.84e-01,3.00e-01,
5645,1.92e-01,-1.00e-01,
5646,1.84e-01,7.00e-01,
5647,1.92e-01,3.00e-01,
5648,1.92e-01,-1.00e-01,
5649,1.84e-01,7.00e-01,
5650,1.84e-01,3.00e-01,
5651,1.92e-01,3.00e-01,
5652,1.84e-01,3.00e-01,
5653,1.92e-01,3.00e-01,
5654,1.84e-01,7.00e-01,
5655,1.92e-01,3.00e-01,
5656,1.92e-01,3.00e-01,
5657,1.92e-01,3.00e-01,
5658,1.84e-01,3.00e-01,
5659,1.92e-01,3.00e-01,
5660,1.84e-01,-1.00e-01,
5661,1.92e-01,3.00e-01,
5662,1.92e-01,7.00e-01,
5663,1.92e-01,3.00e-01,
5664,1.92e-01,3.00e-01,
5665,1.92e-01,3.00e-01,
5666,1.84e-01,3.00e-01,
5667,2.00e-01,3.00e-01,
5668,1.92e-01,3.00e-01,
5669,1.92e-01,3.00e-01,
5670,1.92e-01,7.00e-01,
5671,1.92e-01,3.00e-01,
5672,1.92e-01,3.00e-01,
5673,1.92e-01,3.00e-01,
5674,1.92e-01,3.00e-01,
5675,2.00e-01,3.00e-01,
5676,1.84e-01,3.00e-01,
5677,1.92e-01,3.00e-01,
5678,1.84e-01,7.00e-01,
5679,1.92e-01,3.00e-01,
5680,1.92e-01,3.00e-01,
5681,1.92e-01,3.00e-01,
5682,1.92e-01,3.00e-01,
5683,2.00e-01,3.00e-01,
5684,1.92e-01,3.00e-01,
5685,1.92e-01,3.00e-01,
5686,1.92e-01,7.00e-01,
5687,2.00e-01,3.00e-01,
5688,1.92e-01,3.00e-01,
5689,1.92e-01,3.00e-01,
5690,1.92e-01,7.00e-01,
5691,2.00e-01,3.00e-01,
5692,1.92e-01,3.00e-01,
5693,1.92e-01,3.00e-01,
5694,1.92e-01,3.00e-01,
5695,2.00e-01,3.00e-01,
5696,1.92e-01,3.00e-01,
5697,1.92e-01,3.00e-01,
5698,1.92e-01,3.00e-01,
5699,2.00e-01,3.00e-01,
5700,1.92e-01,3.00e-01,
5701,1.92e-01,3.00e-01,
5702,1.92e-01,7.00e-01,
5703,2.00e-01,3.00e-01,
5704,1.92e-01,-1.00e-01,
5705,1.92e-01,3.00e-01,
5706,1.92e-01,7.00e-01,
5707,2.00e-01,3.00e-01,
5708,1.92e-01,3.00e-01,
5709,1.92e-01,3.00e-01,
5710,1.92e-01,7.00e-01,
5711,2.00e-01,3.00e-01,
5712,1.92e-01,3.00e-01,
5713,1.92e-01,3.00e-01,
5714,1.92e-01,3.00e-01,
5715,2.00e-01,3.00e-01,
5716,1.92e-01,3.00e-01,
5717,1.92e-01,3.00e-01,
5718,1.92e-01,7.00e-01,
5719,2.00e-01,3.00e-01,
5720,1.92e-01,3.00e-01,
5721,2.00e-01,3.00e-01,
5722,1.92e-01,3.00e-01,
5723,2.00e-01,3.00e-01,
5724,1.92e-01,3.00e-01,
5725,1.92e-01,3.00e-01,
5726,1.92e-01,7.00e-01,
5727,2.00e-01,3.00e-01,
5728,1.92e-01,3.00e-01,
5729,1.92e-01,3.00e-01,
5730,1.92e-01,3.00e-01,
5731,2.00e-01,3.00e-01,
5732,1.92e-01,3.00e-01,
5733,1.92e-01,3.00e-01,
5734,1.92e-01,7.00e-01,
5735,2.00e-01,3.00e-01,
5736,1.92e-01,3.00e-01,
5737,2.00e-01,3.00e-01,
5738,1.92e-01,7.00e-01,
5739,2.00e-01,3.00e-01,
5740,1.92e-01,3.00e-01,
5741,2.00e-01,3.00e-01,
5742,1.92e-01,3.00e-01,
5743,2.00e-01,3.00e-01,
5744,1.92e-01,3.00e-01,
5745,2.00e-01,3.00e-01,
5746,1.92e-01,7.00e-01,
5747,2.00e-01,3.00e-01,
5748,1.92e-01,3.00e-01,
5749,2.00e-01,3.00e-01,
5750,1.92e-01,3.00e-01,
5751,2.00e-01,3.00e-01,
5752,2.00e-01,3.00e-01,
5753,2.00e-01,3.00e-01,
5754,1.92e-01,3.00e-01,
5755,2.00e-01,3.00e-01,
5756,2.00e-01,3.00e-01,
5757,2.00e-01,3.00e-01,
5758,1.92e-01,7.00e-01,
5759,2.00e-01,3.00e-01,
5760,2.00e-01,3.00e-01,
5761,2.00e-01,3.00e-01,
5762,1.92e-01,3.00e-01,
5763,2.00e-01,3.00e-01,
5764,1.92e-01,3.00e-01,
5765,2.00e-01,3.00e-01,
5766,1.92e-01,7.00e-01,
5767,2.00e-01,3.00e-01,
5768,2.00e-01,3.00e-01,
5769,2.00e-01,3.00e-01,
5770,1.92e-01,3.00e-01,
5771,2.08e-01,3.00e-01,
5772,2.00e-01,3.00e-01,
5773,2.00e-01,3.00e-01,
5774,2.00e-01,7.00e-01,
5775,2.08e-01,3.00e-01,
5776,2.00e-01,3.00e-01,
5777,2.00e-01,3.00e-01,
5778,2.00e-01,7.00e-01,
5779,2.08e-01,3.00e-01,
5780,2.00e-01,3.00e-01,
5781,2.00e-01,3.00e-01,
5782,2.00e-01,7.00e-01,
5783,2.08e-01,3.00e-01,
5784,2.00e-01,3.00e-01,
5785,2.00e-01,3.00e-01,
5786,2.00e-01,7.00e-01,
5787,2.08e-01,3.00e-01,
5788,2.00e-01,3.00e-01,
5789,2.00e-01,3.00e-01,
5790,2.00e-01,7.00e-01,
5791,2.08e-01,3.00e-01,
5792,2.00e-01,3.00e-01,
5793,2.00e-01,3.00e-01,
5794,2.00e-01,3.00e-01,
5795,2.08e-01,3.00e-01,
5796,2.00e-01,3.00e-01,
5797,2.00e-01,3.00e-01,
5798,2.00e-01,7.00e-01,
5799,2.08e-01,3.00e-01,
5800,2.00e-01,3.00e-01,
5801,2.00e-01,3.00e-01,
5802,2.00e-01,3.00e-01,
5803,2.08e-01,3.00e-01,
5804,2.00e-01,3.00e-01,
5805,2.00e-01,3.00e-01,
5806,2.00e-01,7.00e-01,
5807,2.08e-01,3.00e-01,
5808,2.00e-01,3.00e-01,
5809,2.00e-01,3.00e-01,
5810,2.00e-01,7.00e-01,
5811,2.08e-01,3.00e-01,
5812,2.00e-01,3.00e-01,
5813,2.00e-01,3.00e-01,
5814,2.00e-01,7.00e-01,
5815,2.08e-01,3.00e-01,
5816,2.00e-01,3.00e-01,
5817,2.00e-01,3.00e-01,
5818,2.00e-01,7.00e-01,
5819,2.08e-01,3.00e-01,
5820,2.00e-01,3.00e-01,
5821,2.00e-01,3.00e-01,
5822,2.00e-01,7.00e-01,
5823,2.08e-01,3.00e-01,
5824,2.00e-01,3.00e-01,
5825,2.08e-01,3.00e-01,
5826,2.00e-01,7.00e-01,
5827,2.08e-01,3.00e-01,
5828,2.00e-01,3.00e-01,
5829,2.00e-01,3.00e-01,
5830,2.00e-01,3.00e-01,
5831,2.08e-01,3.00e-01,
5832,2.00e-01,3.00e-01,
5833,2.08e-01,3.00e-01,
5834,2.00e-01,3.00e-01,
5835,2.08e-01,3.00e-01,
5836,2.00e-01,3.00e-01,
5837,2.00e-01,3.00e-01,
5838,2.00e-01,7.00e-01,
5839,2.08e-01,3.00e-01,
5840,2.08e-01,3.00e-01,
5841,2.08e-01,3.00e-01,
5842,2.00e-01,3.00e-01,
5843,2.08e-01,3.00e-01,
5844,2.00e-01,3.00e-01,
5845,2.08e-01,3.00e-01,
5846,2.00e-01,7.00e-01,
5847,2.08e-01,3.00e-01,
5848,2.08e-01,-1.00e-01,
5849,2.00e-01,7.00e-01,
5850,2.08e-01,3.00e-01,
5851,2.08e-01,3.00e-01,
5852,2.00e-01,3.00e-01,
5853,2.08e-01,3.00e-01,
5854,2.08e-01,7.00e-01,
5855,2.08e-01,3.00e-01,
5856,2.08e-01,3.00e-01,
5857,2.08e-01,3.00e-01,
5858,2.00e-01,3.00e-01,
5859,2.08e-01,3.00e-01,
5860,2.00e-01,3.00e-01,
5861,2.08e-01,3.00e-01,
5862,2.08e-01,7.00e-01,
5863,2.08e-01,3.00e-01,
5864,2.08e-01,3.00e-01,
5865,2.08e-01,3.00e-01,
5866,2.00e-01,7.00e-01,
5867,2.08e-01,3.00e-01,
5868,2.08e-01,3.00e-01,
5869,2.08e-01,3.00e-01,
5870,2.08e-01,7.00e-01,
5871,2.08e-01,3.00e-01,
5872,2.08e-01,3.00e-01,
5873,2.08e-01,3.00e-01,
5874,2.08e-01,7.00e-01,
5875,2.24e-01,3.00e-01,
5876,2.08e-01,3.00e-01,
5877,2.08e-01,3.00e-01,
5878,2.08e-01,7.00e-01,
5879,2.24e-01,3.00e-01,
5880,2.08e-01,3.00e-01,
5881,2.08e-01,3.00e-01,
5882,2.08e-01,7.00e-01,
5883,2.24e-01,3.00e-01,
5884,2.08e-01,3.00e-01,
5885,2.08e-01,3.00e-01,
5886,2.08e-01,7.00e-01,
5887,2.08e-01,3.00e-01,
5888,2.08e-01,3.00e-01,
5889,2.08e-01,3.00e-01,
5890,2.08e-01,3.00e-01,
5891,2.24e-01,3.00e-01,
5892,2.08e-01,3.00e-01,
5893,2.08e-01,3.00e-01,
5894,2.08e-01,3.00e-01,
5895,2.24e-01,3.00e-01,
5896,2.08e-01,3.00e-01,
5897,2.08e-01,3.00e-01,
5898,2.08e-01,7.00e-01,
5899,2.24e-01,3.00e-01,
5900,2.08e-01,3.00e-01,
5901,2.08e-01,3.00e-01,
5902,2.08e-01,7.00e-01,
5903,2.24e-01,3.00e-01,
5904,2.08e-01,3.00e-01,
5905,2.08e-01,3.00e-01,
5906,2.08e-01,3.00e-01,
5907,2.24e-01,3.00e-01,
5908,2.08e-01,3.00e-01,
5909,2.08e-01,3.00e-01,
5910,2.08e-01,3.00e-01,
5911,2.24e-01,3.00e-01,
5912,2.08e-01,3.00e-01,
5913,2.08e-01,3.00e-01,
5914,2.08e-01,7.00e-01,
5915,2.24e-01,3.00e-01,
5916,2.08e-01,3.00e-01,
5917,2.08e-01,3.00e-01,
5918,2.08e-01,7.00e-01,
5919,2.24e-01,3.00e-01,
5920,2.08e-01,3.00e-01,
5921,2.08e-01,3.00e-01,
5922,2.08e-01,7.00e-01,
5923,2.24e-01,7.00e-01,
5924,2.08e-01,3.00e-01,
5925,2.08e-01,3.00e-01,
5926,2.08e-01,3.00e-01,
5927,2.24e-01,3.00e-01,
5928,2.08e-01,3.00e-01,
5929,2.08e-01,3.00e-01,
5930,2.08e-01,3.00e-01,
5931,2.24e-01,3.00e-01,
5932,2.08e-01,3.00e-01,
5933,2.08e-01,3.00e-01,
5934,2.08e-01,7.00e-01,
5935,2.24e-01,3.00e-01,
5936,2.24e-01,3.00e-01,
5937,2.24e-01,3.00e-01,
5938,2.08e-01,7.00e-01,
5939,2.24e-01,3.00e-01,
5940,2.08e-01,3.00e-01,
5941,2.24e-01,3.00e-01,
5942,2.08e-01,7.00e-01,
5943,2.24e-01,3.00e-01,
5944,2.08e-01,3.00e-01,
5945,2.24e-01,3.00e-01,
5946,2.08e-01,7.00e-01,
5947,2.24e-01,3.00e-01,
5948,2.24e-01,3.00e-01,
5949,2.24e-01,3.00e-01,
5950,2.08e-01,7.00e-01,
5951,2.24e-01,3.00e-01,
5952,2.24e-01,3.00e-01,
5953,2.24e-01,3.00e-01,
5954,2.08e-01,7.00e-01,
5955,2.32e-01,3.00e-01,
5956,2.24e-01,3.00e-01,
5957,2.24e-01,3.00e-01,
5958,2.24e-01,7.00e-01,
5959,2.24e-01,3.00e-01,
5960,2.24e-01,3.00e-01,
5961,2.24e-01,3.00e-01,
5962,2.08e-01,3.00e-01,
5963,2.24e-01,3.00e-01,
5964,2.24e-01,3.00e-01,
5965,2.24e-01,3.00e-01,
5966,2.24e-01,7.00e-01,
5967,2.32e-01,3.00e-01,
5968,2.24e-01,3.00e-01,
5969,2.24e-01,3.00e-01,
5970,2.24e-01,3.00e-01,
5971,2.32e-01,3.00e-01,
5972,2.24e-01,3.00e-01,
5973,2.24e-01,3.00e-01,
5974,2.24e-01,7.00e-01,
5975,2.24e-01,3.00e-01,
5976,2.24e-01,3.00e-01,
5977,2.24e-01,3.00e-01,
5978,2.24e-01,7.00e-01,
5979,2.32e-01,7.00e-01,
5980,2.24e-01,3.00e-01,
5981,2.24e-01,3.00e-01,
5982,2.24e-01,3.00e-01,
5983,2.32e-01,3.00e-01,
5984,2.24e-01,3.00e-01,
5985,2.24e-01,3.00e-01,
5986,2.24e-01,7.00e-01,
5987,2.32e-01,3.00e-01,
5988,2.24e-01,3.00e-01,
5989,2.24e-01,3.00e-01,
5990,2.24e-01,7.00e-01,
5991,2.32e-01,3.00e-01,
5992,2.24e-01,3.00e-01,
5993,2.24e-01,3.00e-01,
5994,2.24e-01,7.00e-01,
5995,2.32e-01,3.00e-01,
5996,2.24e-01,3.00e-01,
5997,2.24e-01,3.00e-01,
5998,2.24e-01,7.00e-01,
5999,2.32e-01,3.00e-01,
6000,2.24e-01,3.00e-01,
6001,2.24e-01,3.00e-01,
6002,2.24e-01,7.00e-01,
6003,2.32e-01,3.00e-01,
6004,2.24e-01,3.00e-01,
6005,2.24e-01,3.00e-01,
6006,2.24e-01,7.00e-01,
6007,2.32e-01,3.00e-01,
6008,2.24e-01,3.00e-01,
6009,2.24e-01,3.00e-01,
6010,2.24e-01,3.00e-01,
6011,2.32e-01,7.00e-01,
6012,2.24e-01,3.00e-01,
6013,2.24e-01,3.00e-01,
6014,2.24e-01,7.00e-01,
6015,2.32e-01,3.00e-01,
6016,2.24e-01,3.00e-01,
6017,2.24e-01,3.00e-01,
6018,2.24e-01,7.00e-01,
6019,2.32e-01,3.00e-01,
6020,2.24e-01,3.00e-01,
6021,2.24e-01,3.00e-01,
6022,2.24e-01,7.00e-01,
6023,2.32e-01,3.00e-01,
6024,2.24e-01,3.00e-01,
6025,2.24e-01,3.00e-01,
6026,2.24e-01,7.00e-01,
6027,2.32e-01,3.00e-01,
6028,2.24e-01,3.00e-01,
6029,2.24e-01,3.00e-01,
6030,2.24e-01,3.00e-01,
6031,2.32e-01,3.00e-01,
6032,2.24e-01,3.00e-01,
6033,2.32e-01,3.00e-01,
6034,2.24e-01,3.00e-01,
6035,2.32e-01,3.00e-01,
6036,2.24e-01,3.00e-01,
6037,2.32e-01,3.00e-01,
6038,2.24e-01,7.00e-01,
6039,2.32e-01,3.00e-01,
6040,2.24e-01,3.00e-01,
6041,2.32e-01,7.00e-01,
6042,2.24e-01,3.00e-01,
6043,2.32e-01,7.00e-01,
6044,2.24e-01,3.00e-01,
6045,2.32e-01,3.00e-01,
6046,2.24e-01,7.00e-01,
6047,2.32e-01,7.00e-01,
6048,2.32e-01,-1.00e-01,
6049,2.24e-01,7.00e-01,
6050,2.32e-01,3.00e-01,
6051,2.32e-01,7.00e-01,
6052,2.32e-01,3.00e-01,
6053,2.32e-01,3.00e-01,
6054,2.24e-01,7.00e-01,
6055,2.40e-01,3.00e-01,
6056,2.32e-01,3.00e-01,
6057,2.32e-01,3.00e-01,
6058,2.24e-01,7.00e-01,
6059,2.32e-01,3.00e-01,
6060,2.32e-01,3.00e-01,
6061,2.32e-01,3.00e-01,
6062,2.24e-01,7.00e-01,
6063,2.32e-01,3.00e-01,
6064,2.32e-01,3.00e-01,
6065,2.32e-01,3.00e-01,
6066,2.32e-01,7.00e-01,
6067,2.40e-01,3.00e-01,
6068,2.32e-01,3.00e-01,
6069,2.32e-01,3.00e-01,
6070,2.32e-01,3.00e-01,
6071,2.32e-01,3.00e-01,
6072,2.32e-01,3.00e-01,
6073,2.32e-01,3.00e-01,
6074,2.32e-01,3.00e-01,
6075,2.40e-01,3.00e-01,
6076,2.32e-01,3.00e-01,
6077,2.32e-01,3.00e-01,
6078,2.32e-01,7.00e-01,
6079,2.40e-01,3.00e-01,
6080,2.32e-01,3.00e-01,
6081,2.32e-01,3.00e-01,
6082,2.32e-01,7.00e-01,
6083,2.40e-01,7.00e-01,
6084,2.32e-01,3.00e-01,
6085,2.32e-01,3.00e-01,
6086,2.32e-01,7.00e-01,
6087,2.40e-01,3.00e-01,
6088,2.32e-01,3.00e-01,
6089,2.32e-01,3.00e-01,
6090,2.32e-01,7.00e-01,
6091,2.40e-01,3.00e-01,
6092,2.32e-01,3.00e-01,
6093,2.32e-01,3.00e-01,
6094,2.32e-01,7.00e-01,
6095,2.40e-01,3.00e-01,
6096,2.32e-01,3.00e-01,
6097,2.32e-01,3.00e-01,
6098,2.32e-01,7.00e-01,
6099,2.40e-01,7.00e-01,
6100,2.32e-01,3.00e-01,
6101,2.32e-01,7.00e-01,
6102,2.32e-01,7.00e-01,
6103,2.40e-01,3.00e-01,
6104,2.32e-01,3.00e-01,
6105,2.32e-01,3.00e-01,
6106,2.32e-01,7.00e-01,
6107,2.40e-01,3.00e-01,
6108,2.32e-01,3.00e-01,
6109,2.32e-01,3.00e-01,
6110,2.32e-01,7.00e-01,
6111,2.40e-01,3.00e-01,
6112,2.32e-01,3.00e-01,
6113,2.32e-01,3.00e-01,
6114,2.32e-01,7.00e-01,
6115,2.40e-01,3.00e-01,
6116,2.32e-01,3.00e-01,
6117,2.32e-01,3.00e-01,
6118,2.32e-01,7.00e-01,
6119,2.40e-01,3.00e-01,
6120,2.32e-01,3.00e-01,
6121,2.40e-01,7.00e-01,
6122,2.32e-01,7.00e-01,
6123,2.40e-01,7.00e-01,
6124,2.32e-01,3.00e-01,
6125,2.32e-01,3.00e-01,
6126,2.32e-01,7.00e-01,
6127,2.40e-01,3.00e-01,
6128,2.32e-01,3.00e-01,
6129,2.40e-01,3.00e-01,
6130,2.32e-01,7.00e-01,
6131,2.40e-01,7.00e-01,
6132,2.32e-01,3.00e-01,
6133,2.32e-01,3.00e-01,
6134,2.32e-01,7.00e-01,
6135,2.40e-01,3.00e-01,
6136,2.32e-01,3.00e-01,
6137,2.40e-01,3.00e-01,
6138,2.32e-01,3.00e-01,
6139,2.40e-01,3.00e-01,
6140,2.40e-01,3.00e-01,
6141,2.40e-01,3.00e-01,
6142,2.32e-01,7.00e-01,
6143,2.40e-01,7.00e-01,
6144,2.40e-01,3.00e-01,
6145,2.40e-01,3.00e-01,
6146,2.32e-01,7.00e-01,
6147,2.40e-01,3.00e-01,
6148,2.32e-01,3.00e-01,
6149,2.40e-01,3.00e-01,
6150,2.32e-01,7.00e-01,
6151,2.40e-01,3.00e-01,
6152,2.40e-01,3.00e-01,
6153,2.40e-01,3.00e-01,
6154,2.32e-01,7.00e-01,
6155,2.40e-01,3.00e-01,
6156,2.32e-01,3.00e-01,
6157,2.40e-01,3.00e-01,
6158,2.40e-01,7.00e-01,
6159,2.48e-01,3.00e-01,
6160,2.40e-01,3.00e-01,
6161,2.40e-01,3.00e-01,
6162,2.32e-01,7.00e-01,
6163,2.40e-01,3.00e-01,
6164,2.40e-01,3.00e-01,
6165,2.40e-01,3.00e-01,
6166,2.40e-01,7.00e-01,
6167,2.40e-01,3.00e-01,
6168,2.40e-01,3.00e-01,
6169,2.40e-01,3.00e-01,
6170,2.40e-01,7.00e-01,
6171,2.48e-01,7.00e-01,
6172,2.40e-01,3.00e-01,
6173,2.40e-01,3.00e-01,
6174,2.40e-01,7.00e-01,
6175,2.48e-01,3.00e-01,
6176,2.40e-01,3.00e-01,
6177,2.40e-01,3.00e-01,
6178,2.40e-01,7.00e-01,
6179,2.48e-01,3.00e-01,
6180,2.40e-01,3.00e-01,
6181,2.40e-01,3.00e-01,
6182,2.40e-01,7.00e-01,
6183,2.40e-01,7.00e-01,
6184,2.40e-01,3.00e-01,
6185,2.40e-01,3.00e-01,
6186,2.40e-01,3.00e-01,
6187,2.48e-01,3.00e-01,
6188,2.40e-01,3.00e-01,
6189,2.40e-01,3.00e-01,
6190,2.40e-01,7.00e-01,
6191,2.48e-01,3.00e-01,
6192,2.40e-01,3.00e-01,
6193,2.40e-01,3.00e-01,
6194,2.40e-01,7.00e-01,
6195,2.48e-01,3.00e-01,
6196,2.40e-01,3.00e-01,
6197,2.40e-01,3.00e-01,
6198,2.40e-01,7.00e-01,
6199,2.48e-01,3.00e-01,
6200,2.40e-01,3.00e-01,
6201,2.40e-01,3.00e-01,
6202,2.40e-01,7.00e-01,
6203,2.48e-01,3.00e-01,
6204,2.40e-01,3.00e-01,
6205,2.40e-01,3.00e-01,
6206,2.40e-01,7.00e-01,
6207,2.48e-01,3.00e-01,
6208,2.40e-01,3.00e-01,
6209,2.40e-01,3.00e-01,
6210,2.40e-01,7.00e-01,
6211,2.48e-01,7.00e-01,
6212,2.40e-01,3.00e-01,
6213,2.48e-01,3.00e-01,
6214,2.40e-01,7.00e-01,
6215,2.48e-01,3.00e-01,
6216,2.40e-01,3.00e-01,
6217,2.40e-01,3.00e-01,
6218,2.40e-01,7.00e-01,
6219,2.48e-01,7.00e-01,
6220,2.40e-01,3.00e-01,
6221,2.48e-01,3.00e-01,
6222,2.40e-01,7.00e-01,
6223,2.48e-01,3.00e-01,
6224,2.40e-01,3.00e-01,
6225,2.48e-01,3.00e-01,
6226,2.40e-01,7.00e-01,
6227,2.48e-01,3.00e-01,
6228,2.40e-01,3.00e-01,
6229,2.48e-01,3.00e-01,
6230,2.40e-01,7.00e-01,
6231,2.48e-01,7.00e-01,
6232,2.40e-01,3.00e-01,
6233,2.48e-01,3.00e-01,
6234,2.40e-01,7.00e-01,
6235,2.48e-01,3.00e-01,
6236,2.40e-01,3.00e-01,
6237,2.48e-01,3.00e-01,
6238,2.40e-01,7.00e-01,
6239,2.48e-01,3.00e-01,
6240,2.40e-01,3.00e-01,
6241,2.48e-01,3.00e-01,
6242,2.40e-01,7.00e-01,
6243,2.48e-01,7.00e-01,
6244,2.40e-01,3.00e-01,
6245,2.48e-01,3.00e-01,
6246,2.40e-01,7.00e-01,
6247,2.48e-01,7.00e-01,
6248,2.48e-01,-1.00e-01,
6249,2.40e-01,7.00e-01,
6250,2.48e-01,3.00e-01,
6251,2.48e-01,7.00e-01,
6252,2.48e-01,3.00e-01,
6253,2.48e-01,3.00e-01,
6254,2.40e-01,7.00e-01,
6255,2.48e-01,3.00e-01,
6256,2.48e-01,3.00e-01,
6257,2.48e-01,3.00e-01,
6258,2.48e-01,7.00e-01,
6259,2.48e-01,3.00e-01,
6260,2.48e-01,3.00e-01,
6261,2.48e-01,3.00e-01,
6262,2.48e-01,7.00e-01,
6263,2.48e-01,7.00e-01,
6264,2.48e-01,3.00e-01,
6265,2.48e-01,3.00e-01,
6266,2.40e-01,7.00e-01,
6267,2.56e-01,3.00e-01,
6268,2.48e-01,3.00e-01,
6269,2.48e-01,3.00e-01,
6270,2.48e-01,7.00e-01,
6271,2.56e-01,3.00e-01,
6272,2.48e-01,3.00e-01,
6273,2.48e-01,7.00e-01,
6274,2.48e-01,7.00e-01,
6275,2.56e-01,3.00e-01,
6276,2.48e-01,3.00e-01,
6277,2.48e-01,3.00e-01,
6278,2.40e-01,7.00e-01,
6279,2.56e-01,3.00e-01,
6280,2.48e-01,3.00e-01,
6281,2.48e-01,7.00e-01,
6282,2.48e-01,7.00e-01,
6283,2.56e-01,7.00e-01,
6284,2.48e-01,3.00e-01,
6285,2.48e-01,3.00e-01,
6286,2.48e-01,7.00e-01,
6287,2.56e-01,3.00e-01,
6288,2.48e-01,3.00e-01,
6289,2.48e-01,3.00e-01,
6290,2.48e-01,7.00e-01,
6291,2.56e-01,3.00e-01,
6292,2.48e-01,3.00e-01,
6293,2.48e-01,7.00e-01,
6294,2.48e-01,7.00e-01,
6295,2.56e-01,7.00e-01,
6296,2.48e-01,3.00e-01,
6297,2.48e-01,3.00e-01,
6298,2.48e-01,7.00e-01,
6299,2.56e-01,3.00e-01,
6300,2.48e-01,3.00e-01,
6301,2.48e-01,7.00e-01,
6302,2.48e-01,7.00e-01,
6303,2.56e-01,3.00e-01,
6304,2.48e-01,3.00e-01,
6305,2.48e-01,3.00e-01,
6306,2.48e-01,7.00e-01,
6307,2.56e-01,3.00e-01,
6308,2.48e-01,3.00e-01,
6309,2.48e-01,3.00e-01,
6310,2.48e-01,7.00e-01,
6311,2.56e-01,3.00e-01,
6312,2.48e-01,3.00e-01,
6313,2.48e-01,3.00e-01,
6314,2.48e-01,7.00e-01,
6315,2.56e-01,7.00e-01,
6316,2.48e-01,3.00e-01,
6317,2.56e-01,3.00e-01,
6318,2.48e-01,7.00e-01,
6319,2.56e-01,3.00e-01,
6320,2.48e-01,3.00e-01,
6321,2.48e-01,3.00e-01,
6322,2.48e-01,7.00e-01,
6323,2.56e-01,7.00e-01,
6324,2.48e-01,3.00e-01,
6325,2.56e-01,3.00e-01,
6326,2.48e-01,7.00e-01,
6327,2.56e-01,3.00e-01,
6328,2.48e-01,3.00e-01,
6329,2.48e-01,7.00e-01,
6330,2.48e-01,7.00e-01,
6331,2.56e-01,3.00e-01,
6332,2.48e-01,3.00e-01,
6333,2.48e-01,3.00e-01,
6334,2.48e-01,7.00e-01,
6335,2.56e-01,3.00e-01,
6336,2.48e-01,3.00e-01,
6337,2.56e-01,3.00e-01,
6338,2.48e-01,7.00e-01,
6339,2.56e-01,7.00e-01,
6340,2.48e-01,3.00e-01,
6341,2.56e-01,3.00e-01,
6342,2.48e-01,7.00e-01,
6343,2.56e-01,7.00e-01,
6344,2.56e-01,3.00e-01,
6345,2.56e-01,3.00e-01,
6346,2.48e-01,7.00e-01,
6347,2.56e-01,3.00e-01,
6348,2.48e-01,3.00e-01,
6349,2.56e-01,3.00e-01,
6350,2.48e-01,7.00e-01,
6351,2.56e-01,7.00e-01,
6352,2.56e-01,3.00e-01,
6353,2.56e-01,3.00e-01,
6354,2.48e-01,7.00e-01,
6355,2.64e-01,7.00e-01,
6356,2.56e-01,3.00e-01,
6357,2.56e-01,3.00e-01,
6358,2.56e-01,7.00e-01,
6359,2.64e-01,7.00e-01,
6360,2.56e-01,3.00e-01,
6361,2.56e-01,3.00e-01,
6362,2.56e-01,7.00e-01,
6363,2.64e-01,7.00e-01,
6364,2.56e-01,3.00e-01,
6365,2.56e-01,3.00e-01,
6366,2.48e-01,7.00e-01,
6367,2.56e-01,3.00e-01,
6368,2.56e-01,3.00e-01,
6369,2.56e-01,7.00e-01,
6370,2.56e-01,7.00e-01,
6371,2.64e-01,7.00e-01,
6372,2.56e-01,3.00e-01,
6373,2.56e-01,3.00e-01,
6374,2.56e-01,7.00e-01,
6375,2.64e-01,3.00e-01,
6376,2.56e-01,3.00e-01,
6377,2.56e-01,3.00e-01,
6378,2.56e-01,7.00e-01,
6379,2.64e-01,7.00e-01,
6380,2.56e-01,3.00e-01,
6381,2.56e-01,3.00e-01,
6382,2.56e-01,7.00e-01,
6383,2.64e-01,7.00e-01,
6384,2.56e-01,3.00e-01,
6385,2.56e-01,3.00e-01,
6386,2.56e-01,7.00e-01,
6387,2.64e-01,3.00e-01,
6388,2.56e-01,3.00e-01,
6389,2.56e-01,3.00e-01,
6390,2.56e-01,7.00e-01,
6391,2.64e-01,7.00e-01,
6392,2.56e-01,3.00e-01,
6393,2.56e-01,7.00e-01,
6394,2.56e-01,7.00e-01,
6395,2.64e-01,7.00e-01,
6396,2.56e-01,3.00e-01,
6397,2.56e-01,3.00e-01,
6398,2.56e-01,7.00e-01,
6399,2.64e-01,3.00e-01,
6400,2.56e-01,3.00e-01,
6401,2.56e-01,7.00e-01,
6402,2.56e-01,7.00e-01,
6403,2.64e-01,3.00e-01,
6404,2.56e-01,3.00e-01,
6405,2.56e-01,3.00e-01,
6406,2.56e-01,7.00e-01,
6407,2.64e-01,3.00e-01,
6408,2.56e-01,3.00e-01,
6409,2.56e-01,3.00e-01,
6410,2.56e-01,7.00e-01,
6411,2.64e-01,3.00e-01,
6412,2.56e-01,3.00e-01,
6413,2.64e-01,3.00e-01,
6414,2.56e-01,7.00e-01,
6415,2.64e-01,3.00e-01,
6416,2.56e-01,3.00e-01,
6417,2.56e-01,3.00e-01,
6418,2.56e-01,7.00e-01,
6419,2.64e-01,3.00e-01,
6420,2.56e-01,3.00e-01,
6421,2.64e-01,3.00e-01,
6422,2.56e-01,7.00e-01,
6423,2.64e-01,3.00e-01,
6424,2.56e-01,3.00e-01,
6425,2.64e-01,3.00e-01,
6426,2.56e-01,7.00e-01,
6427,2.64e-01,3.00e-01,
6428,2.56e-01,3.00e-01,
6429,2.56e-01,7.00e-01,
6430,2.56e-01,7.00e-01,
6431,2.64e-01,7.00e-01,
6432,2.56e-01,3.00e-01,
6433,2.56e-01,3.00e-01,
6434,2.56e-01,7.00e-01,
6435,2.64e-01,3.00e-01,
6436,2.56e-01,3.00e-01,
6437,2.64e-01,3.00e-01,
6438,2.56e-01,7.00e-01,
6439,2.64e-01,7.00e-01,
6440,2.56e-01,3.00e-01,
6441,2.64e-01,7.00e-01,
6442,2.56e-01,3.00e-01,
6443,2.64e-01,7.00e-01,
6444,2.56e-01,3.00e-01,
6445,2.64e-01,3.00e-01,
6446,2.56e-01,7.00e-01,
6447,2.64e-01,7.00e-01,
6448,2.64e-01,-1.00e-01,
6449,2.56e-01,7.00e-01,
6450,2.56e-01,3.00e-01,
6451,2.64e-01,7.00e-01,
6452,2.56e-01,3.00e-01,
6453,2.64e-01,3.00e-01,
6454,2.56e-01,7.00e-01,
6455,2.72e-01,3.00e-01,
6456,2.56e-01,3.00e-01,
6457,2.64e-01,3.00e-01,
6458,2.56e-01,7.00e-01,
6459,2.72e-01,7.00e-01,
6460,2.64e-01,3.00e-01,
6461,2.64e-01,3.00e-01,
6462,2.64e-01,7.00e-01,
6463,2.72e-01,3.00e-01,
6464,2.64e-01,3.00e-01,
6465,2.64e-01,3.00e-01,
6466,2.64e-01,7.00e-01,
6467,2.72e-01,3.00e-01,
6468,2.64e-01,3.00e-01,
6469,2.64e-01,3.00e-01,
6470,2.64e-01,7.00e-01,
6471,2.64e-01,7.00e-01,
6472,2.64e-01,3.00e-01,
6473,2.64e-01,3.00e-01,
6474,2.64e-01,7.00e-01,
6475,2.72e-01,3.00e-01,
6476,2.64e-01,3.00e-01,
6477,2.64e-01,3.00e-01,
6478,2.64e-01,7.00e-01,
6479,2.72e-01,7.00e-01,
6480,2.64e-01,3.00e-01,
6481,2.64e-01,3.00e-01,
6482,2.64e-01,7.00e-01,
6483,2.72e-01,7.00e-01,
6484,2.64e-01,3.00e-01,
6485,2.64e-01,3.00e-01,
6486,2.64e-01,7.00e-01,
6487,2.72e-01,3.00e-01,
6488,2.64e-01,3.00e-01,
6489,2.64e-01,3.00e-01,
6490,2.64e-01,3.00e-01,
6491,2.72e-01,3.00e-01,
6492,2.64e-01,3.00e-01,
6493,2.64e-01,7.00e-01,
6494,2.64e-01,7.00e-01,
6495,2.72e-01,3.00e-01,
6496,2.64e-01,3.00e-01,
6497,2.64e-01,3.00e-01,
6498,2.64e-01,7.00e-01,
6499,2.72e-01,7.00e-01,
6500,2.64e-01,3.00e-01,
6501,2.64e-01,3.00e-01,
6502,2.64e-01,7.00e-01,
6503,2.72e-01,7.00e-01,
6504,2.64e-01,3.00e-01,
6505,2.72e-01,3.00e-01,
6506,2.64e-01,7.00e-01,
6507,2.72e-01,7.00e-01,
6508,2.64e-01,3.00e-01,
6509,2.64e-01,7.00e-01,
6510,2.64e-01,7.00e-01,
6511,2.72e-01,3.00e-01,
6512,2.64e-01,3.00e-01,
6513,2.64e-01,7.00e-01,
6514,2.64e-01,7.00e-01,
6515,2.72e-01,7.00e-01,
6516,2.64e-01,3.00e-01,
6517,2.64e-01,3.00e-01,
6518,2.64e-01,7.00e-01,
6519,2.72e-01,7.00e-01,
6520,2.64e-01,3.00e-01,
6521,2.72e-01,7.00e-01,
6522,2.64e-01,7.00e-01,
6523,2.72e-01,7.00e-01,
6524,2.64e-01,3.00e-01,
6525,2.72e-01,3.00e-01,
6526,2.64e-01,7.00e-01,
6527,2.72e-01,3.00e-01,
6528,2.64e-01,3.00e-01,
6529,2.72e-01,7.00e-01,
6530,2.64e-01,7.00e-01,
6531,2.72e-01,7.00e-01,
6532,2.64e-01,3.00e-01,
6533,2.72e-01,7.00e-01,
6534,2.64e-01,7.00e-01,
6535,2.72e-01,7.00e-01,
6536,2.64e-01,3.00e-01,
6537,2.72e-01,3.00e-01,
6538,2.64e-01,7.00e-01,
6539,2.72e-01,7.00e-01,
6540,2.72e-01,3.00e-01,
6541,2.72e-01,7.00e-01,
6542,2.64e-01,7.00e-01,
6543,2.72e-01,7.00e-01,
6544,2.72e-01,3.00e-01,
6545,2.72e-01,3.00e-01,
6546,2.64e-01,7.00e-01,
6547,2.80e-01,3.00e-01,
6548,2.64e-01,3.00e-01,
6549,2.72e-01,7.00e-01,
6550,2.64e-01,7.00e-01,
6551,2.72e-01,3.00e-01,
6552,2.64e-01,3.00e-01,
6553,2.72e-01,3.00e-01,
6554,2.64e-01,7.00e-01,
6555,2.80e-01,7.00e-01,
6556,2.64e-01,3.00e-01,
6557,2.72e-01,3.00e-01,
6558,2.64e-01,7.00e-01,
6559,2.80e-01,7.00e-01,
6560,2.72e-01,3.00e-01,
6561,2.72e-01,7.00e-01,
6562,2.72e-01,7.00e-01,
6563,2.80e-01,7.00e-01,
6564,2.72e-01,3.00e-01,
6565,2.72e-01,3.00e-01,
6566,2.64e-01,7.00e-01,
6567,2.80e-01,7.00e-01,
6568,2.72e-01,3.00e-01,
6569,2.72e-01,3.00e-01,
6570,2.72e-01,7.00e-01,
6571,2.80e-01,7.00e-01,
6572,2.72e-01,3.00e-01,
6573,2.72e-01,7.00e-01,
6574,2.72e-01,7.00e-01,
6575,2.80e-01,3.00e-01,
6576,2.72e-01,3.00e-01,
6577,2.72e-01,7.00e-01,
6578,2.72e-01,7.00e-01,
6579,2.80e-01,7.00e-01,
6580,2.72e-01,3.00e-01,
6581,2.72e-01,7.00e-01,
6582,2.72e-01,7.00e-01,
6583,2.80e-01,7.00e-01,
6584,2.72e-01,3.00e-01,
6585,2.72e-01,7.00e-01,
6586,2.72e-01,7.00e-01,
6587,2.80e-01,7.00e-01,
6588,2.72e-01,3.00e-01,
6589,2.72e-01,3.00e-01,
6590,2.72e-01,7.00e-01,
6591,2.80e-01,7.00e-01,
6592,2.72e-01,3.00e-01,
6593,2.72e-01,3.00e-01,
6594,2.72e-01,7.00e-01,
6595,2.80e-01,7.00e-01,
6596,2.72e-01,3.00e-01,
6597,2.72e-01,3.00e-01,
6598,2.72e-01,7.00e-01,
6599,2.80e-01,3.00e-01,
6600,2.72e-01,3.00e-01,
6601,2.72e-01,7.00e-01,
6602,2.72e-01,7.00e-01,
6603,2.80e-01,7.00e-01,
6604,2.72e-01,3.00e-01,
6605,2.72e-01,3.00e-01,
6606,2.72e-01,7.00e-01,
6607,2.80e-01,3.00e-01,
6608,2.72e-01,3.00e-01,
6609,2.72e-01,7.00e-01,
6610,2.72e-01,7.00e-01,
6611,2.80e-01,7.00e-01,
6612,2.72e-01,3.00e-01,
6613,2.72e-01,7.00e-01,
6614,2.72e-01,7.00e-01,
6615,2.80e-01,7.00e-01,
6616,2.72e-01,3.00e-01,
6617,2.72e-01,7.00e-01,
6618,2.72e-01,7.00e-01,
6619,2.80e-01,3.00e-01,
6620,2.72e-01,3.00e-01,
6621,2.72e-01,3.00e-01,
6622,2.72e-01,7.00e-01,
6623,2.80e-01,7.00e-01,
6624,2.72e-01,3.00e-01,
6625,2.80e-01,3.00e-01,
6626,2.72e-01,7.00e-01,
6627,2.80e-01,7.00e-01,
6628,2.72e-01,3.00e-01,
6629,2.80e-01,7.00e-01,
6630,2.72e-01,7.00e-01,
6631,2.80e-01,7.00e-01,
6632,2.72e-01,3.00e-01,
6633,2.80e-01,3.00e-01,
6634,2.72e-01,7.00e-01,
6635,2.80e-01,7.00e-01,
6636,2.72e-01,3.00e-01,
6637,2.80e-01,3.00e-01,
6638,2.72e-01,7.00e-01,
6639,2.80e-01,7.00e-01,
6640,2.80e-01,3.00e-01,
6641,2.80e-01,7.00e-01,
6642,2.72e-01,7.00e-01,
6643,2.80e-01,7.00e-01,
6644,2.72e-01,3.00e-01,
6645,2.80e-01,3.00e-01,
6646,2.72e-01,1.10e+00,
6647,2.80e-01,7.00e-01,
6648,2.80e-01,3.00e-01,
6649,2.72e-01,7.00e-01,
6650,2.72e-01,3.00e-01,
6651,2.80e-01,7.00e-01,
6652,2.80e-01,3.00e-01,
6653,2.80e-01,3.00e-01,
6654,2.72e-01,7.00e-01,
6655,2.88e-01,7.00e-01,
6656,2.80e-01,3.00e-01,
6657,2.80e-01,7.00e-01,
6658,2.72e-01,7.00e-01,
6659,2.80e-01,7.00e-01,
6660,2.72e-01,3.00e-01,
6661,2.80e-01,7.00e-01,
6662,2.80e-01,7.00e-01,
6663,2.80e-01,7.00e-01,
6664,2.80e-01,3.00e-01,
6665,2.80e-01,7.00e-01,
6666,2.72e-01,7.00e-01,
6667,2.88e-01,7.00e-01,
6668,2.80e-01,3.00e-01,
6669,2.80e-01,3.00e-01,
6670,2.72e-01,7.00e-01,
6671,2.88e-01,7.00e-01,
6672,2.80e-01,3.00e-01,
6673,2.80e-01,3.00e-01,
6674,2.72e-01,7.00e-01,
6675,2.88e-01,7.00e-01,
6676,2.80e-01,3.00e-01,
6677,2.80e-01,3.00e-01,
6678,2.80e-01,7.00e-01,
6679,2.88e-01,3.00e-01,
6680,2.80e-01,3.00e-01,
6681,2.80e-01,7.00e-01,
6682,2.80e-01,7.00e-01,
6683,2.88e-01,7.00e-01,
6684,2.80e-01,3.00e-01,
6685,2.80e-01,3.00e-01,
6686,2.80e-01,7.00e-01,
6687,2.88e-01,7.00e-01,
6688,2.80e-01,3.00e-01,
6689,2.80e-01,7.00e-01,
6690,2.80e-01,7.00e-01,
6691,2.88e-01,7.00e-01,
6692,2.80e-01,3.00e-01,
6693,2.80e-01,7.00e-01,
6694,2.80e-01,7.00e-01,
6695,2.88e-01,7.00e-01,
6696,2.80e-01,3.00e-01,
6697,2.88e-01,3.00e-01,
6698,2.80e-01,7.00e-01,
6699,2.88e-01,7.00e-01,
6700,2.80e-01,3.00e-01,
6701,2.80e-01,7.00e-01,
6702,2.80e-01,7.00e-01,
6703,2.88e-01,7.00e-01,
6704,2.80e-01,3.00e-01,
6705,2.80e-01,7.00e-01,
6706,2.80e-01,7.00e-01,
6707,2.88e-01,7.00e-01,
6708,2.80e-01,3.00e-01,
6709,2.80e-01,3.00e-01,
6710,2.80e-01,7.00e-01,
6711,2.88e-01,7.00e-01,
6712,2.80e-01,3.00e-01,
6713,2.80e-01,7.00e-01,
6714,2.80e-01,7.00e-01,
6715,2.88e-01,7.00e-01,
6716,2.80e-01,3.00e-01,
6717,2.88e-01,3.00e-01,
6718,2.80e-01,7.00e-01,
6719,2.88e-01,7.00e-01,
6720,2.80e-01,3.00e-01,
6721,2.88e-01,7.00e-01,
6722,2.80e-01,7.00e-01,
6723,2.88e-01,7.00e-01,
6724,2.80e-01,3.00e-01,
6725,2.88e-01,3.00e-01,
6726,2.80e-01,7.00e-01,
6727,2.88e-01,7.00e-01,
6728,2.80e-01,3.00e-01,
6729,2.88e-01,7.00e-01,
6730,2.80e-01,7.00e-01,
6731,2.88e-01,7.00e-01,
6732,2.80e-01,3.00e-01,
6733,2.88e-01,7.00e-01,
6734,2.80e-01,7.00e-01,
6735,2.88e-01,7.00e-01,
6736,2.80e-01,3.00e-01,
6737,2.88e-01,3.00e-01,
6738,2.80e-01,7.00e-01,
6739,2.96e-01,7.00e-01,
6740,2.80e-01,3.00e-01,
6741,2.88e-01,7.00e-01,
6742,2.80e-01,7.00e-01,
6743,2.88e-01,7.00e-01,
6744,2.80e-01,3.00e-01,
6745,2.88e-01,7.00e-01,
6746,2.80e-01,7.00e-01,
6747,2.88e-01,3.00e-01,
6748,2.80e-01,3.00e-01,
6749,2.88e-01,7.00e-01,
6750,2.80e-01,7.00e-01,
6751,2.96e-01,7.00e-01,
6752,2.88e-01,3.00e-01,
6753,2.88e-01,7.00e-01,
6754,2.80e-01,7.00e-01,
6755,2.96e-01,7.00e-01,
6756,2.88e-01,3.00e-01,
6757,2.88e-01,3.00e-01,
6758,2.80e-01,7.00e-01,
6759,2.96e-01,7.00e-01,
6760,2.88e-01,3.00e-01,
6761,2.88e-01,7.00e-01,
6762,2.88e-01,7.00e-01,
6763,2.96e-01,7.00e-01,
6764,2.88e-01,3.00e-01,
6765,2.88e-01,7.00e-01,
6766,2.88e-01,7.00e-01,
6767,2.96e-01,7.00e-01,
6768,2.88e-01,3.00e-01,
6769,2.88e-01,7.00e-01,
6770,2.88e-01,7.00e-01,
6771,2.96e-01,7.00e-01,
6772,2.88e-01,3.00e-01,
6773,2.88e-01,3.00e-01,
6774,2.88e-01,7.00e-01,
6775,2.96e-01,7.00e-01,
6776,2.88e-01,3.00e-01,
6777,2.88e-01,3.00e-01,
6778,2.80e-01,7.00e-01,
6779,2.96e-01,7.00e-01,
6780,2.88e-01,3.00e-01,
6781,2.88e-01,7.00e-01,
6782,2.88e-01,7.00e-01,
6783,2.96e-01,7.00e-01,
6784,2.88e-01,3.00e-01,
6785,2.88e-01,7.00e-01,
6786,2.88e-01,7.00e-01,
6787,2.96e-01,7.00e-01,
6788,2.88e-01,3.00e-01,
6789,2.88e-01,7.00e-01,
6790,2.88e-01,7.00e-01,
6791,2.96e-01,7.00e-01,
6792,2.88e-01,3.00e-01,
6793,2.88e-01,7.00e-01,
6794,2.88e-01,7.00e-01,
6795,2.96e-01,7.00e-01,
6796,2.88e-01,3.00e-01,
6797,2.88e-01,3.00e-01,
6798,2.88e-01,7.00e-01,
6799,2.96e-01,7.00e-01,
6800,2.88e-01,3.00e-01,
6801,2.88e-01,7.00e-01,
6802,2.88e-01,7.00e-01,
6803,2.96e-01,7.00e-01,
6804,2.88e-01,3.00e-01,
6805,2.96e-01,7.00e-01,
6806,2.88e-01,7.00e-01,
6807,2.96e-01,7.00e-01,
6808,2.88e-01,3.00e-01,
6809,2.88e-01,7.00e-01,
6810,2.88e-01,7.00e-01,
6811,2.96e-01,7.00e-01,
6812,2.88e-01,3.00e-01,
6813,2.88e-01,3.00e-01,
6814,2.88e-01,7.00e-01,
6815,2.96e-01,7.00e-01,
6816,2.88e-01,3.00e-01,
6817,2.96e-01,7.00e-01,
6818,2.88e-01,7.00e-01,
6819,2.96e-01,7.00e-01,
6820,2.88e-01,3.00e-01,
6821,2.96e-01,3.00e-01,
6822,2.88e-01,7.00e-01,
6823,2.96e-01,7.00e-01,
6824,2.88e-01,3.00e-01,
6825,2.96e-01,3.00e-01,
6826,2.88e-01,7.00e-01,
6827,2.96e-01,3.00e-01,
6828,2.88e-01,3.00e-01,
6829,2.96e-01,7.00e-01,
6830,2.88e-01,7.00e-01,
6831,3.04e-01,7.00e-01,
6832,2.88e-01,3.00e-01,
6833,2.96e-01,7.00e-01,
6834,2.88e-01,7.00e-01,
6835,2.96e-01,7.00e-01,
6836,2.88e-01,3.00e-01,
6837,2.96e-01,3.00e-01,
6838,2.88e-01,7.00e-01,
6839,2.96e-01,7.00e-01,
6840,2.96e-01,3.00e-01,
6841,2.96e-01,7.00e-01,
6842,2.88e-01,7.00e-01,
6843,2.96e-01,7.00e-01,
6844,2.88e-01,3.00e-01,
6845,2.96e-01,3.00e-01,
6846,2.88e-01,7.00e-01,
6847,3.04e-01,7.00e-01,
6848,2.96e-01,-1.00e-01,
6849,2.88e-01,7.00e-01,
6850,2.96e-01,7.00e-01,
6851,3.04e-01,7.00e-01,
6852,2.88e-01,3.00e-01,
6853,2.96e-01,3.00e-01,
6854,2.88e-01,7.00e-01,
6855,3.04e-01,7.00e-01,
6856,2.96e-01,3.00e-01,
6857,2.96e-01,7.00e-01,
6858,2.96e-01,7.00e-01,
6859,3.04e-01,7.00e-01,
6860,2.88e-01,3.00e-01,
6861,2.96e-01,3.00e-01,
6862,2.88e-01,7.00e-01,
6863,3.04e-01,7.00e-01,
6864,2.96e-01,3.00e-01,
6865,2.96e-01,3.00e-01,
6866,2.88e-01,7.00e-01,
6867,3.04e-01,7.00e-01,
6868,2.96e-01,3.00e-01,
6869,2.96e-01,7.00e-01,
6870,2.88e-01,7.00e-01,
6871,3.04e-01,7.00e-01,
6872,2.96e-01,3.00e-01,
6873,2.96e-01,3.00e-01,
6874,2.96e-01,7.00e-01,
6875,3.04e-01,7.00e-01,
6876,2.96e-01,3.00e-01,
6877,2.96e-01,3.00e-01,
6878,2.96e-01,7.00e-01,
6879,3.04e-01,7.00e-01,
6880,2.96e-01,3.00e-01,
6881,2.96e-01,7.00e-01,
6882,2.96e-01,7.00e-01,
6883,3.04e-01,7.00e-01,
6884,2.96e-01,3.00e-01,
6885,2.96e-01,7.00e-01,
6886,2.96e-01,7.00e-01,
6887,3.04e-01,7.00e-01,
6888,2.96e-01,3.00e-01,
6889,2.96e-01,3.00e-01,
6890,2.96e-01,7.00e-01,
6891,3.04e-01,7.00e-01,
6892,2.96e-01,3.00e-01,
6893,2.96e-01,7.00e-01,
6894,2.96e-01,7.00e-01,
6895,3.04e-01,3.00e-01,
6896,2.96e-01,3.00e-01,
6897,2.96e-01,3.00e-01,
6898,2.96e-01,7.00e-01,
6899,3.04e-01,7.00e-01,
6900,2.96e-01,3.00e-01,
6901,2.96e-01,3.00e-01,
6902,2.96e-01,7.00e-01,
6903,3.04e-01,7.00e-01,
6904,2.96e-01,3.00e-01,
6905,3.04e-01,7.00e-01,
6906,2.96e-01,7.00e-01,
6907,3.04e-01,7.00e-01,
6908,2.96e-01,3.00e-01,
6909,3.04e-01,3.00e-01,
6910,2.96e-01,7.00e-01,
6911,3.04e-01,3.00e-01,
6912,2.96e-01,3.00e-01,
6913,2.96e-01,7.00e-01,
6914,2.96e-01,7.00e-01,
6915,3.04e-01,7.00e-01,
6916,2.96e-01,3.00e-01,
6917,2.96e-01,3.00e-01,
6918,2.96e-01,7.00e-01,
6919,3.04e-01,7.00e-01,
6920,2.96e-01,3.00e-01,
6921,3.04e-01,7.00e-01,
6922,2.96e-01,7.00e-01,
6923,3.04e-01,7.00e-01,
6924,2.96e-01,3.00e-01,
6925,3.04e-01,7.00e-01,
6926,2.96e-01,7.00e-01,
6927,3.04e-01,7.00e-01,
6928,2.96e-01,3.00e-01,
6929,3.04e-01,7.00e-01,
6930,2.96e-01,7.00e-01,
6931,3.04e-01,7.00e-01,
6932,2.96e-01,3.00e-01,
6933,3.04e-01,7.00e-01,
6934,2.96e-01,7.00e-01,
6935,3.12e-01,7.00e-01,
6936,2.96e-01,7.00e-01,
6937,3.04e-01,7.00e-01,
6938,2.96e-01,7.00e-01,
6939,3.04e-01,7.00e-01,
6940,3.04e-01,3.00e-01,
6941,3.04e-01,7.00e-01,
6942,2.96e-01,7.00e-01,
6943,3.04e-01,7.00e-01,
6944,3.04e-01,3.00e-01,
6945,3.04e-01,7.00e-01,
6946,3.04e-01,7.00e-01,
6947,3.12e-01,7.00e-01,
6948,2.96e-01,3.00e-01,
6949,3.04e-01,3.00e-01,
6950,3.04e-01,7.00e-01,
6951,3.12e-01,7.00e-01,
6952,3.04e-01,3.00e-01,
6953,3.04e-01,3.00e-01,
6954,2.96e-01,7.00e-01,
6955,3.12e-01,7.00e-01,
6956,2.96e-01,3.00e-01,
6957,3.04e-01,3.00e-01,
6958,2.96e-01,7.00e-01,
6959,3.12e-01,7.00e-01,
6960,3.04e-01,3.00e-01,
6961,3.04e-01,7.00e-01,
6962,3.04e-01,7.00e-01,
6963,3.12e-01,7.00e-01,
6964,3.04e-01,3.00e-01,
6965,3.04e-01,7.00e-01,
6966,3.04e-01,7.00e-01,
6967,3.12e-01,7.00e-01,
6968,3.04e-01,3.00e-01,
6969,3.04e-01,7.00e-01,
6970,3.04e-01,7.00e-01,
6971,3.12e-01,7.00e-01,
6972,3.04e-01,3.00e-01,
6973,3.04e-01,7.00e-01,
6974,3.04e-01,7.00e-01,
6975,3.12e-01,7.00e-01,
6976,3.04e-01,3.00e-01,
6977,3.04e-01,3.00e-01,
6978,3.04e-01,7.00e-01,
6979,3.12e-01,7.00e-01,
6980,3.04e-01,3.00e-01,
6981,3.04e-01,7.00e-01,
6982,3.04e-01,7.00e-01,
6983,3.12e-01,7.00e-01,
6984,3.04e-01,3.00e-01,
6985,3.04e-01,7.00e-01,
6986,3.04e-01,7.00e-01,
6987,3.12e-01,7.00e-01,
6988,3.04e-01,3.00e-01,
6989,3.04e-01,7.00e-01,
6990,3.04e-01,7.00e-01,
6991,3.12e-01,7.00e-01,
6992,3.04e-01,3.00e-01,
6993,3.04e-01,7.00e-01,
6994,3.04e-01,7.00e-01,
6995,3.12e-01,7.00e-01,
6996,3.04e-01,3.00e-01,
6997,3.04e-01,7.00e-01,
6998,3.04e-01,7.00e-01,
6999,3.12e-01,7.00e-01,
7000,3.04e-01,3.00e-01,
7001,3.04e-01,7.00e-01,
7002,3.04e-01,7.00e-01,
7003,3.12e-01,7.00e-01,
7004,3.04e-01,3.00e-01,
7005,3.04e-01,7.00e-01,
7006,3.04e-01,7.00e-01,
7007,3.12e-01,7.00e-01,
7008,3.04e-01,3.00e-01,
7009,3.04e-01,7.00e-01,
7010,3.04e-01,7.00e-01,
7011,3.12e-01,7.00e-01,
7012,3.04e-01,3.00e-01,
7013,3.04e-01,7.00e-01,
7014,3.04e-01,7.00e-01,
7015,3.12e-01,3.00e-01,
7016,3.04e-01,3.00e-01,
7017,3.04e-01,7.00e-01,
7018,3.04e-01,7.00e-01,
7019,3.12e-01,7.00e-01,
7020,3.04e-01,3.00e-01,
7021,3.04e-01,7.00e-01,
7022,3.04e-01,7.00e-01,
7023,3.12e-01,7.00e-01,
7024,3.04e-01,3.00e-01,
7025,3.12e-01,3.00e-01,
7026,3.04e-01,7.00e-01,
7027,3.20e-01,7.00e-01,
7028,3.04e-01,3.00e-01,
7029,3.12e-01,7.00e-01,
7030,3.04e-01,7.00e-01,
7031,3.12e-01,7.00e-01,
7032,3.12e-01,3.00e-01,
7033,3.12e-01,7.00e-01,
7034,3.04e-01,7.00e-01,
7035,3.12e-01,7.00e-01,
7036,3.04e-01,3.00e-01,
7037,3.12e-01,3.00e-01,
7038,3.04e-01,7.00e-01,
7039,3.20e-01,7.00e-01,
7040,3.12e-01,3.00e-01,
7041,3.12e-01,7.00e-01,
7042,3.04e-01,7.00e-01,
7043,3.20e-01,7.00e-01,
7044,3.04e-01,7.00e-01,
7045,3.12e-01,3.00e-01,
7046,3.04e-01,1.10e+00,
7047,3.12e-01,7.00e-01,
7048,3.12e-01,3.00e-01,
7049,3.04e-01,7.00e-01,
7050,3.12e-01,3.00e-01,
7051,3.20e-01,7.00e-01,
7052,3.12e-01,3.00e-01,
7053,3.12e-01,3.00e-01,
7054,3.04e-01,7.00e-01,
7055,3.20e-01,7.00e-01,
7056,3.12e-01,3.00e-01,
7057,3.12e-01,7.00e-01,
7058,3.12e-01,7.00e-01,
7059,3.20e-01,7.00e-01,
7060,3.12e-01,3.00e-01,
7061,3.12e-01,7.00e-01,
7062,3.04e-01,7.00e-01,
7063,3.20e-01,7.00e-01,
7064,3.12e-01,3.00e-01,
7065,3.12e-01,3.00e-01,
7066,3.04e-01,7.00e-01,
7067,3.20e-01,7.00e-01,
7068,3.12e-01,3.00e-01,
7069,3.12e-01,7.00e-01,
7070,3.04e-01,7.00e-01,
7071,3.20e-01,7.00e-01,
7072,3.12e-01,3.00e-01,
7073,3.12e-01,7.00e-01,
7074,3.12e-01,7.00e-01,
7075,3.20e-01,7.00e-01,
7076,3.12e-01,7.00e-01,
7077,3.12e-01,7.00e-01,
7078,3.12e-01,7.00e-01,
7079,3.20e-01,7.00e-01,
7080,3.12e-01,3.00e-01,
7081,3.12e-01,7.00e-01,
7082,3.12e-01,7.00e-01,
7083,3.20e-01,7.00e-01,
7084,3.12e-01,3.00e-01,
7085,3.12e-01,7.00e-01,
7086,3.12e-01,7.00e-01,
7087,3.20e-01,7.00e-01,
7088,3.12e-01,3.00e-01,
7089,3.12e-01,7.00e-01,
7090,3.12e-01,7.00e-01,
7091,3.20e-01,7.00e-01,
7092,3.12e-01,3.00e-01,
7093,3.12e-01,7.00e-01,
7094,3.12e-01,7.00e-01,
7095,3.20e-01,7.00e-01,
7096,3.12e-01,3.00e-01,
7097,3.12e-01,7.00e-01,
7098,3.12e-01,7.00e-01,
7099,3.20e-01,7.00e-01,
7100,3.12e-01,3.00e-01,
7101,3.12e-01,7.00e-01,
7102,3.12e-01,7.00e-01,
7103,3.20e-01,7.00e-01,
7104,3.12e-01,3.00e-01,
7105,3.20e-01,7.00e-01,
7106,3.12e-01,7.00e-01,
7107,3.20e-01,7.00e-01,
7108,3.12e-01,3.00e-01,
7109,3.20e-01,7.00e-01,
7110,3.12e-01,7.00e-01,
7111,3.20e-01,7.00e-01,
7112,3.12e-01,3.00e-01,
7113,3.20e-01,7.00e-01,
7114,3.12e-01,7.00e-01,
7115,3.20e-01,7.00e-01,
7116,3.12e-01,3.00e-01,
7117,3.12e-01,7.00e-01,
7118,3.12e-01,7.00e-01,
7119,3.20e-01,7.00e-01,
7120,3.12e-01,3.00e-01,
7121,3.20e-01,7.00e-01,
7122,3.12e-01,7.00e-01,
7123,3.20e-01,7.00e-01,
7124,3.12e-01,3.00e-01,
7125,3.20e-01,7.00e-01,
7126,3.12e-01,7.00e-01,
7127,3.20e-01,7.00e-01,
7128,3.12e-01,3.00e-01,
7129,3.20e-01,7.00e-01,
7130,3.12e-01,7.00e-01,
7131,3.20e-01,7.00e-01,
7132,3.12e-01,3.00e-01,
7133,3.20e-01,7.00e-01,
7134,3.12e-01,7.00e-01,
7135,3.28e-01,7.00e-01,
7136,3.12e-01,7.00e-01,
7137,3.20e-01,7.00e-01,
7138,3.12e-01,7.00e-01,
7139,3.20e-01,7.00e-01,
7140,3.12e-01,3.00e-01,
7141,3.20e-01,7.00e-01,
7142,3.12e-01,7.00e-01,
7143,3.28e-01,7.00e-01,
7144,3.20e-01,3.00e-01,
7145,3.20e-01,3.00e-01,
7146,3.12e-01,7.00e-01,
7147,3.28e-01,7.00e-01,
7148,3.12e-01,3.00e-01,
7149,3.20e-01,7.00e-01,
7150,3.12e-01,7.00e-01,
7151,3.28e-01,7.00e-01,
7152,3.20e-01,3.00e-01,
7153,3.20e-01,7.00e-01,
7154,3.12e-01,7.00e-01,
7155,3.28e-01,7.00e-01,
7156,3.20e-01,7.00e-01,
7157,3.20e-01,7.00e-01,
7158,3.12e-01,7.00e-01,
7159,3.28e-01,7.00e-01,
7160,3.20e-01,3.00e-01,
7161,3.20e-01,7.00e-01,
7162,3.20e-01,7.00e-01,
7163,3.28e-01,7.00e-01,
7164,3.20e-01,3.00e-01,
7165,3.20e-01,7.00e-01,
7166,3.12e-01,7.00e-01,
7167,3.28e-01,7.00e-01,
7168,3.20e-01,3.00e-01,
7169,3.20e-01,7.00e-01,
7170,3.20e-01,7.00e-01,
7171,3.28e-01,7.00e-01,
7172,3.20e-01,3.00e-01,
7173,3.20e-01,7.00e-01,
7174,3.20e-01,7.00e-01,
7175,3.28e-01,7.00e-01,
7176,3.20e-01,3.00e-01,
7177,3.20e-01,7.00e-01,
7178,3.20e-01,7.00e-01,
7179,3.28e-01,7.00e-01,
7180,3.20e-01,3.00e-01,
7181,3.20e-01,7.00e-01,
7182,3.20e-01,7.00e-01,
7183,3.28e-01,7.00e-01,
7184,3.20e-01,3.00e-01,
7185,3.20e-01,7.00e-01,
7186,3.20e-01,7.00e-01,
7187,3.28e-01,7.00e-01,
7188,3.20e-01,3.00e-01,
7189,3.20e-01,7.00e-01,
7190,3.20e-01,7.00e-01,
7191,3.28e-01,7.00e-01,
7192,3.20e-01,3.00e-01,
7193,3.20e-01,7.00e-01,
7194,3.20e-01,7.00e-01,
7195,3.28e-01,7.00e-01,
7196,3.20e-01,3.00e-01,
7197,3.20e-01,7.00e-01,
7198,3.20e-01,7.00e-01,
7199,3.28e-01,7.00e-01,
7200,3.20e-01,3.00e-01,
7201,3.20e-01,7.00e-01,
7202,3.20e-01,7.00e-01,
7203,3.28e-01,7.00e-01,
7204,3.20e-01,3.00e-01,
7205,3.20e-01,7.00e-01,
7206,3.20e-01,7.00e-01,
7207,3.28e-01,7.00e-01,
7208,3.20e-01,7.00e-01,
7209,3.20e-01,7.00e-01,
7210,3.20e-01,7.00e-01,
7211,3.28e-01,7.00e-01,
7212,3.20e-01,3.00e-01,
7213,3.20e-01,7.00e-01,
7214,3.20e-01,7.00e-01,
7215,3.28e-01,7.00e-01,
7216,3.20e-01,3.00e-01,
7217,3.28e-01,7.00e-01,
7218,3.20e-01,7.00e-01,
7219,3.28e-01,7.00e-01,
7220,3.20e-01,3.00e-01,
7221,3.28e-01,7.00e-01,
7222,3.20e-01,7.00e-01,
7223,3.28e-01,7.00e-01,
7224,3.20e-01,7.00e-01,
7225,3.28e-01,7.00e-01,
7226,3.20e-01,7.00e-01,
7227,3.36e-01,7.00e-01,
7228,3.20e-01,3.00e-01,
7229,3.28e-01,7.00e-01,
7230,3.20e-01,7.00e-01,
7231,3.28e-01,7.00e-01,
7232,3.20e-01,3.00e-01,
7233,3.28e-01,7.00e-01,
7234,3.20e-01,7.00e-01,
7235,3.36e-01,7.00e-01,
7236,3.20e-01,7.00e-01,
7237,3.28e-01,7.00e-01,
7238,3.20e-01,7.00e-01,
7239,3.28e-01,7.00e-01,
7240,3.28e-01,3.00e-01,
7241,3.28e-01,7.00e-01,
7242,3.28e-01,7.00e-01,
7243,3.28e-01,7.00e-01,
7244,3.20e-01,3.00e-01,
7245,3.28e-01,3.00e-01,
7246,3.20e-01,1.10e+00,
7247,3.28e-01,7.00e-01,
7248,3.28e-01,3.00e-01,
7249,3.20e-01,7.00e-01,
7250,3.28e-01,7.00e-01,
7251,3.28e-01,7.00e-01,
7252,3.20e-01,7.00e-01,
7253,3.28e-01,3.00e-01,
7254,3.20e-01,7.00e-01,
7255,3.36e-01,7.00e-01,
7256,3.28e-01,7.00e-01,
7257,3.28e-01,7.00e-01,
7258,3.20e-01,7.00e-01,
7259,3.36e-01,7.00e-01,
7260,3.28e-01,3.00e-01,
7261,3.28e-01,7.00e-01,
7262,3.20e-01,7.00e-01,
7263,3.36e-01,7.00e-01,
7264,3.28e-01,3.00e-01,
7265,3.28e-01,7.00e-01,
7266,3.20e-01,7.00e-01,
7267,3.36e-01,7.00e-01,
7268,3.28e-01,3.00e-01,
7269,3.28e-01,7.00e-01,
7270,3.20e-01,7.00e-01,
7271,3.36e-01,7.00e-01,
7272,3.28e-01,3.00e-01,
7273,3.28e-01,7.00e-01,
7274,3.28e-01,7.00e-01,
7275,3.36e-01,7.00e-01,
7276,3.28e-01,3.00e-01,
7277,3.28e-01,7.00e-01,
7278,3.20e-01,7.00e-01,
7279,3.36e-01,7.00e-01,
7280,3.28e-01,3.00e-01,
7281,3.28e-01,7.00e-01,
7282,3.20e-01,7.00e-01,
7283,3.36e-01,7.00e-01,
7284,3.28e-01,3.00e-01,
7285,3.28e-01,7.00e-01,
7286,3.28e-01,7.00e-01,
7287,3.36e-01,7.00e-01,
7288,3.28e-01,3.00e-01,
7289,3.28e-01,7.00e-01,
7290,3.28e-01,7.00e-01,
7291,3.36e-01,7.00e-01,
7292,3.28e-01,3.00e-01,
7293,3.28e-01,7.00e-01,
7294,3.28e-01,7.00e-01,
7295,3.36e-01,7.00e-01,
7296,3.28e-01,7.00e-01,
7297,3.28e-01,7.00e-01,
7298,3.28e-01,7.00e-01,
7299,3.36e-01,7.00e-01,
7300,3.28e-01,3.00e-01,
7301,3.28e-01,7.00e-01,
7302,3.28e-01,7.00e-01,
7303,3.36e-01,7.00e-01,
7304,3.28e-01,3.00e-01,
7305,3.28e-01,7.00e-01,
7306,3.28e-01,7.00e-01,
7307,3.36e-01,7.00e-01,
7308,3.28e-01,3.00e-01,
7309,3.28e-01,7.00e-01,
7310,3.28e-01,7.00e-01,
7311,3.36e-01,7.00e-01,
7312,3.28e-01,3.00e-01,
7313,3.28e-01,7.00e-01,
7314,3.28e-01,7.00e-01,
7315,3.36e-01,7.00e-01,
7316,3.28e-01,3.00e-01,
7317,3.36e-01,7.00e-01,
7318,3.28e-01,7.00e-01,
7319,3.36e-01,7.00e-01,
7320,3.28e-01,3.00e-01,
7321,3.36e-01,7.00e-01,
7322,3.28e-01,7.00e-01,
7323,3.36e-01,7.00e-01,
7324,3.28e-01,3.00e-01,
7325,3.36e-01,7.00e-01,
7326,3.28e-01,7.00e-01,
7327,3.36e-01,7.00e-01,
7328,3.28e-01,3.00e-01,
7329,3.36e-01,7.00e-01,
7330,3.28e-01,7.00e-01,
7331,3.36e-01,7.00e-01,
7332,3.28e-01,7.00e-01,
7333,3.36e-01,7.00e-01,
7334,3.28e-01,7.00e-01,
7335,3.36e-01,7.00e-01,
7336,3.28e-01,3.00e-01,
7337,3.36e-01,7.00e-01,
7338,3.28e-01,7.00e-01,
7339,3.44e-01,7.00e-01,
7340,3.36e-01,3.00e-01,
7341,3.36e-01,7.00e-01,
7342,3.28e-01,7.00e-01,
7343,3.44e-01,7.00e-01,
7344,3.36e-01,3.00e-01,
7345,3.36e-01,7.00e-01,
7346,3.28e-01,7.00e-01,
7347,3.36e-01,7.00e-01,
7348,3.28e-01,3.00e-01,
7349,3.36e-01,7.00e-01,
7350,3.28e-01,7.00e-01,
7351,3.44e-01,7.00e-01,
7352,3.36e-01,3.00e-01,
7353,3.36e-01,7.00e-01,
7354,3.28e-01,7.00e-01,
7355,3.36e-01,7.00e-01,
7356,3.12e-01,3.00e-01,
7357,3.04e-01,3.00e-01,
7358,2.80e-01,7.00e-01,
7359,2.72e-01,3.00e-01,
7360,2.56e-01,3.00e-01,
7361,2.56e-01,3.00e-01,
7362,2.64e-01,7.00e-01,
7363,2.88e-01,7.00e-01,
7364,2.88e-01,3.00e-01,
7365,3.04e-01,7.00e-01,
7366,3.04e-01,7.00e-01,
7367,3.20e-01,7.00e-01,
7368,3.12e-01,3.00e-01,
7369,3.20e-01,7.00e-01,
7370,3.12e-01,7.00e-01,
7371,3.20e-01,7.00e-01,
7372,3.12e-01,3.00e-01,
7373,3.20e-01,7.00e-01,
7374,3.12e-01,7.00e-01,
7375,3.20e-01,7.00e-01,
7376,3.12e-01,3.00e-01,
7377,3.20e-01,7.00e-01,
7378,3.20e-01,7.00e-01,
7379,3.28e-01,7.00e-01,
7380,3.20e-01,3.00e-01,
7381,3.20e-01,7.00e-01,
7382,3.20e-01,7.00e-01,
7383,3.28e-01,7.00e-01,
7384,3.20e-01,3.00e-01,
7385,3.20e-01,7.00e-01,
7386,3.20e-01,7.00e-01,
7387,3.28e-01,7.00e-01,
7388,3.20e-01,3.00e-01,
7389,3.28e-01,7.00e-01,
7390,3.20e-01,7.00e-01,
7391,3.28e-01,7.00e-01,
7392,3.28e-01,3.00e-01,
7393,3.28e-01,7.00e-01,
7394,3.20e-01,7.00e-01,
7395,3.28e-01,7.00e-01,
7396,3.20e-01,7.00e-01,
7397,3.28e-01,7.00e-01,
7398,3.20e-01,7.00e-01,
7399,3.36e-01,7.00e-01,
7400,3.28e-01,3.00e-01,
7401,3.28e-01,7.00e-01,
7402,3.28e-01,7.00e-01,
7403,3.36e-01,7.00e-01,
7404,3.28e-01,3.00e-01,
7405,3.28e-01,7.00e-01,
7406,3.28e-01,7.00e-01,
7407,3.36e-01,7.00e-01,
7408,3.28e-01,3.00e-01,
7409,3.28e-01,7.00e-01,
7410,3.28e-01,7.00e-01,
7411,3.36e-01,7.00e-01,
7412,3.28e-01,3.00e-01,
7413,3.28e-01,7.00e-01,
7414,3.28e-01,7.00e-01,
7415,3.36e-01,7.00e-01,
7416,3.28e-01,3.00e-01,
7417,3.28e-01,7.00e-01,
7418,3.28e-01,7.00e-01,
7419,3.36e-01,7.00e-01,
7420,3.28e-01,3.00e-01,
7421,3.36e-01,7.00e-01,
7422,3.28e-01,1.10e+00,
7423,3.36e-01,7.00e-01,
7424,3.28e-01,3.00e-01,
7425,3.36e-01,7.00e-01,
7426,3.28e-01,7.00e-01,
7427,3.44e-01,7.00e-01,
7428,3.28e-01,3.00e-01,
7429,3.36e-01,7.00e-01,
7430,3.28e-01,7.00e-01,
7431,3.44e-01,7.00e-01,
7432,3.28e-01,7.00e-01,
7433,3.36e-01,7.00e-01,
7434,3.28e-01,7.00e-01,
7435,3.44e-01,7.00e-01,
7436,3.28e-01,7.00e-01,
7437,3.36e-01,7.00e-01,
7438,3.28e-01,1.10e+00,
7439,3.36e-01,7.00e-01,
7440,3.36e-01,3.00e-01,
7441,3.36e-01,7.00e-01,
7442,3.28e-01,7.00e-01,
7443,3.44e-01,7.00e-01,
7444,3.28e-01,7.00e-01,
7445,3.36e-01,3.00e-01,
7446,3.28e-01,1.10e+00,
7447,3.44e-01,7.00e-01,
7448,3.36e-01,3.00e-01,
7449,3.36e-01,1.10e+00,
7450,3.36e-01,7.00e-01,
7451,3.44e-01,7.00e-01,
7452,3.36e-01,7.00e-01,
7453,3.36e-01,7.00e-01,
7454,3.28e-01,1.10e+00,
7455,3.44e-01,7.00e-01,
7456,3.36e-01,7.00e-01,
7457,3.36e-01,1.10e+00,
7458,3.28e-01,1.10e+00,
7459,3.44e-01,1.10e+00,
7460,3.28e-01,1.10e+00,
7461,3.36e-01,1.10e+00,
7462,3.28e-01,1.50e+00,
7463,3.36e-01,1.50e+00,
7464,3.28e-01,1.50e+00,
7465,3.36e-01,1.50e+00,
7466,3.28e-01,1.90e+00,
7467,3.36e-01,1.90e+00,
7468,3.28e-01,1.90e+00,
7469,3.36e-01,1.90e+00,
7470,3.28e-01,2.30e+00,
7471,3.36e-01,2.30e+00,
7472,3.36e-01,2.30e+00,
7473,3.36e-01,2.30e+00,
7474,3.28e-01,2.70e+00,
7475,3.44e-01,2.70e+00,
7476,3.28e-01,2.70e+00,
7477,3.36e-01,2.70e+00,
7478,3.28e-01,3.10e+00,
7479,3.36e-01,3.10e+00,
7480,3.28e-01,3.10e+00,
7481,3.36e-01,3.50e+00,
7482,3.28e-01,3.50e+00,
7483,3.36e-01,3.50e+00,
7484,3.28e-01,3.50e+00,
7485,3.36e-01,3.90e+00,
7486,3.28e-01,4.70e+00,
7487,3.36e-01,4.70e+00,
7488,3.28e-01,4.70e+00,
7489,3.36e-01,4.70e+00,
7490,3.28e-01,5.10e+00,
7491,3.44e-01,5.10e+00,
7492,3.28e-01,5.10e+00,
7493,3.36e-01,5.50e+00,
7494,3.28e-01,5.50e+00,
7495,3.36e-01,5.90e+00,
7496,3.28e-01,5.90e+00,
7497,3.36e-01,5.90e+00,
7498,3.28e-01,6.30e+00,
7499,3.36e-01,6.30e+00,
7500,3.28e-01,6.30e+00,
7501,3.28e-01,6.70e+00,
7502,3.28e-01,7.10e+00,
7503,3.36e-01,7.50e+00,
7504,3.28e-01,7.50e+00,
7505,3.28e-01,7.90e+00,
7506,3.20e-01,8.70e+00,
7507,3.28e-01,9.10e+00,
7508,3.12e-01,9.50e+00,
7509,3.12e-01,1.07e+01,
7510,3.04e-01,1.19e+01,
7511,3.12e-01,1.27e+01,
7512,2.96e-01,1.35e+01,
7513,2.96e-01,1.51e+01,
7514,2.80e-01,1.71e+01,
7515,2.80e-01,1.87e+01,
7516,2.64e-01,2.07e+01,
7517,2.56e-01,2.35e+01,
7518,2.32e-01,2.63e+01,
7519,2.24e-01,2.95e+01,
7520,1.92e-01,3.23e+01,
7521,1.68e-01,3.59e+01,
7522,1.36e-01,3.75e+01,
7523,7.20e-02,3.91e+01,
7524,-2.16e-01,3.99e+01,
7525,-5.04e-01,3.99e+01,
7526,-6.80e-01,4.07e+01,
7527,-8.08e-01,3.99e+01,
7528,-8.40e-01,3.99e+01,
7529,-8.40e-01,3.95e+01,
7530,-8.00e-01,3.95e+01,
7531,-7.60e-01,3.91e+01,
7532,-6.64e-01,3.91e+01,
7533,-5.76e-01,3.87e+01,
7534,-4.64e-01,3.91e+01,
7535,-3.60e-01,3.91e+01,
7536,-2.56e-01,3.91e+01,
7537,-1.60e-01,3.91e+01,
7538,-7.20e-02,3.95e+01,
7539,0.00e+00,4.07e+01,
7540,4.80e-02,4.15e+01,
7541,5.60e-02,4.19e+01,
7542,4.00e-02,4.27e+01,
7543,-8.00e-03,4.35e+01,
7544,-4.80e-02,4.39e+01,
7545,-8.80e-02,4.43e+01,
7546,-1.04e-01,4.43e+01,
7547,-1.04e-01,4.47e+01,
7548,-8.00e-02,4.47e+01,
7549,-4.00e-02,4.51e+01,
7550,-8.00e-03,4.55e+01,
7551,2.40e-02,4.59e+01,
7552,2.40e-02,4.71e+01,
7553,1.60e-02,4.75e+01,
7554,-1.60e-02,4.79e+01,
7555,-4.00e-02,4.83e+01,
7556,-7.20e-02,4.83e+01,
7557,-8.80e-02,4.83e+01,
7558,-8.00e-02,4.83e+01,
7559,-6.40e-02,4.87e+01,
7560,-4.00e-02,4.87e+01,
7561,-1.60e-02,4.87e+01,
7562,0.00e+00,4.91e+01,
7563,8.00e-03,4.91e+01,
7564,-8.00e-03,4.95e+01,
7565,-2.40e-02,4.95e+01,
7566,-4.80e-02,4.99e+01,
7567,-6.40e-02,4.95e+01,
7568,-7.20e-02,4.95e+01,
7569,-7.20e-02,4.91e+01,
7570,-5.60e-02,4.91e+01,
7571,-3.20e-02,4.91e+01,
7572,-1.60e-02,4.91e+01,
7573,-8.00e-03,4.87e+01,
7574,-8.00e-03,4.87e+01,
7575,-1.60e-02,4.87e+01,
7576,-3.20e-02,4.83e+01,
7577,-4.80e-02,4.79e+01,
7578,-5.60e-02,4.79e+01,
7579,-5.60e-02,4.75e+01,
7580,-5.60e-02,4.71e+01,
7581,-4.80e-02,4.67e+01,
7582,-3.20e-02,4.59e+01,
7583,-1.60e-02,4.55e+01,
7584,-1.60e-02,4.51e+01,
7585,-1.60e-02,4.47e+01,
7586,-2.40e-02,4.27e+01,
7587,-5.60e-02,3.75e+01,
7588,-2.96e-01,3.31e+01,
7589,-9.28e-01,3.03e+01,
7590,-1.02e+00,2.59e+01,
7591,-3.20e-01,2.07e+01,
7592,2.32e-01,1.67e+01,
7593,1.12e-01,1.43e+01,
7594,-1.76e-01,1.31e+01,
7595,-8.80e-02,1.11e+01,
7596,1.28e-01,9.50e+00,
7597,1.44e-01,8.70e+00,
7598,1.20e-01,8.30e+00,
7599,2.00e-01,7.50e+00,
7600,2.48e-01,7.10e+00,
7601,2.40e-01,7.10e+00,
7602,2.32e-01,7.50e+00,
7603,2.72e-01,7.50e+00,
7604,2.72e-01,7.90e+00,
7605,2.72e-01,8.70e+00,
7606,2.64e-01,9.90e+00,
7607,2.72e-01,1.11e+01,
7608,2.56e-01,1.23e+01,
7609,2.48e-01,1.43e+01,
7610,2.24e-01,1.67e+01,
7611,2.00e-01,1.87e+01,
7612,1.68e-01,2.15e+01,
7613,1.28e-01,2.47e+01,
7614,8.80e-02,2.87e+01,
7615,4.80e-02,3.19e+01,
7616,-8.00e-03,3.55e+01,
7617,-5.60e-02,3.87e+01,
7618,-9.60e-02,4.19e+01,
7619,-1.36e-01,4.43e+01,
7620,-1.76e-01,4.67e+01,
7621,-2.08e-01,4.75e+01,
7622,-2.40e-01,4.75e+01,
7623,-3.20e-01,4.67e+01,
7624,-4.00e-01,4.51e+01,
7625,-3.68e-01,4.39e+01,
7626,-2.16e-01,4.31e+01,
7627,-4.00e-02,4.27e+01,
7628,1.20e-01,4.27e+01,
7629,2.24e-01,4.27e+01,
7630,2.40e-01,3.75e+01,
7631,1.44e-01,3.87e+01,
7632,-8.48e-01,3.87e+01,
7633,-7.76e-01,3.39e+01,
7634,4.64e-01,3.07e+01,
7635,2.00e-01,3.19e+01,
7636,-6.16e-01,2.87e+01,
7637,1.52e-01,2.59e+01,
7638,1.68e-01,2.59e+01,
7639,-2.40e-01,2.43e+01,
7640,1.12e-01,2.31e+01,
7641,6.40e-02,2.27e+01,
7642,4.00e-02,2.15e+01,
7643,1.20e-01,2.11e+01,
7644,5.60e-02,2.07e+01,
7645,9.60e-02,2.07e+01,
7646,1.20e-01,2.11e+01,
7647,9.60e-02,2.11e+01,
7648,9.60e-02,2.11e+01,
7649,8.80e-02,2.19e+01,
7650,1.04e-01,2.31e+01,
7651,8.80e-02,2.35e+01,
7652,8.00e-02,2.47e+01,
7653,6.40e-02,2.55e+01,
7654,6.40e-02,2.63e+01,
7655,6.40e-02,2.75e+01,
7656,2.40e-02,2.87e+01,
7657,1.60e-02,2.99e+01,
7658,8.00e-03,3.11e+01,
7659,-8.00e-03,3.19e+01,
7660,-3.20e-02,3.27e+01,
7661,-3.20e-02,3.35e+01,
7662,-4.00e-02,3.39e+01,
7663,-5.60e-02,3.51e+01,
7664,-6.40e-02,3.51e+01,
7665,-6.40e-02,3.55e+01,
7666,-7.20e-02,3.55e+01,
7667,-7.20e-02,3.55e+01,
7668,-8.00e-02,3.51e+01,
7669,-7.20e-02,3.47e+01,
7670,-7.20e-02,3.39e+01,
7671,-7.20e-02,3.31e+01,
7672,-6.40e-02,3.27e+01,
7673,-5.60e-02,3.19e+01,
7674,-4.80e-02,3.15e+01,
7675,-4.00e-02,3.07e+01,
7676,-4.00e-02,3.03e+01,
7677,-3.20e-02,2.95e+01,
7678,-1.60e-02,2.91e+01,
7679,-8.00e-03,2.87e+01,
7680,-8.00e-03,2.75e+01,
7681,0.00e+00,2.71e+01,
7682,8.00e-03,2.71e+01,
7683,1.60e-02,2.67e+01,
7684,1.60e-02,2.63e+01,
7685,2.40e-02,2.63e+01,
7686,2.40e-02,2.63e+01,
7687,2.40e-02,2.63e+01,
7688,2.40e-02,2.63e+01,
7689,2.40e-02,2.67e+01,
7690,2.40e-02,2.67e+01,
7691,2.40e-02,2.71e+01,
7692,2.40e-02,2.71e+01,
7693,1.60e-02,2.75e+01,
7694,1.60e-02,2.79e+01,
7695,1.60e-02,2.87e+01,
7696,8.00e-03,2.91e+01,
7697,0.00e+00,2.95e+01,
7698,0.00e+00,2.99e+01,
7699,0.00e+00,2.99e+01,
7700,-1.60e-02,3.03e+01,
7701,-1.60e-02,3.03e+01,
7702,-1.60e-02,3.07e+01,
7703,-1.60e-02,3.11e+01,
7704,-2.40e-02,3.11e+01,
7705,-2.40e-02,3.11e+01,
7706,-3.20e-02,3.15e+01,
7707,-3.20e-02,3.15e+01,
7708,-3.20e-02,3.11e+01,
7709,-3.20e-02,3.11e+01,
7710,-3.20e-02,3.11e+01,
7711,-2.40e-02,3.11e+01,
7712,-3.20e-02,3.07e+01,
7713,-3.20e-02,3.07e+01,
7714,-2.40e-02,3.03e+01,
7715,-2.40e-02,3.03e+01,
7716,-2.40e-02,2.99e+01,
7717,-1.60e-02,2.99e+01,
7718,-1.60e-02,2.95e+01,
7719,-8.00e-03,2.95e+01,
7720,-8.00e-03,2.91e+01,
7721,-8.00e-03,2.91e+01,
7722,-8.00e-03,2.91e+01,
7723,0.00e+00,2.87e+01,
7724,0.00e+00,2.87e+01,
7725,0.00e+00,2.87e+01,
7726,0.00e+00,2.87e+01,
7727,8.00e-03,2.87e+01,
7728,0.00e+00,2.87e+01,
7729,0.00e+00,2.87e+01,
7730,8.00e-03,2.87e+01,
7731,8.00e-03,2.87e+01,
7732,0.00e+00,2.87e+01,
7733,0.00e+00,2.87e+01,
7734,0.00e+00,2.91e+01,
7735,0.00e+00,2.91e+01,
7736,-8.00e-03,2.91e+01,
7737,0.00e+00,2.95e+01,
7738,-8.00e-03,2.95e+01,
7739,0.00e+00,2.95e+01,
7740,-8.00e-03,2.95e+01,
7741,-8.00e-03,2.95e+01,
7742,-8.00e-03,2.99e+01,
7743,-8.00e-03,2.99e+01,
7744,-1.60e-02,2.99e+01,
7745,-1.60e-02,2.99e+01,
7746,-1.60e-02,3.03e+01,
7747,-8.00e-03,2.99e+01,
7748,-1.60e-02,2.99e+01,
7749,-1.60e-02,2.99e+01,
7750,-1.60e-02,2.99e+01,
7751,-1.60e-02,2.99e+01,
7752,-1.60e-02,2.99e+01,
7753,-1.60e-02,2.99e+01,
7754,-1.60e-02,2.99e+01,
7755,-8.00e-03,2.99e+01,
7756,-1.60e-02,2.99e+01,
7757,-8.00e-03,2.95e+01,
7758,-8.00e-03,2.95e+01,
7759,-8.00e-03,2.95e+01,
7760,-8.00e-03,2.95e+01,
7761,-8.00e-03,2.95e+01,
7762,-8.00e-03,2.95e+01,
7763,0.00e+00,2.91e+01,
7764,-8.00e-03,2.91e+01,
7765,0.00e+00,2.91e+01,
7766,0.00e+00,2.91e+01,
7767,0.00e+00,2.91e+01,
7768,0.00e+00,2.91e+01,
7769,0.00e+00,2.91e+01,
7770,0.00e+00,2.91e+01,
7771,0.00e+00,2.91e+01,
7772,-8.00e-03,2.91e+01,
7773,0.00e+00,2.91e+01,
7774,0.00e+00,2.95e+01,
7775,0.00e+00,2.91e+01,
7776,-8.00e-03,2.91e+01,
7777,-8.00e-03,2.95e+01,
7778,-8.00e-03,2.95e+01,
7779,0.00e+00,2.95e+01,
7780,-8.00e-03,2.95e+01,
7781,-8.00e-03,2.95e+01,
7782,-8.00e-03,2.95e+01,
7783,-8.00e-03,2.95e+01,
7784,-8.00e-03,2.95e+01,
7785,-8.00e-03,2.95e+01,
7786,-8.00e-03,2.95e+01,
7787,-8.00e-03,2.95e+01,
7788,-8.00e-03,2.95e+01,
7789,-8.00e-03,2.95e+01,
7790,-8.00e-03,2.95e+01,
7791,-8.00e-03,2.95e+01,
7792,-8.00e-03,2.95e+01,
7793,-8.00e-03,2.95e+01,
7794,-8.00e-03,2.95e+01,
7795,-8.00e-03,2.95e+01,
7796,-8.00e-03,2.95e+01,
7797,-8.00e-03,2.95e+01,
7798,-8.00e-03,2.95e+01,
7799,-8.00e-03,2.95e+01,
7800,-8.00e-03,2.95e+01,
7801,-8.00e-03,2.95e+01,
7802,-8.00e-03,2.95e+01,
7803,-8.00e-03,2.95e+01,
7804,-8.00e-03,2.91e+01,
7805,-8.00e-03,2.91e+01,
7806,-8.00e-03,2.95e+01,
7807,-8.00e-03,2.95e+01,
7808,-8.00e-03,2.91e+01,
7809,-8.00e-03,2.91e+01,
7810,-8.00e-03,2.95e+01,
7811,0.00e+00,2.91e+01,
7812,-8.00e-03,2.91e+01,
7813,-8.00e-03,2.91e+01,
7814,-8.00e-03,2.95e+01,
7815,-8.00e-03,2.91e+01,
7816,-8.00e-03,2.95e+01,
7817,-8.00e-03,2.91e+01,
7818,-8.00e-03,2.95e+01,
7819,0.00e+00,2.95e+01,
7820,-8.00e-03,2.95e+01,
7821,-8.00e-03,2.95e+01,
7822,-8.00e-03,2.95e+01,
7823,-8.00e-03,2.95e+01,
7824,-8.00e-03,2.95e+01,
7825,-8.00e-03,2.95e+01,
7826,-8.00e-03,2.95e+01,
7827,-8.00e-03,2.95e+01,
7828,-8.00e-03,2.95e+01,
7829,-8.00e-03,2.95e+01,
7830,-8.00e-03,2.95e+01,
7831,-8.00e-03,2.95e+01,
7832,-8.00e-03,2.95e+01,
7833,-8.00e-03,2.95e+01,
7834,-8.00e-03,2.95e+01,
7835,-8.00e-03,2.95e+01,
7836,-8.00e-03,2.91e+01,
7837,-8.00e-03,2.95e+01,
7838,-8.00e-03,2.95e+01,
7839,-8.00e-03,2.95e+01,
7840,-8.00e-03,2.95e+01,
7841,-8.00e-03,2.95e+01,
7842,-8.00e-03,2.95e+01,
7843,0.00e+00,2.95e+01,
7844,-8.00e-03,2.91e+01,
7845,-8.00e-03,2.91e+01,
7846,-8.00e-03,2.95e+01,
7847,-8.00e-03,2.95e+01,
7848,-8.00e-03,2.95e+01,
7849,-8.00e-03,2.91e+01,
7850,-8.00e-03,2.95e+01,
7851,-8.00e-03,2.91e+01,
7852,-8.00e-03,2.91e+01,
7853,-8.00e-03,2.91e+01,
7854,-8.00e-03,2.95e+01,
7855,-8.00e-03,2.91e+01,
7856,-8.00e-03,2.91e+01,
7857,-8.00e-03,2.91e+01,
7858,-8.00e-03,2.95e+01,
7859,-8.00e-03,2.95e+01,
7860,-8.00e-03,2.91e+01,
7861,-8.00e-03,2.91e+01,
7862,-8.00e-03,2.95e+01,
7863,-8.00e-03,2.91e+01,
7864,-8.00e-03,2.91e+01,
7865,-8.00e-03,2.95e+01,
7866,-8.00e-03,2.95e+01,
7867,-8.00e-03,2.91e+01,
7868,-8.00e-03,2.95e+01,
7869,-8.00e-03,2.95e+01,
7870,-8.00e-03,2.95e+01,
7871,-8.00e-03,2.95e+01,
7872,-8.00e-03,2.95e+01,
7873,-8.00e-03,2.95e+01,
7874,-8.00e-03,2.95e+01,
7875,0.00e+00,2.95e+01,
7876,-8.00e-03,2.95e+01,
7877,-8.00e-03,2.91e+01,
7878,-8.00e-03,2.95e+01,
7879,-8.00e-03,2.95e+01,
7880,-8.00e-03,2.91e+01,
7881,-8.00e-03,2.95e+01,
7882,-8.00e-03,2.95e+01,
7883,0.00e+00,2.91e+01,
7884,-8.00e-03,2.91e+01,
7885,-8.00e-03,2.91e+01,
7886,-8.00e-03,2.95e+01,
7887,-8.00e-03,2.95e+01,
7888,-8.00e-03,2.95e+01,
7889,-8.00e-03,2.95e+01,
7890,-8.00e-03,2.95e+01,
7891,0.00e+00,2.91e+01,
7892,-8.00e-03,2.91e+01,
7893,-8.00e-03,2.91e+01,
7894,-8.00e-03,2.95e+01,
7895,-8.00e-03,2.91e+01,
7896,-8.00e-03,2.91e+01,
7897,-8.00e-03,2.95e+01,
7898,-8.00e-03,2.91e+01,
7899,0.00e+00,2.91e+01,
7900,-8.00e-03,2.91e+01,
7901,-8.00e-03,2.91e+01,
7902,-8.00e-03,2.91e+01,
7903,-8.00e-03,2.95e+01,
7904,-8.00e-03,2.91e+01,
7905,-8.00e-03,2.91e+01,
7906,0.00e+00,2.91e+01,
7907,0.00e+00,2.91e+01,
7908,-8.00e-03,2.91e+01,
7909,-8.00e-03,2.91e+01,
7910,-8.00e-03,2.95e+01,
7911,0.00e+00,2.95e+01,
7912,-8.00e-03,2.91e+01,
7913,-8.00e-03,2.95e+01,
7914,-8.00e-03,2.95e+01,
7915,0.00e+00,2.91e+01,
7916,-8.00e-03,2.91e+01,
7917,-8.00e-03,2.91e+01,
7918,0.00e+00,2.95e+01,
7919,-8.00e-03,2.91e+01,
7920,-8.00e-03,2.91e+01,
7921,-8.00e-03,2.91e+01,
7922,-8.00e-03,2.95e+01,
7923,0.00e+00,2.91e+01,
7924,-8.00e-03,2.91e+01,
7925,-8.00e-03,2.91e+01,
7926,-8.00e-03,2.95e+01,
7927,-8.00e-03,2.91e+01,
7928,-8.00e-03,2.91e+01,
7929,-8.00e-03,2.91e+01,
7930,-8.00e-03,2.91e+01,
7931,0.00e+00,2.91e+01,
7932,-8.00e-03,2.91e+01,
7933,-8.00e-03,2.91e+01,
7934,-8.00e-03,2.95e+01,
7935,-8.00e-03,2.91e+01,
7936,-8.00e-03,2.91e+01,
7937,-8.00e-03,2.91e+01,
7938,-8.00e-03,2.91e+01,
7939,0.00e+00,2.95e+01,
7940,-8.00e-03,2.91e+01,
7941,-8.00e-03,2.91e+01,
7942,-8.00e-03,2.95e+01,
7943,0.00e+00,2.91e+01,
7944,-8.00e-03,2.95e+01,
7945,-8.00e-03,2.91e+01,
7946,-8.00e-03,2.91e+01,
7947,0.00e+00,2.91e+01,
7948,-8.00e-03,2.91e+01,
7949,-8.00e-03,2.91e+01,
7950,-8.00e-03,2.95e+01,
7951,-8.00e-03,2.91e+01,
7952,-8.00e-03,2.91e+01,
7953,-8.00e-03,2.95e+01,
7954,-8.00e-03,2.91e+01,
7955,-8.00e-03,2.95e+01,
7956,-8.00e-03,2.91e+01,
7957,-8.00e-03,2.91e+01,
7958,-8.00e-03,2.95e+01,
7959,-8.00e-03,2.91e+01,
7960,-8.00e-03,2.91e+01,
7961,-8.00e-03,2.91e+01,
7962,-8.00e-03,2.95e+01,
7963,-8.00e-03,2.91e+01,
7964,-8.00e-03,2.91e+01,
7965,-8.00e-03,2.91e+01,
7966,-8.00e-03,2.95e+01,
7967,-8.00e-03,2.91e+01,
7968,-8.00e-03,2.91e+01,
7969,-8.00e-03,2.95e+01,
7970,-8.00e-03,2.91e+01,
7971,0.00e+00,2.91e+01,
7972,-8.00e-03,2.91e+01,
7973,-8.00e-03,2.91e+01,
7974,-8.00e-03,2.91e+01,
7975,-8.00e-03,2.91e+01,
7976,-8.00e-03,2.91e+01,
7977,-8.00e-03,2.91e+01,
7978,-8.00e-03,2.95e+01,
7979,0.00e+00,2.91e+01,
7980,-8.00e-03,2.91e+01,
7981,-8.00e-03,2.91e+01,
7982,-8.00e-03,2.95e+01,
7983,0.00e+00,2.91e+01,
7984,-8.00e-03,2.91e+01,
7985,-8.00e-03,2.91e+01,
7986,-8.00e-03,2.95e+01,
7987,0.00e+00,2.91e+01,
7988,-8.00e-03,2.91e+01,
7989,-8.00e-03,2.91e+01,
7990,-8.00e-03,2.95e+01,
7991,0.00e+00,2.91e+01,
7992,-8.00e-03,2.95e+01,
7993,-8.00e-03,2.91e+01,
7994,-8.00e-03,2.95e+01,
7995,0.00e+00,2.91e+01,
7996,-8.00e-03,2.95e+01,
7997,-8.00e-03,2.91e+01,
7998,-8.00e-03,2.91e+01,
7999,-8.00e-03,2.91e+01,
8000,-8.00e-03,2.91e+01,
8001,-8.00e-03,2.91e+01,
8002,-8.00e-03,2.91e+01,
8003,-8.00e-03,2.91e+01,
8004,-8.00e-03,2.91e+01,
8005,-8.00e-03,2.91e+01,
8006,-8.00e-03,2.91e+01,
8007,-8.00e-03,2.91e+01,
8008,-8.00e-03,2.91e+01,
8009,-8.00e-03,2.95e+01,
8010,-8.00e-03,2.95e+01,
8011,-8.00e-03,2.91e+01,
8012,-8.00e-03,2.91e+01,
8013,-8.00e-03,2.91e+01,
8014,-8.00e-03,2.95e+01,
8015,-8.00e-03,2.95e+01,
8016,-8.00e-03,2.91e+01,
8017,-8.00e-03,2.91e+01,
8018,-8.00e-03,2.91e+01,
8019,-8.00e-03,2.91e+01,
8020,-8.00e-03,2.91e+01,
8021,-8.00e-03,2.91e+01,
8022,-8.00e-03,2.91e+01,
8023,-8.00e-03,2.91e+01,
8024,-8.00e-03,2.91e+01,
8025,-8.00e-03,2.91e+01,
8026,-8.00e-03,2.91e+01,
8027,0.00e+00,2.91e+01,
8028,-8.00e-03,2.91e+01,
8029,-8.00e-03,2.91e+01,
8030,-8.00e-03,2.95e+01,
8031,-8.00e-03,2.91e+01,
8032,-8.00e-03,2.91e+01,
8033,-8.00e-03,2.91e+01,
8034,-8.00e-03,2.91e+01,
8035,-8.00e-03,2.91e+01,
8036,-8.00e-03,2.91e+01,
8037,-8.00e-03,2.91e+01,
8038,-8.00e-03,2.91e+01,
8039,0.00e+00,2.91e+01,
8040,-8.00e-03,2.91e+01,
8041,-8.00e-03,2.91e+01,
8042,-8.00e-03,2.91e+01,
8043,0.00e+00,2.91e+01,
8044,-8.00e-03,2.91e+01,
8045,-8.00e-03,2.91e+01,
8046,-8.00e-03,2.91e+01,
8047,-8.00e-03,2.91e+01,
8048,-8.00e-03,2.91e+01,
8049,-8.00e-03,2.91e+01,
8050,-8.00e-03,2.91e+01,
8051,-8.00e-03,2.91e+01,
8052,-8.00e-03,2.91e+01,
8053,-8.00e-03,2.91e+01,
8054,-8.00e-03,2.95e+01,
8055,-8.00e-03,2.91e+01,
8056,-8.00e-03,2.91e+01,
8057,-8.00e-03,2.91e+01,
8058,-8.00e-03,2.91e+01,
8059,-8.00e-03,2.91e+01,
8060,-8.00e-03,2.91e+01,
8061,-8.00e-03,2.91e+01,
8062,-8.00e-03,2.95e+01,
8063,-8.00e-03,2.91e+01,
8064,-8.00e-03,2.91e+01,
8065,-8.00e-03,2.91e+01,
8066,-8.00e-03,2.95e+01,
8067,-8.00e-03,2.91e+01,
8068,-8.00e-03,2.91e+01,
8069,-8.00e-03,2.91e+01,
8070,-8.00e-03,2.95e+01,
8071,-8.00e-03,2.95e+01,
8072,-8.00e-03,2.91e+01,
8073,-8.00e-03,2.91e+01,
8074,-8.00e-03,2.95e+01,
8075,-8.00e-03,2.91e+01,
8076,-8.00e-03,2.91e+01,
8077,-8.00e-03,2.91e+01,
8078,-8.00e-03,2.95e+01,
8079,-8.00e-03,2.91e+01,
8080,-8.00e-03,2.91e+01,
8081,-8.00e-03,2.91e+01,
8082,-8.00e-03,2.91e+01,
8083,0.00e+00,2.91e+01,
8084,-8.00e-03,2.91e+01,
8085,-8.00e-03,2.91e+01,
8086,-8.00e-03,2.91e+01,
8087,0.00e+00,2.95e+01,
8088,-8.00e-03,2.91e+01,
8089,-8.00e-03,2.91e+01,
8090,-8.00e-03,2.91e+01,
8091,0.00e+00,2.91e+01,
8092,-8.00e-03,2.91e+01,
8093,-8.00e-03,2.91e+01,
8094,-8.00e-03,2.95e+01,
8095,-8.00e-03,2.91e+01,
8096,-8.00e-03,2.91e+01,
8097,-8.00e-03,2.95e+01,
8098,-8.00e-03,2.91e+01,
8099,0.00e+00,2.91e+01,
8100,-8.00e-03,2.91e+01,
8101,-8.00e-03,2.91e+01,
8102,-8.00e-03,2.91e+01,
8103,-8.00e-03,2.91e+01,
8104,-8.00e-03,2.91e+01,
8105,-8.00e-03,2.91e+01,
8106,-8.00e-03,2.95e+01,
8107,0.00e+00,2.91e+01,
8108,-8.00e-03,2.91e+01,
8109,-8.00e-03,2.91e+01,
8110,-8.00e-03,2.95e+01,
8111,-8.00e-03,2.91e+01,
8112,-8.00e-03,2.91e+01,
8113,-8.00e-03,2.91e+01,
8114,-8.00e-03,2.91e+01,
8115,0.00e+00,2.91e+01,
8116,-8.00e-03,2.91e+01,
8117,-8.00e-03,2.91e+01,
8118,-8.00e-03,2.91e+01,
8119,-8.00e-03,2.91e+01,
8120,-8.00e-03,2.91e+01,
8121,-8.00e-03,2.91e+01,
8122,-8.00e-03,2.91e+01,
8123,-8.00e-03,2.91e+01,
8124,-8.00e-03,2.91e+01,
8125,-8.00e-03,2.91e+01,
8126,-8.00e-03,2.95e+01,
8127,-8.00e-03,2.91e+01,
8128,-8.00e-03,2.91e+01,
8129,-8.00e-03,2.91e+01,
8130,-8.00e-03,2.91e+01,
8131,-8.00e-03,2.91e+01,
8132,-8.00e-03,2.91e+01,
8133,-8.00e-03,2.91e+01,
8134,-8.00e-03,2.91e+01,
8135,-8.00e-03,2.91e+01,
8136,-8.00e-03,2.91e+01,
8137,-8.00e-03,2.91e+01,
8138,-8.00e-03,2.91e+01,
8139,-8.00e-03,2.95e+01,
8140,-8.00e-03,2.91e+01,
8141,-8.00e-03,2.91e+01,
8142,-8.00e-03,2.95e+01,
8143,-8.00e-03,2.91e+01,
8144,-8.00e-03,2.91e+01,
8145,-8.00e-03,2.91e+01,
8146,-8.00e-03,2.95e+01,
8147,0.00e+00,2.91e+01,
8148,-8.00e-03,2.91e+01,
8149,-8.00e-03,2.91e+01,
8150,-8.00e-03,2.91e+01,
8151,-8.00e-03,2.91e+01,
8152,-8.00e-03,2.91e+01,
8153,-8.00e-03,2.91e+01,
8154,-8.00e-03,2.95e+01,
8155,-8.00e-03,2.91e+01,
8156,-8.00e-03,2.91e+01,
8157,-8.00e-03,2.91e+01,
8158,-8.00e-03,2.91e+01,
8159,-8.00e-03,2.91e+01,
8160,-8.00e-03,2.91e+01,
8161,-8.00e-03,2.91e+01,
8162,-8.00e-03,2.95e+01,
8163,-8.00e-03,2.91e+01,
8164,-8.00e-03,2.91e+01,
8165,-8.00e-03,2.91e+01,
8166,-8.00e-03,2.91e+01,
8167,-8.00e-03,2.91e+01,
8168,-8.00e-03,2.91e+01,
8169,-8.00e-03,2.91e+01,
8170,-8.00e-03,2.95e+01,
8171,-8.00e-03,2.91e+01,
8172,-8.00e-03,2.91e+01,
8173,-8.00e-03,2.91e+01,
8174,-8.00e-03,2.95e+01,
8175,-8.00e-03,2.95e+01,
8176,-8.00e-03,2.91e+01,
8177,-8.00e-03,2.91e+01,
8178,-8.00e-03,2.95e+01,
8179,0.00e+00,2.91e+01,
8180,-8.00e-03,2.91e+01,
8181,-8.00e-03,2.91e+01,
8182,-8.00e-03,2.95e+01,
8183,-8.00e-03,2.91e+01,
8184,-8.00e-03,2.91e+01,
8185,-8.00e-03,2.91e+01,
8186,-8.00e-03,2.91e+01,
8187,-8.00e-03,2.91e+01,
8188,-8.00e-03,2.91e+01,
8189,-8.00e-03,2.91e+01,
8190,-8.00e-03,2.91e+01,
8191,-8.00e-03,2.91e+01,
8192,-8.00e-03,2.95e+01,
8193,-8.00e-03,2.91e+01,
8194,-8.00e-03,2.95e+01,
8195,-8.00e-03,2.91e+01,
8196,-8.00e-03,2.91e+01,
8197,-8.00e-03,2.91e+01,
8198,-8.00e-03,2.91e+01,
8199,-8.00e-03,2.91e+01,
8200,-8.00e-03,2.91e+01,
8201,-8.00e-03,2.95e+01,
8202,-8.00e-03,2.95e+01,
8203,-8.00e-03,2.95e+01,
8204,-8.00e-03,2.91e+01,
8205,-8.00e-03,2.91e+01,
8206,-8.00e-03,2.91e+01,
8207,-8.00e-03,2.91e+01,
8208,-8.00e-03,2.91e+01,
8209,-8.00e-03,2.91e+01,
8210,-8.00e-03,2.95e+01,
8211,0.00e+00,2.91e+01,
8212,-8.00e-03,2.91e+01,
8213,-8.00e-03,2.91e+01,
8214,-8.00e-03,2.95e+01,
8215,-8.00e-03,2.91e+01,
8216,-8.00e-03,2.91e+01,
8217,-8.00e-03,2.91e+01,
8218,-8.00e-03,2.95e+01,
8219,-8.00e-03,2.91e+01,
8220,-8.00e-03,2.91e+01,
8221,-8.00e-03,2.91e+01,
8222,-8.00e-03,2.95e+01,
8223,-8.00e-03,2.91e+01,
8224,-8.00e-03,2.91e+01,
8225,-8.00e-03,2.91e+01,
8226,-8.00e-03,2.95e+01,
8227,-8.00e-03,2.91e+01,
8228,-8.00e-03,2.91e+01,
8229,-8.00e-03,2.91e+01,
8230,-8.00e-03,2.95e+01,
8231,-8.00e-03,2.91e+01,
8232,-8.00e-03,2.91e+01,
8233,-8.00e-03,2.91e+01,
8234,-8.00e-03,2.95e+01,
8235,-8.00e-03,2.91e+01,
8236,-8.00e-03,2.91e+01,
8237,-8.00e-03,2.91e+01,
8238,-8.00e-03,2.95e+01,
8239,-8.00e-03,2.91e+01,
8240,-8.00e-03,2.91e+01,
8241,-8.00e-03,2.95e+01,
8242,-8.00e-03,2.91e+01,
8243,-8.00e-03,2.91e+01,
8244,-8.00e-03,2.91e+01,
8245,-8.00e-03,2.91e+01,
8246,-8.00e-03,2.95e+01,
8247,-8.00e-03,2.91e+01,
8248,-8.00e-03,2.91e+01,
8249,-8.00e-03,2.91e+01,
8250,-8.00e-03,2.95e+01,
8251,-8.00e-03,2.91e+01,
8252,-8.00e-03,2.91e+01,
8253,-8.00e-03,2.91e+01,
8254,-8.00e-03,2.91e+01,
8255,-8.00e-03,2.95e+01,
8256,-8.00e-03,2.91e+01,
8257,-8.00e-03,2.91e+01,
8258,-8.00e-03,2.95e+01,
8259,-8.00e-03,2.91e+01,
8260,-8.00e-03,2.95e+01,
8261,-8.00e-03,2.91e+01,
8262,-8.00e-03,2.95e+01,
8263,-8.00e-03,2.91e+01,
8264,-8.00e-03,2.91e+01,
8265,-8.00e-03,2.91e+01,
8266,-8.00e-03,2.95e+01,
8267,-8.00e-03,2.91e+01,
8268,-8.00e-03,2.91e+01,
8269,-8.00e-03,2.91e+01,
8270,-8.00e-03,2.95e+01,
8271,-8.00e-03,2.91e+01,
8272,-8.00e-03,2.91e+01,
8273,-8.00e-03,2.91e+01,
8274,-8.00e-03,2.95e+01,
8275,-8.00e-03,2.91e+01,
8276,-8.00e-03,2.91e+01,
8277,-8.00e-03,2.95e+01,
8278,-8.00e-03,2.95e+01,
8279,-8.00e-03,2.91e+01,
8280,-8.00e-03,2.95e+01,
8281,-8.00e-03,2.91e+01,
8282,-8.00e-03,2.91e+01,
8283,-8.00e-03,2.95e+01,
8284,-8.00e-03,2.91e+01,
8285,-8.00e-03,2.91e+01,
8286,-8.00e-03,2.91e+01,
8287,-8.00e-03,2.91e+01,
8288,-8.00e-03,2.91e+01,
8289,-8.00e-03,2.95e+01,
8290,-8.00e-03,2.95e+01,
8291,-8.00e-03,2.91e+01,
8292,-8.00e-03,2.91e+01,
8293,-8.00e-03,2.91e+01,
8294,-8.00e-03,2.95e+01,
8295,-8.00e-03,2.91e+01,
8296,-8.00e-03,2.91e+01,
8297,-8.00e-03,2.91e+01,
8298,-8.00e-03,2.95e+01,
8299,0.00e+00,2.95e+01,
8300,-8.00e-03,2.91e+01,
8301,-8.00e-03,2.91e+01,
8302,-8.00e-03,2.95e+01,
8303,-8.00e-03,2.91e+01,
8304,-8.00e-03,2.91e+01,
8305,-8.00e-03,2.91e+01,
8306,-8.00e-03,2.95e+01,
8307,-8.00e-03,2.91e+01,
8308,-8.00e-03,2.91e+01,
8309,-8.00e-03,2.91e+01,
8310,-8.00e-03,2.95e+01,
8311,-8.00e-03,2.91e+01,
8312,-8.00e-03,2.91e+01,
8313,-8.00e-03,2.91e+01,
8314,-8.00e-03,2.95e+01,
8315,-8.00e-03,2.95e+01,
8316,-8.00e-03,2.91e+01,
8317,-8.00e-03,2.91e+01,
8318,-8.00e-03,2.95e+01,
8319,-8.00e-03,2.91e+01,
8320,-8.00e-03,2.95e+01,
8321,-8.00e-03,2.91e+01,
8322,-8.00e-03,2.91e+01,
8323,-8.00e-03,2.95e+01,
8324,-8.00e-03,2.91e+01,
8325,-8.00e-03,2.91e+01,
8326,-8.00e-03,2.95e+01,
8327,-8.00e-03,2.95e+01,
8328,-8.00e-03,2.91e+01,
8329,-8.00e-03,2.91e+01,
8330,-8.00e-03,2.91e+01,
8331,0.00e+00,2.95e+01,
8332,-8.00e-03,2.91e+01,
8333,-8.00e-03,2.91e+01,
8334,-8.00e-03,2.91e+01,
8335,-8.00e-03,2.91e+01,
8336,-8.00e-03,2.91e+01,
8337,-8.00e-03,2.91e+01,
8338,-8.00e-03,2.95e+01,
8339,-8.00e-03,2.91e+01,
8340,-8.00e-03,2.91e+01,
8341,-8.00e-03,2.91e+01,
8342,-8.00e-03,2.91e+01,
8343,-8.00e-03,2.91e+01,
8344,-8.00e-03,2.91e+01,
8345,-8.00e-03,2.91e+01,
8346,-8.00e-03,2.91e+01,
8347,-8.00e-03,2.91e+01,
8348,-8.00e-03,2.91e+01,
8349,-8.00e-03,2.91e+01,
8350,-8.00e-03,2.95e+01,
8351,-8.00e-03,2.91e+01,
8352,-8.00e-03,2.91e+01,
8353,-8.00e-03,2.91e+01,
8354,-8.00e-03,2.91e+01,
8355,-8.00e-03,2.91e+01,
8356,-8.00e-03,2.91e+01,
8357,-8.00e-03,2.91e+01,
8358,-8.00e-03,2.95e+01,
8359,-8.00e-03,2.91e+01,
8360,-8.00e-03,2.91e+01,
8361,-8.00e-03,2.91e+01,
8362,-8.00e-03,2.95e+01,
8363,-8.00e-03,2.95e+01,
8364,-8.00e-03,2.91e+01,
8365,-8.00e-03,2.91e+01,
8366,-8.00e-03,2.91e+01,
8367,-8.00e-03,2.95e+01,
8368,-8.00e-03,2.91e+01,
8369,-8.00e-03,2.95e+01,
8370,-8.00e-03,2.91e+01,
8371,-8.00e-03,2.95e+01,
8372,-8.00e-03,2.91e+01,
8373,-8.00e-03,2.91e+01,
8374,-8.00e-03,2.95e+01,
8375,-8.00e-03,2.91e+01,
8376,-8.00e-03,2.91e+01,
8377,-8.00e-03,2.91e+01,
8378,-8.00e-03,2.95e+01,
8379,-8.00e-03,2.91e+01,
8380,-8.00e-03,2.91e+01,
8381,-8.00e-03,2.91e+01,
8382,-8.00e-03,2.95e+01,
8383,-8.00e-03,2.91e+01,
8384,-8.00e-03,2.91e+01,
8385,-8.00e-03,2.95e+01,
8386,-8.00e-03,2.91e+01,
8387,-8.00e-03,2.91e+01,
8388,-8.00e-03,2.91e+01,
8389,-8.00e-03,2.91e+01,
8390,-8.00e-03,2.91e+01,
8391,-8.00e-03,2.91e+01,
8392,-8.00e-03,2.91e+01,
8393,-8.00e-03,2.91e+01,
8394,-8.00e-03,2.95e+01,
8395,-8.00e-03,2.95e+01,
8396,-8.00e-03,2.91e+01,
8397,-8.00e-03,2.91e+01,
8398,-8.00e-03,2.95e+01,
8399,-8.00e-03,2.91e+01,
8400,-8.00e-03,2.91e+01,
8401,-8.00e-03,2.91e+01,
8402,-8.00e-03,2.95e+01,
8403,-8.00e-03,2.91e+01,
8404,-8.00e-03,2.91e+01,
8405,-8.00e-03,2.91e+01,
8406,-8.00e-03,2.95e+01,
8407,-8.00e-03,2.91e+01,
8408,-8.00e-03,2.95e+01,
8409,-8.00e-03,2.95e+01,
8410,-8.00e-03,2.95e+01,
8411,-8.00e-03,2.91e+01,
8412,-8.00e-03,2.91e+01,
8413,-8.00e-03,2.91e+01,
8414,-8.00e-03,2.95e+01,
8415,-8.00e-03,2.91e+01,
8416,-8.00e-03,2.95e+01,
8417,-8.00e-03,2.91e+01,
8418,-8.00e-03,2.95e+01,
8419,-8.00e-03,2.91e+01,
8420,-8.00e-03,2.91e+01,
8421,-8.00e-03,2.91e+01,
8422,-8.00e-03,2.95e+01,
8423,-8.00e-03,2.91e+01,
8424,-8.00e-03,2.91e+01,
8425,-8.00e-03,2.95e+01,
8426,-8.00e-03,2.95e+01,
8427,-8.00e-03,2.95e+01,
8428,-8.00e-03,2.91e+01,
8429,-8.00e-03,2.91e+01,
8430,-8.00e-03,2.95e+01,
8431,-8.00e-03,2.95e+01,
8432,-8.00e-03,2.91e+01,
8433,-8.00e-03,2.91e+01,
8434,-8.00e-03,2.95e+01,
8435,-8.00e-03,2.95e+01,
8436,-8.00e-03,2.91e+01,
8437,-8.00e-03,2.91e+01,
8438,-8.00e-03,2.95e+01,
8439,-8.00e-03,2.91e+01,
8440,-8.00e-03,2.91e+01,
8441,-8.00e-03,2.91e+01,
8442,-8.00e-03,2.95e+01,
8443,-8.00e-03,2.91e+01,
8444,-8.00e-03,2.91e+01,
8445,-8.00e-03,2.91e+01,
8446,-8.00e-03,2.91e+01,
8447,-8.00e-03,2.91e+01,
8448,-8.00e-03,2.91e+01,
8449,-8.00e-03,2.91e+01,
8450,-8.00e-03,2.95e+01,
8451,-8.00e-03,2.91e+01,
8452,-8.00e-03,2.91e+01,
8453,-8.00e-03,2.91e+01,
8454,-8.00e-03,2.95e+01,
8455,-8.00e-03,2.95e+01,
8456,-8.00e-03,2.91e+01,
8457,-8.00e-03,2.91e+01,
8458,-8.00e-03,2.95e+01,
8459,-8.00e-03,2.95e+01,
8460,-8.00e-03,2.91e+01,
8461,-8.00e-03,2.91e+01,
8462,-8.00e-03,2.95e+01,
8463,-8.00e-03,2.91e+01,
8464,-8.00e-03,2.91e+01,
8465,-8.00e-03,2.91e+01,
8466,-8.00e-03,2.95e+01,
8467,-8.00e-03,2.91e+01,
8468,-8.00e-03,2.91e+01,
8469,-8.00e-03,2.91e+01,
8470,-8.00e-03,2.95e+01,
8471,-8.00e-03,2.91e+01,
8472,-8.00e-03,2.91e+01,
8473,-8.00e-03,2.91e+01,
8474,-8.00e-03,2.95e+01,
8475,-8.00e-03,2.91e+01,
8476,-8.00e-03,2.91e+01,
8477,-8.00e-03,2.95e+01,
8478,-8.00e-03,2.95e+01,
8479,-8.00e-03,2.91e+01,
8480,-8.00e-03,2.91e+01,
8481,-8.00e-03,2.91e+01,
8482,-8.00e-03,2.95e+01,
8483,-8.00e-03,2.91e+01,
8484,-8.00e-03,2.91e+01,
8485,-8.00e-03,2.91e+01,
8486,-8.00e-03,2.91e+01,
8487,-8.00e-03,2.91e+01,
8488,-8.00e-03,2.91e+01,
8489,-8.00e-03,2.91e+01,
8490,-8.00e-03,2.95e+01,
8491,-8.00e-03,2.95e+01,
8492,-8.00e-03,2.91e+01,
8493,-8.00e-03,2.91e+01,
8494,-8.00e-03,2.91e+01,
8495,-8.00e-03,2.91e+01,
8496,-8.00e-03,2.91e+01,
8497,-8.00e-03,2.91e+01,
8498,-8.00e-03,2.91e+01,
8499,-8.00e-03,2.91e+01,
8500,-8.00e-03,2.91e+01,
8501,-8.00e-03,2.91e+01,
8502,-8.00e-03,2.95e+01,
8503,-8.00e-03,2.95e+01,
8504,-8.00e-03,2.91e+01,
8505,-8.00e-03,2.91e+01,
8506,-8.00e-03,2.95e+01,
8507,-8.00e-03,2.95e+01,
8508,-8.00e-03,2.91e+01,
8509,-8.00e-03,2.91e+01,
8510,-8.00e-03,2.95e+01,
8511,-8.00e-03,2.91e+01,
8512,-8.00e-03,2.91e+01,
8513,-8.00e-03,2.91e+01,
8514,-8.00e-03,2.95e+01,
8515,-8.00e-03,2.95e+01,
8516,-8.00e-03,2.91e+01,
8517,-8.00e-03,2.91e+01,
8518,-8.00e-03,2.95e+01,
8519,-8.00e-03,2.91e+01,
8520,-8.00e-03,2.91e+01,
8521,-8.00e-03,2.91e+01,
8522,-8.00e-03,2.95e+01,
8523,-8.00e-03,2.95e+01,
8524,-8.00e-03,2.91e+01,
8525,-8.00e-03,2.91e+01,
8526,-8.00e-03,2.95e+01,
8527,-8.00e-03,2.91e+01,
8528,-8.00e-03,2.91e+01,
8529,-8.00e-03,2.91e+01,
8530,-8.00e-03,2.95e+01,
8531,-8.00e-03,2.95e+01,
8532,-8.00e-03,2.95e+01,
8533,-8.00e-03,2.91e+01,
8534,-8.00e-03,2.95e+01,
8535,-8.00e-03,2.95e+01,
8536,-8.00e-03,2.95e+01,
8537,-8.00e-03,2.91e+01,
8538,-8.00e-03,2.95e+01,
8539,-8.00e-03,2.91e+01,
8540,-8.00e-03,2.91e+01,
8541,-8.00e-03,2.91e+01,
8542,-8.00e-03,2.91e+01,
8543,-8.00e-03,2.91e+01,
8544,-8.00e-03,2.95e+01,
8545,-8.00e-03,2.91e+01,
8546,-8.00e-03,2.95e+01,
8547,-8.00e-03,2.91e+01,
8548,-8.00e-03,2.91e+01,
8549,-8.00e-03,2.91e+01,
8550,-8.00e-03,2.95e+01,
8551,-8.00e-03,2.91e+01,
8552,-8.00e-03,2.91e+01,
8553,-8.00e-03,2.91e+01,
8554,-8.00e-03,2.95e+01,
8555,-8.00e-03,2.95e+01,
8556,-8.00e-03,2.91e+01,
8557,-8.00e-03,2.91e+01,
8558,-8.00e-03,2.91e+01,
8559,-8.00e-03,2.91e+01,
8560,-8.00e-03,2.91e+01,
8561,-8.00e-03,2.91e+01,
8562,-8.00e-03,2.91e+01,
8563,-8.00e-03,2.91e+01,
8564,-8.00e-03,2.91e+01,
8565,-8.00e-03,2.91e+01,
8566,-8.00e-03,2.95e+01,
8567,-8.00e-03,2.91e+01,
8568,-8.00e-03,2.95e+01,
8569,-8.00e-03,2.91e+01,
8570,-8.00e-03,2.91e+01,
8571,-8.00e-03,2.91e+01,
8572,-8.00e-03,2.95e+01,
8573,-8.00e-03,2.91e+01,
8574,-8.00e-03,2.95e+01,
8575,-8.00e-03,2.91e+01,
8576,-8.00e-03,2.91e+01,
8577,-8.00e-03,2.95e+01,
8578,-8.00e-03,2.91e+01,
8579,-8.00e-03,2.91e+01,
8580,-8.00e-03,2.91e+01,
8581,-8.00e-03,2.91e+01,
8582,-8.00e-03,2.95e+01,
8583,-8.00e-03,2.95e+01,
8584,-8.00e-03,2.91e+01,
8585,-8.00e-03,2.95e+01,
8586,-8.00e-03,2.95e+01,
8587,-8.00e-03,2.95e+01,
8588,-8.00e-03,2.91e+01,
8589,-8.00e-03,2.91e+01,
8590,-8.00e-03,2.95e+01,
8591,-8.00e-03,2.91e+01,
8592,-8.00e-03,2.91e+01,
8593,-8.00e-03,2.95e+01,
8594,-8.00e-03,2.91e+01,
8595,-8.00e-03,2.95e+01,
8596,-8.00e-03,2.91e+01,
8597,-8.00e-03,2.91e+01,
8598,-8.00e-03,2.95e+01,
8599,-8.00e-03,2.91e+01,
8600,-8.00e-03,2.91e+01,
8601,-8.00e-03,2.91e+01,
8602,-8.00e-03,2.95e+01,
8603,-8.00e-03,2.91e+01,
8604,-8.00e-03,2.91e+01,
8605,-8.00e-03,2.91e+01,
8606,-8.00e-03,2.95e+01,
8607,-8.00e-03,2.95e+01,
8608,-8.00e-03,2.91e+01,
8609,-8.00e-03,2.91e+01,
8610,-8.00e-03,2.95e+01,
8611,-8.00e-03,2.91e+01,
8612,-8.00e-03,2.91e+01,
8613,-8.00e-03,2.91e+01,
8614,-8.00e-03,2.95e+01,
8615,-8.00e-03,2.95e+01,
8616,-8.00e-03,2.91e+01,
8617,-8.00e-03,2.91e+01,
8618,-8.00e-03,2.95e+01,
8619,-8.00e-03,2.95e+01,
8620,-8.00e-03,2.91e+01,
8621,-8.00e-03,2.91e+01,
8622,-8.00e-03,2.95e+01,
8623,-8.00e-03,2.95e+01,
8624,-8.00e-03,2.91e+01,
8625,-8.00e-03,2.95e+01,
8626,-8.00e-03,2.95e+01,
8627,-8.00e-03,2.95e+01,
8628,-8.00e-03,2.95e+01,
8629,-8.00e-03,2.91e+01,
8630,-8.00e-03,2.95e+01,
8631,-8.00e-03,2.91e+01,
8632,-8.00e-03,2.91e+01,
8633,-8.00e-03,2.95e+01,
8634,-8.00e-03,2.91e+01,
8635,-8.00e-03,2.95e+01,
8636,-8.00e-03,2.91e+01,
8637,-8.00e-03,2.91e+01,
8638,-8.00e-03,2.91e+01,
8639,-8.00e-03,2.95e+01,
8640,-8.00e-03,2.91e+01,
8641,-8.00e-03,2.91e+01,
8642,-8.00e-03,2.91e+01,
8643,-8.00e-03,2.95e+01,
8644,-8.00e-03,2.91e+01,
8645,-8.00e-03,2.91e+01,
8646,-8.00e-03,2.95e+01,
8647,-8.00e-03,2.95e+01,
8648,-8.00e-03,2.91e+01,
8649,-8.00e-03,2.95e+01,
8650,-8.00e-03,2.95e+01,
8651,-8.00e-03,2.95e+01,
8652,-8.00e-03,2.91e+01,
8653,-8.00e-03,2.91e+01,
8654,-8.00e-03,2.95e+01,
8655,-8.00e-03,2.95e+01,
8656,-8.00e-03,2.95e+01,
8657,-8.00e-03,2.91e+01,
8658,-8.00e-03,2.95e+01,
8659,-8.00e-03,2.95e+01,
8660,-8.00e-03,2.91e+01,
8661,-8.00e-03,2.91e+01,
8662,-8.00e-03,2.95e+01,
8663,-8.00e-03,2.95e+01,
8664,-8.00e-03,2.91e+01,
8665,-8.00e-03,2.95e+01,
8666,-8.00e-03,2.91e+01,
8667,-8.00e-03,2.91e+01,
8668,-8.00e-03,2.95e+01,
8669,-8.00e-03,2.91e+01,
8670,-8.00e-03,2.95e+01,
8671,-8.00e-03,2.91e+01,
8672,-8.00e-03,2.91e+01,
8673,-8.00e-03,2.91e+01,
8674,-8.00e-03,2.95e+01,
8675,-8.00e-03,2.95e+01,
8676,-8.00e-03,2.91e+01,
8677,-8.00e-03,2.91e+01,
8678,-8.00e-03,2.95e+01,
8679,-8.00e-03,2.95e+01,
8680,-8.00e-03,2.91e+01,
8681,-8.00e-03,2.95e+01,
8682,-8.00e-03,2.91e+01,
8683,-8.00e-03,2.95e+01,
8684,-8.00e-03,2.91e+01,
8685,-8.00e-03,2.91e+01,
8686,-8.00e-03,2.95e+01,
8687,-8.00e-03,2.91e+01,
8688,-8.00e-03,2.95e+01,
8689,-8.00e-03,2.91e+01,
8690,-8.00e-03,2.95e+01,
8691,-8.00e-03,2.95e+01,
8692,-8.00e-03,2.95e+01,
8693,-8.00e-03,2.91e+01,
8694,-8.00e-03,2.95e+01,
8695,-8.00e-03,2.91e+01,
8696,-8.00e-03,2.91e+01,
8697,-8.00e-03,2.91e+01,
8698,-8.00e-03,2.95e+01,
8699,-8.00e-03,2.95e+01,
8700,-8.00e-03,2.91e+01,
8701,-8.00e-03,2.91e+01,
8702,-8.00e-03,2.95e+01,
8703,-8.00e-03,2.91e+01,
8704,-8.00e-03,2.91e+01,
8705,-8.00e-03,2.91e+01,
8706,-8.00e-03,2.91e+01,
8707,-8.00e-03,2.95e+01,
8708,-8.00e-03,2.91e+01,
8709,-8.00e-03,2.91e+01,
8710,-8.00e-03,2.95e+01,
8711,-8.00e-03,2.91e+01,
8712,-8.00e-03,2.91e+01,
8713,-8.00e-03,2.91e+01,
8714,-8.00e-03,2.95e+01,
8715,-8.00e-03,2.95e+01,
8716,-8.00e-03,2.91e+01,
8717,-8.00e-03,2.91e+01,
8718,-8.00e-03,2.95e+01,
8719,-8.00e-03,2.95e+01,
8720,-8.00e-03,2.91e+01,
8721,-8.00e-03,2.91e+01,
8722,-8.00e-03,2.95e+01,
8723,-8.00e-03,2.95e+01,
8724,-8.00e-03,2.91e+01,
8725,-8.00e-03,2.91e+01,
8726,-8.00e-03,2.95e+01,
8727,-8.00e-03,2.95e+01,
8728,-8.00e-03,2.91e+01,
8729,-8.00e-03,2.91e+01,
8730,-8.00e-03,2.91e+01,
8731,-8.00e-03,2.95e+01,
8732,-8.00e-03,2.95e+01,
8733,-8.00e-03,2.91e+01,
8734,-8.00e-03,2.95e+01,
8735,-8.00e-03,2.91e+01,
8736,-8.00e-03,2.91e+01,
8737,-8.00e-03,2.91e+01,
8738,-8.00e-03,2.95e+01,
8739,-8.00e-03,2.91e+01,
8740,-8.00e-03,2.91e+01,
8741,-8.00e-03,2.91e+01,
8742,-8.00e-03,2.95e+01,
8743,-8.00e-03,2.91e+01,
8744,-8.00e-03,2.91e+01,
8745,-8.00e-03,2.95e+01,
8746,-8.00e-03,2.95e+01,
8747,-8.00e-03,2.95e+01,
8748,-8.00e-03,2.91e+01,
8749,-8.00e-03,2.91e+01,
8750,-8.00e-03,2.91e+01,
8751,-8.00e-03,2.91e+01,
8752,-8.00e-03,2.91e+01,
8753,-8.00e-03,2.95e+01,
8754,-8.00e-03,2.95e+01,
8755,-8.00e-03,2.95e+01,
8756,-8.00e-03,2.91e+01,
8757,-8.00e-03,2.91e+01,
8758,-8.00e-03,2.91e+01,
8759,-8.00e-03,2.95e+01,
8760,-8.00e-03,2.91e+01,
8761,-8.00e-03,2.91e+01,
8762,-8.00e-03,2.95e+01,
8763,-8.00e-03,2.91e+01,
8764,-8.00e-03,2.95e+01,
8765,-8.00e-03,2.95e+01,
8766,-8.00e-03,2.95e+01,
8767,-8.00e-03,2.95e+01,
8768,-8.00e-03,2.91e+01,
8769,-8.00e-03,2.91e+01,
8770,-8.00e-03,2.95e+01,
8771,-8.00e-03,2.95e+01,
8772,-8.00e-03,2.91e+01,
8773,-8.00e-03,2.91e+01,
8774,-8.00e-03,2.95e+01,
8775,-8.00e-03,2.95e+01,
8776,-1.60e-02,2.91e+01,
8777,-8.00e-03,2.95e+01,
8778,-8.00e-03,2.95e+01,
8779,-8.00e-03,2.91e+01,
8780,-8.00e-03,2.95e+01,
8781,-8.00e-03,2.91e+01,
8782,-8.00e-03,2.95e+01,
8783,-8.00e-03,2.91e+01,
8784,-8.00e-03,2.91e+01,
8785,-8.00e-03,2.91e+01,
8786,-8.00e-03,2.95e+01,
8787,-8.00e-03,2.95e+01,
8788,-8.00e-03,2.91e+01,
8789,-8.00e-03,2.91e+01,
8790,-8.00e-03,2.95e+01,
8791,-8.00e-03,2.91e+01,
8792,-8.00e-03,2.91e+01,
8793,-8.00e-03,2.95e+01,
8794,-8.00e-03,2.95e+01,
8795,-8.00e-03,2.95e+01,
8796,-8.00e-03,2.91e+01,
8797,-8.00e-03,2.91e+01,
8798,-8.00e-03,2.95e+01,
8799,-8.00e-03,2.95e+01,
8800,-8.00e-03,2.91e+01,
8801,-8.00e-03,2.91e+01,
8802,-8.00e-03,2.91e+01,
8803,-8.00e-03,2.95e+01,
8804,-8.00e-03,2.95e+01,
8805,-8.00e-03,2.95e+01,
8806,-8.00e-03,2.95e+01,
8807,-8.00e-03,2.95e+01,
8808,-8.00e-03,2.95e+01,
8809,-8.00e-03,2.91e+01,
8810,-8.00e-03,2.91e+01,
8811,-8.00e-03,2.95e+01,
8812,-8.00e-03,2.91e+01,
8813,-8.00e-03,2.91e+01,
8814,-8.00e-03,2.95e+01,
8815,-8.00e-03,2.95e+01,
8816,-8.00e-03,2.95e+01,
8817,-8.00e-03,2.95e+01,
8818,-8.00e-03,2.95e+01,
8819,-8.00e-03,2.95e+01,
8820,-8.00e-03,2.91e+01,
8821,-8.00e-03,2.91e+01,
8822,-8.00e-03,2.95e+01,
8823,-8.00e-03,2.91e+01,
8824,-8.00e-03,2.91e+01,
8825,-8.00e-03,2.91e+01,
8826,-8.00e-03,2.95e+01,
8827,-8.00e-03,2.95e+01,
8828,-8.00e-03,2.91e+01,
8829,-8.00e-03,2.95e+01,
8830,-8.00e-03,2.95e+01,
8831,-8.00e-03,2.95e+01,
8832,-1.60e-02,2.91e+01,
8833,-8.00e-03,2.91e+01,
8834,-8.00e-03,2.95e+01,
8835,-8.00e-03,2.95e+01,
8836,-8.00e-03,2.91e+01,
8837,-8.00e-03,2.91e+01,
8838,-8.00e-03,2.95e+01,
8839,-8.00e-03,2.91e+01,
8840,-8.00e-03,2.95e+01,
8841,-8.00e-03,2.95e+01,
8842,-8.00e-03,2.95e+01,
8843,-8.00e-03,2.95e+01,
8844,-8.00e-03,2.95e+01,
8845,-8.00e-03,2.91e+01,
8846,-8.00e-03,2.95e+01,
8847,-8.00e-03,2.91e+01,
8848,-8.00e-03,2.95e+01,
8849,-8.00e-03,2.91e+01,
8850,-8.00e-03,2.95e+01,
8851,-8.00e-03,2.91e+01,
8852,-8.00e-03,2.95e+01,
8853,-8.00e-03,2.91e+01,
8854,-8.00e-03,2.91e+01,
8855,-8.00e-03,2.95e+01,
8856,-8.00e-03,2.91e+01,
8857,-8.00e-03,2.91e+01,
8858,-8.00e-03,2.95e+01,
8859,-8.00e-03,2.95e+01,
8860,-8.00e-03,2.95e+01,
8861,-8.00e-03,2.91e+01,
8862,-8.00e-03,2.95e+01,
8863,-8.00e-03,2.91e+01,
8864,-8.00e-03,2.91e+01,
8865,-8.00e-03,2.91e+01,
8866,-8.00e-03,2.95e+01,
8867,-8.00e-03,2.91e+01,
8868,-8.00e-03,2.91e+01,
8869,-8.00e-03,2.91e+01,
8870,-8.00e-03,2.95e+01,
8871,-8.00e-03,2.91e+01,
8872,-8.00e-03,2.95e+01,
8873,-8.00e-03,2.91e+01,
8874,-8.00e-03,2.95e+01,
8875,-8.00e-03,2.95e+01,
8876,-8.00e-03,2.91e+01,
8877,-8.00e-03,2.91e+01,
8878,-8.00e-03,2.95e+01,
8879,-8.00e-03,2.91e+01,
8880,-8.00e-03,2.95e+01,
8881,-8.00e-03,2.95e+01,
8882,-8.00e-03,2.95e+01,
8883,-8.00e-03,2.95e+01,
8884,-8.00e-03,2.91e+01,
8885,-8.00e-03,2.91e+01,
8886,-8.00e-03,2.95e+01,
8887,-8.00e-03,2.91e+01,
8888,-8.00e-03,2.95e+01,
8889,-8.00e-03,2.91e+01,
8890,-8.00e-03,2.95e+01,
8891,-8.00e-03,2.91e+01,
8892,-8.00e-03,2.95e+01,
8893,-8.00e-03,2.91e+01,
8894,-8.00e-03,2.95e+01,
8895,-8.00e-03,2.95e+01,
8896,-8.00e-03,2.91e+01,
8897,-8.00e-03,2.91e+01,
8898,-8.00e-03,2.95e+01,
8899,-8.00e-03,2.95e+01,
8900,-8.00e-03,2.95e+01,
8901,-8.00e-03,2.91e+01,
8902,-8.00e-03,2.95e+01,
8903,-8.00e-03,2.91e+01,
8904,-8.00e-03,2.91e+01,
8905,-8.00e-03,2.91e+01,
8906,-8.00e-03,2.95e+01,
8907,-8.00e-03,2.95e+01,
8908,-8.00e-03,2.91e+01,
8909,-8.00e-03,2.91e+01,
8910,-8.00e-03,2.95e+01,
8911,-8.00e-03,2.91e+01,
8912,-8.00e-03,2.91e+01,
8913,-8.00e-03,2.95e+01,
8914,-8.00e-03,2.95e+01,
8915,-8.00e-03,2.91e+01,
8916,-8.00e-03,2.91e+01,
8917,-8.00e-03,2.91e+01,
8918,-8.00e-03,2.95e+01,
8919,-8.00e-03,2.91e+01,
8920,-8.00e-03,2.91e+01,
8921,-8.00e-03,2.91e+01,
8922,-8.00e-03,2.95e+01,
8923,-8.00e-03,2.91e+01,
8924,-8.00e-03,2.95e+01,
8925,-8.00e-03,2.91e+01,
8926,-8.00e-03,2.95e+01,
8927,-8.00e-03,2.91e+01,
8928,-8.00e-03,2.91e+01,
8929,-8.00e-03,2.91e+01,
8930,-8.00e-03,2.95e+01,
8931,-8.00e-03,2.95e+01,
8932,-8.00e-03,2.95e+01,
8933,-8.00e-03,2.95e+01,
8934,-8.00e-03,2.95e+01,
8935,-8.00e-03,2.95e+01,
8936,-1.60e-02,2.95e+01,
8937,-8.00e-03,2.91e+01,
8938,-8.00e-03,2.95e+01,
8939,-8.00e-03,2.95e+01,
8940,-8.00e-03,2.91e+01,
8941,-8.00e-03,2.91e+01,
8942,-8.00e-03,2.95e+01,
8943,-8.00e-03,2.91e+01,
8944,-8.00e-03,2.95e+01,
8945,-8.00e-03,2.91e+01,
8946,-8.00e-03,2.95e+01,
8947,-8.00e-03,2.95e+01,
8948,-8.00e-03,2.95e+01,
8949,-8.00e-03,2.91e+01,
8950,-8.00e-03,2.95e+01,
8951,-8.00e-03,2.95e+01,
8952,-8.00e-03,2.95e+01,
8953,-8.00e-03,2.91e+01,
8954,-8.00e-03,2.95e+01,
8955,-8.00e-03,2.95e+01,
8956,-8.00e-03,2.95e+01,
8957,-8.00e-03,2.91e+01,
8958,-8.00e-03,2.95e+01,
8959,-8.00e-03,2.95e+01,
8960,-1.60e-02,2.91e+01,
8961,-8.00e-03,2.95e+01,
8962,-8.00e-03,2.95e+01,
8963,-8.00e-03,2.91e+01,
8964,-8.00e-03,2.91e+01,
8965,-8.00e-03,2.91e+01,
8966,-8.00e-03,2.95e+01,
8967,-8.00e-03,2.95e+01,
8968,-8.00e-03,2.91e+01,
8969,-8.00e-03,2.91e+01,
8970,-8.00e-03,2.95e+01,
8971,-8.00e-03,2.95e+01,
8972,-8.00e-03,2.95e+01,
8973,-8.00e-03,2.95e+01,
8974,-8.00e-03,2.95e+01,
8975,-8.00e-03,2.95e+01,
8976,-8.00e-03,2.95e+01,
8977,-8.00e-03,2.91e+01,
8978,-8.00e-03,2.95e+01,
8979,-8.00e-03,2.95e+01,
8980,-8.00e-03,2.91e+01,
8981,-8.00e-03,2.91e+01,
8982,-8.00e-03,2.95e+01,
8983,-8.00e-03,2.95e+01,
8984,-8.00e-03,2.95e+01,
8985,-8.00e-03,2.91e+01,
8986,-8.00e-03,2.95e+01,
8987,-8.00e-03,2.95e+01,
8988,-8.00e-03,2.91e+01,
8989,-8.00e-03,2.91e+01,
8990,-8.00e-03,2.95e+01,
8991,-8.00e-03,2.91e+01,
8992,-8.00e-03,2.95e+01,
8993,-8.00e-03,2.91e+01,
8994,-8.00e-03,2.95e+01,
8995,-8.00e-03,2.95e+01,
8996,-8.00e-03,2.95e+01,
8997,-8.00e-03,2.95e+01,
8998,-1.60e-02,2.95e+01,
8999,-8.00e-03,2.95e+01,
9000,-1.60e-02,2.91e+01,
9001,-8.00e-03,2.91e+01,
9002,-8.00e-03,2.95e+01,
9003,-8.00e-03,2.91e+01,
9004,-8.00e-03,2.95e+01,
9005,-8.00e-03,2.95e+01,
9006,-8.00e-03,2.95e+01,
9007,-8.00e-03,2.95e+01,
9008,-8.00e-03,2.91e+01,
9009,-8.00e-03,2.91e+01,
9010,-8.00e-03,2.95e+01,
9011,-8.00e-03,2.95e+01,
9012,-8.00e-03,2.95e+01,
9013,-8.00e-03,2.95e+01,
9014,-8.00e-03,2.95e+01,
9015,-8.00e-03,2.95e+01,
9016,-1.60e-02,2.91e+01,
9017,-1.60e-02,2.95e+01,
9018,-8.00e-03,2.95e+01,
9019,-8.00e-03,2.95e+01,
9020,-1.60e-02,2.95e+01,
9021,-8.00e-03,2.95e+01,
9022,-8.00e-03,2.95e+01,
9023,-8.00e-03,2.91e+01,
9024,-1.60e-02,2.95e+01,
9025,-8.00e-03,2.91e+01,
9026,-8.00e-03,2.95e+01,
9027,-8.00e-03,2.95e+01,
9028,-1.60e-02,2.95e+01,
9029,-8.00e-03,2.91e+01,
9030,-1.60e-02,2.95e+01,
9031,-8.00e-03,2.95e+01,
9032,-8.00e-03,2.95e+01,
9033,-8.00e-03,2.91e+01,
9034,-8.00e-03,2.95e+01,
9035,-8.00e-03,2.91e+01,
9036,-8.00e-03,2.95e+01,
9037,-8.00e-03,2.95e+01,
9038,-1.60e-02,2.95e+01,
9039,-8.00e-03,2.95e+01,
9040,-1.60e-02,2.91e+01,
9041,-8.00e-03,2.91e+01,
9042,-8.00e-03,2.95e+01,
9043,-8.00e-03,2.95e+01,
9044,-8.00e-03,2.95e+01,
9045,-8.00e-03,2.95e+01,
9046,-8.00e-03,2.95e+01,
9047,-8.00e-03,2.95e+01,
9048,-8.00e-03,2.95e+01,
9049,-8.00e-03,2.95e+01,
9050,-8.00e-03,2.95e+01,
9051,-8.00e-03,2.95e+01,
9052,-8.00e-03,2.95e+01,
9053,-8.00e-03,2.95e+01,
9054,-8.00e-03,2.95e+01,
9055,-8.00e-03,2.95e+01,
9056,-8.00e-03,2.95e+01,
9057,-8.00e-03,2.91e+01,
9058,-8.00e-03,2.95e+01,
9059,-8.00e-03,2.95e+01,
9060,-8.00e-03,2.91e+01,
9061,-8.00e-03,2.91e+01,
9062,-8.00e-03,2.95e+01,
9063,-8.00e-03,2.91e+01,
9064,-1.60e-02,2.91e+01,
9065,-8.00e-03,2.95e+01,
9066,-8.00e-03,2.95e+01,
9067,-8.00e-03,2.95e+01,
9068,-8.00e-03,2.91e+01,
9069,-8.00e-03,2.95e+01,
9070,-1.60e-02,2.95e+01,
9071,-8.00e-03,2.95e+01,
9072,-8.00e-03,2.95e+01,
9073,-8.00e-03,2.95e+01,
9074,-8.00e-03,2.95e+01,
9075,-8.00e-03,2.95e+01,
9076,-8.00e-03,2.91e+01,
9077,-8.00e-03,2.91e+01,
9078,-1.60e-02,2.95e+01,
9079,-8.00e-03,2.95e+01,
9080,-8.00e-03,2.95e+01,
9081,-8.00e-03,2.95e+01,
9082,-8.00e-03,2.95e+01,
9083,-8.00e-03,2.95e+01,
9084,-1.60e-02,2.91e+01,
9085,-8.00e-03,2.91e+01,
9086,-8.00e-03,2.95e+01,
9087,-8.00e-03,2.95e+01,
9088,-8.00e-03,2.91e+01,
9089,-8.00e-03,2.95e+01,
9090,-8.00e-03,2.95e+01,
9091,-8.00e-03,2.95e+01,
9092,-1.60e-02,2.95e+01,
9093,-8.00e-03,2.95e+01,
9094,-8.00e-03,2.95e+01,
9095,-8.00e-03,2.95e+01,
9096,-8.00e-03,2.95e+01,
9097,-8.00e-03,2.95e+01,
9098,-1.60e-02,2.95e+01,
9099,-8.00e-03,2.95e+01,
9100,-8.00e-03,2.91e+01,
9101,-8.00e-03,2.95e+01,
9102,-8.00e-03,2.95e+01,
9103,-8.00e-03,2.91e+01,
9104,-1.60e-02,2.91e+01,
9105,-8.00e-03,2.91e+01,
9106,-1.60e-02,2.95e+01,
9107,-8.00e-03,2.91e+01,
9108,-1.60e-02,2.91e+01,
9109,-8.00e-03,2.91e+01,
9110,-8.00e-03,2.95e+01,
9111,-8.00e-03,2.91e+01,
9112,-8.00e-03,2.91e+01,
9113,-8.00e-03,2.95e+01,
9114,-1.60e-02,2.95e+01,
9115,-8.00e-03,2.95e+01,
9116,-1.60e-02,2.95e+01,
9117,-8.00e-03,2.95e+01,
9118,-1.60e-02,2.95e+01,
9119,-8.00e-03,2.95e+01,
9120,-1.60e-02,2.91e+01,
9121,-8.00e-03,2.95e+01,
9122,-8.00e-03,2.95e+01,
9123,-8.00e-03,2.95e+01,
9124,-1.60e-02,2.91e+01,
9125,-8.00e-03,2.91e+01,
9126,-8.00e-03,2.95e+01,
9127,-8.00e-03,2.95e+01,
9128,-1.60e-02,2.95e+01,
9129,-8.00e-03,2.95e+01,
9130,-8.00e-03,2.95e+01,
9131,-8.00e-03,2.95e+01,
9132,-8.00e-03,2.95e+01,
9133,-8.00e-03,2.91e+01,
9134,-8.00e-03,2.95e+01,
9135,-8.00e-03,2.95e+01,
9136,-1.60e-02,2.95e+01,
9137,-8.00e-03,2.95e+01,
9138,-1.60e-02,2.95e+01,
9139,-8.00e-03,2.95e+01,
9140,-1.60e-02,2.95e+01,
9141,-8.00e-03,2.95e+01,
9142,-8.00e-03,2.95e+01,
9143,-8.00e-03,2.95e+01,
9144,-1.60e-02,2.95e+01,
9145,-8.00e-03,2.95e+01,
9146,-8.00e-03,2.95e+01,
9147,-8.00e-03,2.95e+01,
9148,-1.60e-02,2.95e+01,
9149,-1.60e-02,2.91e+01,
9150,-8.00e-03,2.95e+01,
9151,-8.00e-03,2.95e+01,
9152,-8.00e-03,2.95e+01,
9153,-8.00e-03,2.95e+01,
9154,-8.00e-03,2.95e+01,
9155,-8.00e-03,2.95e+01,
9156,-8.00e-03,2.95e+01,
9157,-8.00e-03,2.91e+01,
9158,-8.00e-03,2.95e+01,
9159,-8.00e-03,2.95e+01,
9160,-1.60e-02,2.95e+01,
9161,-8.00e-03,2.95e+01,
9162,-8.00e-03,2.95e+01,
9163,-8.00e-03,2.95e+01,
9164,-1.60e-02,2.95e+01,
9165,-8.00e-03,2.95e+01,
9166,-1.60e-02,2.95e+01,
9167,-8.00e-03,2.95e+01,
9168,-8.00e-03,2.91e+01,
9169,-8.00e-03,2.95e+01,
9170,-8.00e-03,2.95e+01,
9171,-8.00e-03,2.91e+01,
9172,-8.00e-03,2.95e+01,
9173,-8.00e-03,2.91e+01,
9174,-1.60e-02,2.95e+01,
9175,-8.00e-03,2.95e+01,
9176,-1.60e-02,2.95e+01,
9177,-8.00e-03,2.95e+01,
9178,-8.00e-03,2.95e+01,
9179,-8.00e-03,2.95e+01,
9180,-8.00e-03,2.95e+01,
9181,-1.60e-02,2.91e+01,
9182,-1.60e-02,2.95e+01,
9183,-8.00e-03,2.95e+01,
9184,-1.60e-02,2.95e+01,
9185,-8.00e-03,2.95e+01,
9186,-8.00e-03,2.95e+01,
9187,-8.00e-03,2.95e+01,
9188,-8.00e-03,2.95e+01,
9189,-8.00e-03,2.91e+01,
9190,-1.60e-02,2.95e+01,
9191,-8.00e-03,2.91e+01,
9192,-1.60e-02,2.95e+01,
9193,-8.00e-03,2.95e+01,
9194,-8.00e-03,2.91e+01,
9195,-8.00e-03,2.95e+01,
9196,-1.60e-02,2.91e+01,
9197,-8.00e-03,2.91e+01,
9198,-1.60e-02,2.95e+01,
9199,-8.00e-03,2.95e+01,
9200,-1.60e-02,2.95e+01,
9201,-8.00e-03,2.95e+01,
9202,-8.00e-03,2.95e+01,
9203,-8.00e-03,2.91e+01,
9204,-1.60e-02,2.91e+01,
9205,-8.00e-03,2.91e+01,
9206,-1.60e-02,2.95e+01,
9207,-8.00e-03,2.95e+01,
9208,-1.60e-02,2.91e+01,
9209,-8.00e-03,2.95e+01,
9210,-1.60e-02,2.95e+01,
9211,-8.00e-03,2.95e+01,
9212,-1.60e-02,2.95e+01,
9213,-8.00e-03,2.91e+01,
9214,-8.00e-03,2.95e+01,
9215,-8.00e-03,2.95e+01,
9216,-1.60e-02,2.95e+01,
9217,-8.00e-03,2.95e+01,
9218,-1.60e-02,2.95e+01,
9219,-8.00e-03,2.95e+01,
9220,-8.00e-03,2.95e+01,
9221,-8.00e-03,2.95e+01,
9222,-8.00e-03,2.95e+01,
9223,-8.00e-03,2.95e+01,
9224,-8.00e-03,2.95e+01,
9225,-8.00e-03,2.91e+01,
9226,-8.00e-03,2.95e+01,
9227,-8.00e-03,2.95e+01,
9228,-1.60e-02,2.95e+01,
9229,-8.00e-03,2.91e+01,
9230,-8.00e-03,2.95e+01,
9231,-8.00e-03,2.91e+01,
9232,-1.60e-02,2.91e+01,
9233,-8.00e-03,2.91e+01,
9234,-8.00e-03,2.95e+01,
9235,-8.00e-03,2.95e+01,
9236,-1.60e-02,2.95e+01,
9237,-8.00e-03,2.91e+01,
9238,-8.00e-03,2.95e+01,
9239,-8.00e-03,2.95e+01,
9240,-8.00e-03,2.95e+01,
9241,-8.00e-03,2.95e+01,
9242,-8.00e-03,2.95e+01,
9243,-8.00e-03,2.95e+01,
9244,-1.60e-02,2.95e+01,
9245,-8.00e-03,2.91e+01,
9246,-8.00e-03,2.95e+01,
9247,-8.00e-03,2.95e+01,
9248,-1.60e-02,2.91e+01,
9249,-8.00e-03,2.91e+01,
9250,-1.60e-02,2.95e+01,
9251,-8.00e-03,2.95e+01,
9252,-8.00e-03,2.95e+01,
9253,-8.00e-03,2.91e+01,
9254,-8.00e-03,2.95e+01,
9255,-8.00e-03,2.95e+01,
9256,-8.00e-03,2.91e+01,
9257,-8.00e-03,2.95e+01,
9258,-8.00e-03,2.95e+01,
9259,-8.00e-03,2.95e+01,
9260,-1.60e-02,2.95e+01,
9261,-8.00e-03,2.95e+01,
9262,-1.60e-02,2.95e+01,
9263,-8.00e-03,2.95e+01,
9264,-1.60e-02,2.95e+01,
9265,-8.00e-03,2.95e+01,
9266,-1.60e-02,2.95e+01,
9267,-8.00e-03,2.91e+01,
9268,-1.60e-02,2.95e+01,
9269,-8.00e-03,2.91e+01,
9270,-8.00e-03,2.95e+01,
9271,-8.00e-03,2.95e+01,
9272,-1.60e-02,2.95e+01,
9273,-8.00e-03,2.95e+01,
9274,-1.60e-02,2.95e+01,
9275,-8.00e-03,2.95e+01,
9276,-8.00e-03,2.91e+01,
9277,-8.00e-03,2.91e+01,
9278,-8.00e-03,2.95e+01,
9279,-8.00e-03,2.95e+01,
9280,-1.60e-02,2.95e+01,
9281,-8.00e-03,2.95e+01,
9282,-1.60e-02,2.95e+01,
9283,-8.00e-03,2.95e+01,
9284,-1.60e-02,2.91e+01,
9285,-1.60e-02,2.91e+01,
9286,-8.00e-03,2.95e+01,
9287,-8.00e-03,2.95e+01,
9288,-8.00e-03,2.95e+01,
9289,-8.00e-03,2.95e+01,
9290,-8.00e-03,2.95e+01,
9291,-8.00e-03,2.95e+01,
9292,-1.60e-02,2.95e+01,
9293,-8.00e-03,2.91e+01,
9294,-1.60e-02,2.95e+01,
9295,-8.00e-03,2.95e+01,
9296,-1.60e-02,2.95e+01,
9297,-1.60e-02,2.95e+01,
9298,-1.60e-02,2.95e+01,
9299,-8.00e-03,2.95e+01,
9300,-1.60e-02,2.95e+01,
9301,-8.00e-03,2.91e+01,
9302,-8.00e-03,2.95e+01,
9303,-8.00e-03,2.95e+01,
9304,-1.60e-02,2.95e+01,
9305,-8.00e-03,2.95e+01,
9306,-1.60e-02,2.91e+01,
9307,-8.00e-03,2.95e+01,
9308,-1.60e-02,2.91e+01,
9309,-1.60e-02,2.91e+01,
9310,-1.60e-02,2.95e+01,
9311,-8.00e-03,2.91e+01,
9312,-1.60e-02,2.95e+01,
9313,-8.00e-03,2.91e+01,
9314,-8.00e-03,2.95e+01,
9315,-8.00e-03,2.91e+01,
9316,-1.60e-02,2.95e+01,
9317,-8.00e-03,2.91e+01,
9318,-8.00e-03,2.95e+01,
9319,-8.00e-03,2.95e+01,
9320,-8.00e-03,2.95e+01,
9321,-8.00e-03,2.95e+01,
9322,-8.00e-03,2.95e+01,
9323,-8.00e-03,2.95e+01,
9324,-8.00e-03,2.95e+01,
9325,-1.60e-02,2.91e+01,
9326,-8.00e-03,2.95e+01,
9327,-8.00e-03,2.95e+01,
9328,-1.60e-02,2.95e+01,
9329,-8.00e-03,2.95e+01,
9330,-8.00e-03,2.95e+01,
9331,-8.00e-03,2.95e+01,
9332,-1.60e-02,2.91e+01,
9333,-8.00e-03,2.91e+01,
9334,-8.00e-03,2.95e+01,
9335,-8.00e-03,2.95e+01,
9336,-1.60e-02,2.95e+01,
9337,-8.00e-03,2.95e+01,
9338,-8.00e-03,2.95e+01,
9339,-8.00e-03,2.95e+01,
9340,-1.60e-02,2.95e+01,
9341,-8.00e-03,2.91e+01,
9342,-8.00e-03,2.95e+01,
9343,-8.00e-03,2.95e+01,
9344,-1.60e-02,2.95e+01,
9345,-8.00e-03,2.95e+01,
9346,-1.60e-02,2.95e+01,
9347,-8.00e-03,2.95e+01,
9348,-1.60e-02,2.91e+01,
9349,-8.00e-03,2.95e+01,
9350,-8.00e-03,2.95e+01,
9351,-8.00e-03,2.95e+01,
9352,-8.00e-03,2.91e+01,
9353,-8.00e-03,2.95e+01,
9354,-8.00e-03,2.95e+01,
9355,-8.00e-03,2.95e+01,
9356,-1.60e-02,2.95e+01,
9357,-8.00e-03,2.91e+01,
9358,-8.00e-03,2.95e+01,
9359,-8.00e-03,2.95e+01,
9360,-1.60e-02,2.95e+01,
9361,-8.00e-03,2.95e+01,
9362,-8.00e-03,2.95e+01,
9363,-8.00e-03,2.95e+01,
9364,-1.60e-02,2.91e+01,
9365,-8.00e-03,2.91e+01,
9366,-8.00e-03,2.95e+01,
9367,-8.00e-03,2.95e+01,
9368,-1.60e-02,2.91e+01,
9369,-8.00e-03,2.95e+01,
9370,-1.60e-02,2.95e+01,
9371,-8.00e-03,2.95e+01,
9372,-1.60e-02,2.95e+01,
9373,-8.00e-03,2.91e+01,
9374,-8.00e-03,2.95e+01,
9375,-8.00e-03,2.95e+01,
9376,-1.60e-02,2.91e+01,
9377,-1.60e-02,2.95e+01,
9378,-1.60e-02,2.95e+01,
9379,-8.00e-03,2.95e+01,
9380,-8.00e-03,2.95e+01,
9381,-8.00e-03,2.95e+01,
9382,-8.00e-03,2.95e+01,
9383,-8.00e-03,2.95e+01,
9384,-1.60e-02,2.95e+01,
9385,-8.00e-03,2.95e+01,
9386,-1.60e-02,2.95e+01,
9387,-8.00e-03,2.95e+01,
9388,-1.60e-02,2.91e+01,
9389,-1.60e-02,2.91e+01,
9390,-8.00e-03,2.95e+01,
9391,-8.00e-03,2.95e+01,
9392,-1.60e-02,2.95e+01,
9393,-8.00e-03,2.95e+01,
9394,-1.60e-02,2.95e+01,
9395,-8.00e-03,2.95e+01,
9396,-1.60e-02,2.95e+01,
9397,-1.60e-02,2.95e+01,
9398,-8.00e-03,2.95e+01,
9399,-8.00e-03,2.91e+01,
9400,-1.60e-02,2.95e+01,
9401,-8.00e-03,2.91e+01,
9402,-8.00e-03,2.95e+01,
9403,-8.00e-03,2.95e+01,
9404,-1.60e-02,2.95e+01,
9405,-8.00e-03,2.95e+01,
9406,-8.00e-03,2.95e+01,
9407,-8.00e-03,2.91e+01,
9408,-1.60e-02,2.91e+01,
9409,-8.00e-03,2.91e+01,
9410,-1.60e-02,2.95e+01,
9411,-8.00e-03,2.95e+01,
9412,-1.60e-02,2.95e+01,
9413,-8.00e-03,2.91e+01,
9414,-8.00e-03,2.95e+01,
9415,-8.00e-03,2.95e+01,
9416,-8.00e-03,2.95e+01,
9417,-1.60e-02,2.95e+01,
9418,-8.00e-03,2.95e+01,
9419,-8.00e-03,2.95e+01,
9420,-1.60e-02,2.95e+01,
9421,-8.00e-03,2.95e+01,
9422,-8.00e-03,2.95e+01,
9423,-8.00e-03,2.95e+01,
9424,-1.60e-02,2.95e+01,
9425,-8.00e-03,2.95e+01,
9426,-1.60e-02,2.95e+01,
9427,-8.00e-03,2.95e+01,
9428,-1.60e-02,2.95e+01,
9429,-1.60e-02,2.91e+01,
9430,-8.00e-03,2.95e+01,
9431,-8.00e-03,2.95e+01,
9432,-1.60e-02,2.95e+01,
9433,-8.00e-03,2.95e+01,
9434,-8.00e-03,2.95e+01,
9435,-8.00e-03,2.95e+01,
9436,-1.60e-02,2.91e+01,
9437,-1.60e-02,2.95e+01,
9438,-8.00e-03,2.95e+01,
9439,-8.00e-03,2.95e+01,
9440,-1.60e-02,2.91e+01,
9441,-1.60e-02,2.95e+01,
9442,-8.00e-03,2.95e+01,
9443,-8.00e-03,2.95e+01,
9444,-8.00e-03,2.95e+01,
9445,-8.00e-03,2.95e+01,
9446,-8.00e-03,2.95e+01,
9447,-8.00e-03,2.95e+01,
9448,-1.60e-02,2.95e+01,
9449,-1.60e-02,2.91e+01,
9450,-1.60e-02,2.95e+01,
9451,-8.00e-03,2.95e+01,
9452,-8.00e-03,2.95e+01,
9453,-8.00e-03,2.91e+01,
9454,-8.00e-03,2.95e+01,
9455,-8.00e-03,2.95e+01,
9456,-1.60e-02,2.91e+01,
9457,-8.00e-03,2.91e+01,
9458,-1.60e-02,2.95e+01,
9459,-8.00e-03,2.95e+01,
9460,-1.60e-02,2.95e+01,
9461,-1.60e-02,2.95e+01,
9462,-1.60e-02,2.95e+01,
9463,-8.00e-03,2.95e+01,
9464,-1.60e-02,2.95e+01,
9465,-8.00e-03,2.95e+01,
9466,-1.60e-02,2.95e+01,
9467,-8.00e-03,2.95e+01,
9468,-1.60e-02,2.95e+01,
9469,-8.00e-03,2.95e+01,
9470,-8.00e-03,2.95e+01,
9471,-8.00e-03,2.91e+01,
9472,-1.60e-02,2.95e+01,
9473,-8.00e-03,2.95e+01,
9474,-8.00e-03,2.95e+01,
9475,-8.00e-03,2.95e+01,
9476,-8.00e-03,2.95e+01,
9477,-8.00e-03,2.91e+01,
9478,-8.00e-03,2.95e+01,
9479,-8.00e-03,2.95e+01,
9480,-1.60e-02,2.95e+01,
9481,-1.60e-02,2.95e+01,
9482,-1.60e-02,2.95e+01,
9483,-8.00e-03,2.95e+01,
9484,-1.60e-02,2.95e+01,
9485,-8.00e-03,2.95e+01,
9486,-1.60e-02,2.95e+01,
9487,-8.00e-03,2.95e+01,
9488,-1.60e-02,2.91e+01,
9489,-8.00e-03,2.95e+01,
9490,-1.60e-02,2.95e+01,
9491,-8.00e-03,2.95e+01,
9492,-1.60e-02,2.95e+01,
9493,-8.00e-03,2.95e+01,
9494,-8.00e-03,2.95e+01,
9495,-8.00e-03,2.95e+01,
9496,-1.60e-02,2.95e+01,
9497,-8.00e-03,2.91e+01,
9498,-1.60e-02,2.95e+01,
9499,-8.00e-03,2.95e+01,
9500,-1.60e-02,2.95e+01,
9501,-8.00e-03,2.95e+01,
9502,-8.00e-03,2.95e+01,
9503,-8.00e-03,2.91e+01,
9504,-1.60e-02,2.95e+01,
9505,-8.00e-03,2.95e+01,
9506,-8.00e-03,2.95e+01,
9507,-8.00e-03,2.95e+01,
9508,-1.60e-02,2.91e+01,
9509,-8.00e-03,2.95e+01,
9510,-8.00e-03,2.95e+01,
9511,-8.00e-03,2.95e+01,
9512,-1.60e-02,2.95e+01,
9513,-1.60e-02,2.91e+01,
9514,-8.00e-03,2.95e+01,
9515,-8.00e-03,2.95e+01,
9516,-1.60e-02,2.91e+01,
9517,-8.00e-03,2.95e+01,
9518,-1.60e-02,2.95e+01,
9519,-8.00e-03,2.95e+01,
9520,-1.60e-02,2.91e+01,
9521,-8.00e-03,2.95e+01,
9522,-8.00e-03,2.95e+01,
9523,-8.00e-03,2.95e+01,
9524,-1.60e-02,2.91e+01,
9525,-1.60e-02,2.91e+01,
9526,-8.00e-03,2.95e+01,
9527,-8.00e-03,2.91e+01,
9528,-1.60e-02,2.95e+01,
9529,-1.60e-02,2.95e+01,
9530,-1.60e-02,2.95e+01,
9531,-8.00e-03,2.95e+01,
9532,-1.60e-02,2.95e+01,
9533,-1.60e-02,2.95e+01,
9534,-8.00e-03,2.95e+01,
9535,-8.00e-03,2.95e+01,
9536,-1.60e-02,2.95e+01,
9537,-8.00e-03,2.91e+01,
9538,-1.60e-02,2.91e+01,
9539,-8.00e-03,2.95e+01,
9540,-1.60e-02,2.91e+01,
9541,-1.60e-02,2.95e+01,
9542,-1.60e-02,2.95e+01,
9543,-8.00e-03,2.95e+01,
9544,-1.60e-02,2.95e+01,
9545,-8.00e-03,2.95e+01,
9546,-1.60e-02,2.95e+01,
9547,-8.00e-03,2.95e+01,
9548,-1.60e-02,2.95e+01,
9549,-1.60e-02,2.91e+01,
9550,-8.00e-03,2.95e+01,
9551,-8.00e-03,2.95e+01,
9552,-1.60e-02,2.91e+01,
9553,-1.60e-02,2.95e+01,
9554,-8.00e-03,2.95e+01,
9555,-8.00e-03,2.95e+01,
9556,-1.60e-02,2.95e+01,
9557,-1.60e-02,2.91e+01,
9558,-1.60e-02,2.95e+01,
9559,-8.00e-03,2.95e+01,
9560,-1.60e-02,2.95e+01,
9561,-1.60e-02,2.91e+01,
9562,-8.00e-03,2.95e+01,
9563,-8.00e-03,2.95e+01,
9564,-1.60e-02,2.95e+01,
9565,-8.00e-03,2.95e+01,
9566,-1.60e-02,2.95e+01,
9567,-8.00e-03,2.95e+01,
9568,-1.60e-02,2.95e+01,
9569,-8.00e-03,2.95e+01,
9570,-1.60e-02,2.95e+01,
9571,-8.00e-03,2.95e+01,
9572,-1.60e-02,2.95e+01,
9573,-1.60e-02,2.95e+01,
9574,-8.00e-03,2.95e+01,
9575,-8.00e-03,2.95e+01,
9576,-1.60e-02,2.95e+01,
9577,-8.00e-03,2.95e+01,
9578,-1.60e-02,2.95e+01,
9579,-8.00e-03,2.95e+01,
9580,-1.60e-02,2.91e+01,
9581,-1.60e-02,2.91e+01,
9582,-8.00e-03,2.95e+01,
9583,-8.00e-03,2.95e+01,
9584,-1.60e-02,2.91e+01,
9585,-1.60e-02,2.95e+01,
9586,-8.00e-03,2.95e+01,
9587,-8.00e-03,2.95e+01,
9588,-1.60e-02,2.95e+01,
9589,-8.00e-03,2.91e+01,
9590,-1.60e-02,2.95e+01,
9591,-8.00e-03,2.95e+01,
9592,-1.60e-02,2.91e+01,
9593,-1.60e-02,2.95e+01,
9594,-1.60e-02,2.95e+01,
9595,-8.00e-03,2.95e+01,
9596,-1.60e-02,2.95e+01,
9597,-1.60e-02,2.91e+01,
9598,-8.00e-03,2.95e+01,
9599,-8.00e-03,2.91e+01,
9600,-1.60e-02,2.95e+01,
9601,-8.00e-03,2.95e+01,
9602,-1.60e-02,2.95e+01,
9603,-8.00e-03,2.95e+01,
9604,-1.60e-02,2.91e+01,
9605,-1.60e-02,2.95e+01,
9606,-1.60e-02,2.95e+01,
9607,-8.00e-03,2.91e+01,
9608,-1.60e-02,2.95e+01,
9609,-8.00e-03,2.95e+01,
9610,-8.00e-03,2.95e+01,
9611,-8.00e-03,2.95e+01,
9612,-1.60e-02,2.91e+01,
9613,-1.60e-02,2.95e+01,
9614,-8.00e-03,2.95e+01,
9615,-8.00e-03,2.95e+01,
9616,-1.60e-02,2.95e+01,
9617,-8.00e-03,2.95e+01,
9618,-8.00e-03,2.95e+01,
9619,-8.00e-03,2.91e+01,
9620,-1.60e-02,2.95e+01,
9621,-8.00e-03,2.91e+01,
9622,-8.00e-03,2.95e+01,
9623,-8.00e-03,2.95e+01,
9624,-1.60e-02,2.91e+01,
9625,-1.60e-02,2.95e+01,
9626,-8.00e-03,2.95e+01,
9627,-8.00e-03,2.95e+01,
9628,-1.60e-02,2.95e+01,
9629,-1.60e-02,2.95e+01,
9630,-1.60e-02,2.95e+01,
9631,-8.00e-03,2.95e+01,
9632,-8.00e-03,2.95e+01,
9633,-1.60e-02,2.91e+01,
9634,-1.60e-02,2.95e+01,
9635,-8.00e-03,2.95e+01,
9636,-1.60e-02,2.95e+01,
9637,-1.60e-02,2.95e+01,
9638,-1.60e-02,2.95e+01,
9639,-8.00e-03,2.95e+01,
9640,-1.60e-02,2.91e+01,
9641,-8.00e-03,2.95e+01,
9642,-8.00e-03,2.95e+01,
9643,-8.00e-03,2.91e+01,
9644,-1.60e-02,2.95e+01,
9645,-8.00e-03,2.95e+01,
9646,-1.60e-02,2.95e+01,
9647,-8.00e-03,2.95e+01,
9648,-1.60e-02,2.95e+01,
9649,-8.00e-03,2.95e+01,
9650,-1.60e-02,2.95e+01,
9651,-8.00e-03,2.95e+01,
9652,-1.60e-02,2.95e+01,
9653,-8.00e-03,2.95e+01,
9654,-1.60e-02,2.95e+01,
9655,-8.00e-03,2.95e+01,
9656,-8.00e-03,2.95e+01,
9657,-1.60e-02,2.95e+01,
9658,-1.60e-02,2.95e+01,
9659,-8.00e-03,2.95e+01,
9660,-1.60e-02,2.95e+01,
9661,-1.60e-02,2.91e+01,
9662,-8.00e-03,2.95e+01,
9663,-8.00e-03,2.95e+01,
9664,-8.00e-03,2.95e+01,
9665,-8.00e-03,2.95e+01,
9666,-1.60e-02,2.91e+01,
9667,-8.00e-03,2.95e+01,
9668,-1.60e-02,2.95e+01,
9669,-1.60e-02,2.95e+01,
9670,-8.00e-03,2.95e+01,
9671,-8.00e-03,2.95e+01,
9672,-1.60e-02,2.95e+01,
9673,-1.60e-02,2.95e+01,
9674,-1.60e-02,2.95e+01,
9675,-8.00e-03,2.95e+01,
9676,-1.60e-02,2.95e+01,
9677,-1.60e-02,2.95e+01,
9678,-8.00e-03,2.95e+01,
9679,-8.00e-03,2.95e+01,
9680,-1.60e-02,2.95e+01,
9681,-1.60e-02,2.95e+01,
9682,-1.60e-02,2.95e+01,
9683,-8.00e-03,2.95e+01,
9684,-1.60e-02,2.91e+01,
9685,-1.60e-02,2.91e+01,
9686,-8.00e-03,2.95e+01,
9687,-8.00e-03,2.95e+01,
9688,-1.60e-02,2.95e+01,
9689,-8.00e-03,2.95e+01,
9690,-8.00e-03,2.95e+01,
9691,-8.00e-03,2.91e+01,
9692,-1.60e-02,2.95e+01,
9693,-1.60e-02,2.95e+01,
9694,-1.60e-02,2.95e+01,
9695,-8.00e-03,2.95e+01,
9696,-1.60e-02,2.95e+01,
9697,-1.60e-02,2.95e+01,
9698,-8.00e-03,2.95e+01,
9699,-8.00e-03,2.95e+01,
9700,-1.60e-02,2.95e+01,
9701,-1.60e-02,2.95e+01,
9702,-8.00e-03,2.95e+01,
9703,-8.00e-03,2.95e+01,
9704,-1.60e-02,2.91e+01,
9705,-1.60e-02,2.95e+01,
9706,-1.60e-02,2.95e+01,
9707,-8.00e-03,2.95e+01,
9708,-1.60e-02,2.95e+01,
9709,-8.00e-03,2.95e+01,
9710,-8.00e-03,2.95e+01,
9711,-8.00e-03,2.95e+01,
9712,-1.60e-02,2.95e+01,
9713,-8.00e-03,2.95e+01,
9714,-1.60e-02,2.95e+01,
9715,-8.00e-03,2.95e+01,
9716,-1.60e-02,2.95e+01,
9717,-1.60e-02,2.95e+01,
9718,-1.60e-02,2.95e+01,
9719,-8.00e-03,2.95e+01,
9720,-1.60e-02,2.95e+01,
9721,-8.00e-03,2.95e+01,
9722,-1.60e-02,2.95e+01,
9723,-8.00e-03,2.95e+01,
9724,-1.60e-02,2.95e+01,
9725,-8.00e-03,2.95e+01,
9726,-1.60e-02,2.95e+01,
9727,-1.60e-02,2.95e+01,
9728,-1.60e-02,2.95e+01,
9729,-1.60e-02,2.95e+01,
9730,-1.60e-02,2.95e+01,
9731,-8.00e-03,2.95e+01,
9732,-1.60e-02,2.95e+01,
9733,-1.60e-02,2.95e+01,
9734,-1.60e-02,2.95e+01,
9735,-8.00e-03,2.95e+01,
9736,-1.60e-02,2.95e+01,
9737,-8.00e-03,2.95e+01,
9738,-1.60e-02,2.95e+01,
9739,-8.00e-03,2.95e+01,
9740,-1.60e-02,2.95e+01,
9741,-1.60e-02,2.91e+01,
9742,-1.60e-02,2.95e+01,
9743,-8.00e-03,2.95e+01,
9744,-1.60e-02,2.91e+01,
9745,-8.00e-03,2.95e+01,
9746,-8.00e-03,2.95e+01,
9747,-8.00e-03,2.91e+01,
9748,-1.60e-02,2.95e+01,
9749,-1.60e-02,2.95e+01,
9750,-1.60e-02,2.95e+01,
9751,-8.00e-03,2.91e+01,
9752,-1.60e-02,2.95e+01,
9753,-1.60e-02,2.95e+01,
9754,-1.60e-02,2.95e+01,
9755,-8.00e-03,2.95e+01,
9756,-1.60e-02,2.95e+01,
9757,-1.60e-02,2.91e+01,
9758,-8.00e-03,2.95e+01,
9759,-8.00e-03,2.91e+01,
9760,-1.60e-02,2.95e+01,
9761,-8.00e-03,2.91e+01,
9762,-1.60e-02,2.95e+01,
9763,-8.00e-03,2.91e+01,
9764,-1.60e-02,2.95e+01,
9765,-1.60e-02,2.91e+01,
9766,-1.60e-02,2.95e+01,
9767,-8.00e-03,2.95e+01,
9768,-1.60e-02,2.91e+01,
9769,-1.60e-02,2.95e+01,
9770,-1.60e-02,2.95e+01,
9771,-8.00e-03,2.95e+01,
9772,-1.60e-02,2.95e+01,
9773,-1.60e-02,2.91e+01,
9774,-1.60e-02,2.95e+01,
9775,-8.00e-03,2.91e+01,
9776,-1.60e-02,2.95e+01,
9777,-1.60e-02,2.95e+01,
9778,-1.60e-02,2.95e+01,
9779,-8.00e-03,2.95e+01,
9780,-1.60e-02,2.91e+01,
9781,-1.60e-02,2.91e+01,
9782,-1.60e-02,2.95e+01,
9783,-8.00e-03,2.95e+01,
9784,-8.00e-03,2.95e+01,
9785,-8.00e-03,2.95e+01,
9786,-1.60e-02,2.95e+01,
9787,-8.00e-03,2.95e+01,
9788,-1.60e-02,2.95e+01,
9789,-8.00e-03,2.91e+01,
9790,-1.60e-02,2.95e+01,
9791,-1.60e-02,2.95e+01,
9792,-1.60e-02,2.91e+01,
9793,-1.60e-02,2.95e+01,
9794,-1.60e-02,2.95e+01,
9795,-8.00e-03,2.95e+01,
9796,-8.00e-03,2.95e+01,
9797,-8.00e-03,2.95e+01,
9798,-1.60e-02,2.95e+01,
9799,-8.00e-03,2.95e+01,
9800,-1.60e-02,2.95e+01,
9801,-8.00e-03,2.95e+01,
9802,-8.00e-03,2.95e+01,
9803,-8.00e-03,2.95e+01,
9804,-1.60e-02,2.91e+01,
9805,-1.60e-02,2.91e+01,
9806,-1.60e-02,2.95e+01,
9807,-8.00e-03,2.95e+01,
9808,-1.60e-02,2.91e+01,
9809,-1.60e-02,2.95e+01,
9810,-1.60e-02,2.95e+01,
9811,-8.00e-03,2.95e+01,
9812,-1.60e-02,2.95e+01,
9813,-1.60e-02,2.91e+01,
9814,-1.60e-02,2.95e+01,
9815,-8.00e-03,2.95e+01,
9816,-1.60e-02,2.95e+01,
9817,-1.60e-02,2.91e+01,
9818,-1.60e-02,2.95e+01,
9819,-8.00e-03,2.95e+01,
9820,-1.60e-02,2.91e+01,
9821,-1.60e-02,2.91e+01,
9822,-8.00e-03,2.95e+01,
9823,-8.00e-03,2.95e+01,
9824,-1.60e-02,2.95e+01,
9825,-1.60e-02,2.95e+01,
9826,-1.60e-02,2.95e+01,
9827,-8.00e-03,2.95e+01,
9828,-1.60e-02,2.95e+01,
9829,-1.60e-02,2.91e+01,
9830,-8.00e-03,2.95e+01,
9831,-1.60e-02,2.95e+01,
9832,-1.60e-02,2.95e+01,
9833,-1.60e-02,2.95e+01,
9834,-1.60e-02,2.95e+01,
9835,-8.00e-03,2.95e+01,
9836,-1.60e-02,2.91e+01,
9837,-1.60e-02,2.95e+01,
9838,-8.00e-03,2.95e+01,
9839,-8.00e-03,2.95e+01,
9840,-1.60e-02,2.91e+01,
9841,-1.60e-02,2.95e+01,
9842,-1.60e-02,2.95e+01,
9843,-8.00e-03,2.91e+01,
9844,-1.60e-02,2.95e+01,
9845,-1.60e-02,2.95e+01,
9846,-1.60e-02,2.95e+01,
9847,-8.00e-03,2.91e+01,
9848,-1.60e-02,2.95e+01,
9849,-1.60e-02,2.95e+01,
9850,-1.60e-02,2.95e+01,
9851,-8.00e-03,2.91e+01,
9852,-1.60e-02,2.95e+01,
9853,-1.60e-02,2.91e+01,
9854,-8.00e-03,2.95e+01,
9855,-8.00e-03,2.95e+01,
9856,-1.60e-02,2.95e+01,
9857,-1.60e-02,2.95e+01,
9858,-1.60e-02,2.95e+01,
9859,-8.00e-03,2.91e+01,
9860,-1.60e-02,2.95e+01,
9861,-1.60e-02,2.91e+01,
9862,-1.60e-02,2.95e+01,
9863,-8.00e-03,2.95e+01,
9864,-1.60e-02,2.91e+01,
9865,-8.00e-03,2.95e+01,
9866,-1.60e-02,2.95e+01,
9867,-8.00e-03,2.91e+01,
9868,-1.60e-02,2.91e+01,
9869,-1.60e-02,2.91e+01,
9870,-1.60e-02,2.95e+01,
9871,-8.00e-03,2.95e+01,
9872,-1.60e-02,2.95e+01,
9873,-1.60e-02,2.95e+01,
9874,-1.60e-02,2.95e+01,
9875,-8.00e-03,2.95e+01,
9876,-1.60e-02,2.91e+01,
9877,-1.60e-02,2.95e+01,
9878,-1.60e-02,2.95e+01,
9879,-8.00e-03,2.91e+01,
9880,-1.60e-02,2.95e+01,
9881,-1.60e-02,2.91e+01,
9882,-1.60e-02,2.95e+01,
9883,-8.00e-03,2.91e+01,
9884,-1.60e-02,2.95e+01,
9885,-1.60e-02,2.91e+01,
9886,-1.60e-02,2.95e+01,
9887,-8.00e-03,2.95e+01,
9888,-1.60e-02,2.95e+01,
9889,-1.60e-02,2.91e+01,
9890,-1.60e-02,2.95e+01,
9891,-8.00e-03,2.95e+01,
9892,-1.60e-02,2.95e+01,
9893,-1.60e-02,2.91e+01,
9894,-1.60e-02,2.95e+01,
9895,-8.00e-03,2.95e+01,
9896,-1.60e-02,2.95e+01,
9897,-8.00e-03,2.95e+01,
9898,-1.60e-02,2.95e+01,
9899,-8.00e-03,2.91e+01,
9900,-1.60e-02,2.91e+01,
9901,-1.60e-02,2.91e+01,
9902,-1.60e-02,2.95e+01,
9903,-8.00e-03,2.95e+01,
9904,-1.60e-02,2.91e+01,
9905,-1.60e-02,2.95e+01,
9906,-8.00e-03,2.95e+01,
9907,-8.00e-03,2.95e+01,
9908,-1.60e-02,2.91e+01,
9909,-1.60e-02,2.91e+01,
9910,-1.60e-02,2.95e+01,
9911,-1.60e-02,2.95e+01,
9912,-1.60e-02,2.95e+01,
9913,-1.60e-02,2.91e+01,
9914,-1.60e-02,2.91e+01,
9915,-8.00e-03,2.95e+01,
9916,-1.60e-02,2.95e+01,
9917,-1.60e-02,2.91e+01,
9918,-1.60e-02,2.95e+01,
9919,-8.00e-03,2.95e+01,
9920,-1.60e-02,2.91e+01,
9921,-8.00e-03,2.91e+01,
9922,-1.60e-02,2.95e+01,
9923,-8.00e-03,2.95e+01,
9924,-1.60e-02,2.95e+01,
9925,-1.60e-02,2.91e+01,
9926,-1.60e-02,2.95e+01,
9927,-8.00e-03,2.95e+01,
9928,-1.60e-02,2.91e+01,
9929,-1.60e-02,2.95e+01,
9930,-1.60e-02,2.95e+01,
9931,-8.00e-03,2.95e+01,
9932,-1.60e-02,2.95e+01,
9933,-1.60e-02,2.95e+01,
9934,-1.60e-02,2.95e+01,
9935,-8.00e-03,2.91e+01,
9936,-1.60e-02,2.95e+01,
9937,-1.60e-02,2.95e+01,
9938,-1.60e-02,2.95e+01,
9939,-8.00e-03,2.91e+01,
9940,-1.60e-02,2.95e+01,
9941,-1.60e-02,2.95e+01,
9942,-1.60e-02,2.95e+01,
9943,-8.00e-03,2.95e+01,
9944,-1.60e-02,2.91e+01,
9945,-1.60e-02,2.95e+01,
9946,-8.00e-03,2.95e+01,
9947,-8.00e-03,2.95e+01,
9948,-1.60e-02,2.95e+01,
9949,-1.60e-02,2.91e+01,
9950,-1.60e-02,2.95e+01,
9951,-1.60e-02,2.91e+01,
9952,-1.60e-02,2.91e+01,
9953,-1.60e-02,2.95e+01,
9954,-1.60e-02,2.95e+01,
9955,-8.00e-03,2.95e+01,
9956,-1.60e-02,2.95e+01,
9957,-1.60e-02,2.91e+01,
9958,-1.60e-02,2.95e+01,
9959,-8.00e-03,2.95e+01,
9960,-1.60e-02,2.91e+01,
9961,-1.60e-02,2.91e+01,
9962,-8.00e-03,2.95e+01,
9963,-8.00e-03,2.91e+01,
9964,-1.60e-02,2.91e+01,
9965,-1.60e-02,2.91e+01,
9966,-8.00e-03,2.95e+01,
9967,-8.00e-03,2.95e+01,
9968,-1.60e-02,2.95e+01,
9969,-8.00e-03,2.95e+01,
9970,-1.60e-02,2.95e+01,
9971,-8.00e-03,2.91e+01,
9972,-1.60e-02,2.91e+01,
9973,-1.60e-02,2.91e+01,
9974,-8.00e-03,2.95e+01,
9975,-8.00e-03,2.95e+01,
9976,-1.60e-02,2.91e+01,
9977,-1.60e-02,2.95e+01,
9978,-1.60e-02,2.95e+01,
9979,-8.00e-03,2.91e+01,
9980,-1.60e-02,2.95e+01,
9981,-1.60e-02,2.91e+01,
9982,-1.60e-02,2.95e+01,
9983,-1.60e-02,2.91e+01,
9984,-1.60e-02,2.91e+01,
9985,-1.60e-02,2.91e+01,
9986,-1.60e-02,2.95e+01,
9987,-8.00e-03,2.95e+01,
9988,-1.60e-02,2.95e+01,
9989,-8.00e-03,2.95e+01,
9990,-1.60e-02,2.95e+01,
9991,-8.00e-03,2.95e+01,
9992,-1.60e-02,2.91e+01,
9993,-1.60e-02,2.95e+01,
9994,-1.60e-02,2.95e+01,
9995,-8.00e-03,2.95e+01,
9996,-1.60e-02,2.91e+01,
9997,-1.60e-02,2.91e+01,
9998,-1.60e-02,2.95e+01,
9999,-1.60e-02,2.95e+01,
10000,-1.60e-02,2.91e+01,
10001,-1.60e-02,2.91e+01,
10002,-1.60e-02,2.95e+01,
10003,-8.00e-03,2.91e+01,
10004,-1.60e-02,2.95e+01,
10005,-1.60e-02,2.91e+01,
10006,-1.60e-02,2.95e+01,
10007,-8.00e-03,2.95e+01,
10008,-1.60e-02,2.91e+01,
10009,-1.60e-02,2.95e+01,
10010,-1.60e-02,2.95e+01,
10011,-8.00e-03,2.95e+01,
10012,-1.60e-02,2.91e+01,
10013,-1.60e-02,2.91e+01,
10014,-1.60e-02,2.95e+01,
10015,-8.00e-03,2.95e+01,
10016,-1.60e-02,2.91e+01,
10017,-1.60e-02,2.95e+01,
10018,-1.60e-02,2.95e+01,
10019,-8.00e-03,2.91e+01,
10020,-1.60e-02,2.91e+01,
10021,-1.60e-02,2.95e+01,
10022,-1.60e-02,2.95e+01,
10023,-8.00e-03,2.95e+01,
10024,-1.60e-02,2.95e+01,
10025,-1.60e-02,2.91e+01,
10026,-1.60e-02,2.95e+01,
10027,-8.00e-03,2.95e+01,
10028,-1.60e-02,2.95e+01,
10029,-1.60e-02,2.91e+01,
10030,-1.60e-02,2.95e+01,
10031,-1.60e-02,2.91e+01,
10032,-1.60e-02,2.95e+01,
10033,-1.60e-02,2.95e+01,
10034,-1.60e-02,2.95e+01,
10035,-8.00e-03,2.95e+01,
10036,-1.60e-02,2.91e+01,
10037,-1.60e-02,2.91e+01,
10038,-1.60e-02,2.95e+01,
10039,-8.00e-03,2.95e+01,
10040,-1.60e-02,2.95e+01,
10041,-1.60e-02,2.91e+01,
10042,-1.60e-02,2.95e+01,
10043,-8.00e-03,2.95e+01,
10044,-1.60e-02,2.95e+01,
10045,-1.60e-02,2.95e+01,
10046,-1.60e-02,2.95e+01,
10047,-1.60e-02,2.95e+01,
10048,-1.60e-02,2.95e+01,
10049,-1.60e-02,2.91e+01,
10050,-1.60e-02,2.95e+01,
10051,-1.60e-02,2.91e+01,
10052,-1.60e-02,2.95e+01,
10053,-1.60e-02,2.91e+01,
10054,-1.60e-02,2.95e+01,
10055,-8.00e-03,2.91e+01,
10056,-1.60e-02,2.91e+01,
10057,-1.60e-02,2.91e+01,
10058,-1.60e-02,2.95e+01,
10059,-1.60e-02,2.91e+01,
10060,-1.60e-02,2.95e+01,
10061,-8.00e-03,2.91e+01,
10062,-1.60e-02,2.95e+01,
10063,-8.00e-03,2.91e+01,
10064,-1.60e-02,2.95e+01,
10065,-1.60e-02,2.95e+01,
10066,-1.60e-02,2.95e+01,
10067,-8.00e-03,2.95e+01,
10068,-1.60e-02,2.95e+01,
10069,-8.00e-03,2.91e+01,
10070,-1.60e-02,2.95e+01,
10071,-8.00e-03,2.91e+01,
10072,-1.60e-02,2.95e+01,
10073,-8.00e-03,2.95e+01,
10074,-1.60e-02,2.95e+01,
10075,-8.00e-03,2.91e+01,
10076,-1.60e-02,2.95e+01,
10077,-1.60e-02,2.91e+01,
10078,-1.60e-02,2.95e+01,
10079,-8.00e-03,2.95e+01,
10080,-1.60e-02,2.91e+01,
10081,-1.60e-02,2.95e+01,
10082,-1.60e-02,2.95e+01,
10083,-1.60e-02,2.91e+01,
10084,-1.60e-02,2.95e+01,
10085,-1.60e-02,2.91e+01,
10086,-1.60e-02,2.95e+01,
10087,-8.00e-03,2.91e+01,
10088,-1.60e-02,2.91e+01,
10089,-1.60e-02,2.91e+01,
10090,-1.60e-02,2.95e+01,
10091,-8.00e-03,2.91e+01,
10092,-1.60e-02,2.95e+01,
10093,-1.60e-02,2.91e+01,
10094,-1.60e-02,2.95e+01,
10095,-8.00e-03,2.95e+01,
10096,-1.60e-02,2.91e+01,
10097,-1.60e-02,2.95e+01,
10098,-1.60e-02,2.95e+01,
10099,-1.60e-02,2.95e+01,
10100,-1.60e-02,2.95e+01,
10101,-1.60e-02,2.91e+01,
10102,-1.60e-02,2.95e+01,
10103,-8.00e-03,2.91e+01,
10104,-1.60e-02,2.95e+01,
10105,-8.00e-03,2.95e+01,
10106,-1.60e-02,2.95e+01,
10107,-8.00e-03,2.95e+01,
10108,-1.60e-02,2.91e+01,
10109,-1.60e-02,2.91e+01,
10110,-8.00e-03,2.95e+01,
10111,-8.00e-03,2.91e+01,
10112,-1.60e-02,2.91e+01,
10113,-8.00e-03,2.95e+01,
10114,-1.60e-02,2.95e+01,
10115,-1.60e-02,2.91e+01,
10116,-1.60e-02,2.91e+01,
10117,-1.60e-02,2.91e+01,
10118,-1.60e-02,2.95e+01,
10119,-8.00e-03,2.95e+01,
10120,-1.60e-02,2.91e+01,
10121,-1.60e-02,2.95e+01,
10122,-1.60e-02,2.95e+01,
10123,-8.00e-03,2.95e+01,
10124,-1.60e-02,2.95e+01,
10125,-1.60e-02,2.91e+01,
10126,-1.60e-02,2.95e+01,
10127,-1.60e-02,2.95e+01,
10128,-1.60e-02,2.91e+01,
10129,-1.60e-02,2.95e+01,
10130,-1.60e-02,2.95e+01,
10131,-8.00e-03,2.91e+01,
10132,-1.60e-02,2.95e+01,
10133,-8.00e-03,2.91e+01,
10134,-1.60e-02,2.95e+01,
10135,-8.00e-03,2.95e+01,
10136,-1.60e-02,2.91e+01,
10137,-1.60e-02,2.95e+01,
10138,-1.60e-02,2.91e+01,
10139,-8.00e-03,2.95e+01,
10140,-1.60e-02,2.95e+01,
10141,-1.60e-02,2.91e+01,
10142,-8.00e-03,2.95e+01,
10143,-8.00e-03,2.95e+01,
10144,-1.60e-02,2.95e+01,
10145,-1.60e-02,2.95e+01,
10146,-1.60e-02,2.95e+01,
10147,-8.00e-03,2.91e+01,
10148,-1.60e-02,2.95e+01,
10149,-1.60e-02,2.91e+01,
10150,-1.60e-02,2.95e+01,
10151,-1.60e-02,2.95e+01,
10152,-1.60e-02,2.91e+01,
10153,-1.60e-02,2.91e+01,
10154,-1.60e-02,2.95e+01,
10155,-8.00e-03,2.95e+01,
10156,-1.60e-02,2.91e+01,
10157,-1.60e-02,2.91e+01,
10158,-1.60e-02,2.95e+01,
10159,-8.00e-03,2.91e+01,
10160,-1.60e-02,2.91e+01,
10161,-1.60e-02,2.95e+01,
10162,-1.60e-02,2.95e+01,
10163,-8.00e-03,2.95e+01,
10164,-1.60e-02,2.91e+01,
10165,-1.60e-02,2.91e+01,
10166,-1.60e-02,2.95e+01,
10167,-8.00e-03,2.95e+01,
10168,-1.60e-02,2.95e+01,
10169,-1.60e-02,2.95e+01,
10170,-1.60e-02,2.95e+01,
10171,-8.00e-03,2.91e+01,
10172,-1.60e-02,2.91e+01,
10173,-1.60e-02,2.95e+01,
10174,-8.00e-03,2.95e+01,
10175,-8.00e-03,2.95e+01,
10176,-1.60e-02,2.95e+01,
10177,-1.60e-02,2.91e+01,
10178,-1.60e-02,2.95e+01,
10179,-8.00e-03,2.91e+01,
10180,-1.60e-02,2.95e+01,
10181,-1.60e-02,2.91e+01,
10182,-1.60e-02,2.95e+01,
10183,-8.00e-03,2.95e+01,
10184,-1.60e-02,2.91e+01,
10185,-1.60e-02,2.91e+01,
10186,-1.60e-02,2.95e+01,
10187,-8.00e-03,2.91e+01,
10188,-1.60e-02,2.91e+01,
10189,-1.60e-02,2.91e+01,
10190,-1.60e-02,2.95e+01,
10191,-8.00e-03,2.95e+01,
10192,-1.60e-02,2.95e+01,
10193,-1.60e-02,2.91e+01,
10194,-1.60e-02,2.95e+01,
10195,-8.00e-03,2.95e+01,
10196,-1.60e-02,2.91e+01,
10197,-1.60e-02,2.91e+01,
10198,-1.60e-02,2.95e+01,
10199,-8.00e-03,2.91e+01,
10200,-1.60e-02,2.91e+01,
10201,-1.60e-02,2.95e+01,
10202,-1.60e-02,2.95e+01,
10203,-8.00e-03,2.95e+01,
10204,-1.60e-02,2.95e+01,
10205,-1.60e-02,2.95e+01,
10206,-1.60e-02,2.95e+01,
10207,-8.00e-03,2.95e+01,
10208,-1.60e-02,2.91e+01,
10209,-1.60e-02,2.91e+01,
10210,-1.60e-02,2.95e+01,
10211,-8.00e-03,2.91e+01,
10212,-1.60e-02,2.95e+01,
10213,-1.60e-02,2.95e+01,
10214,-1.60e-02,2.95e+01,
10215,-8.00e-03,2.91e+01,
10216,-1.60e-02,2.91e+01,
10217,-1.60e-02,2.91e+01,
10218,-1.60e-02,2.95e+01,
10219,-8.00e-03,2.91e+01,
10220,-1.60e-02,2.91e+01,
10221,-1.60e-02,2.95e+01,
10222,-1.60e-02,2.95e+01,
10223,-8.00e-03,2.91e+01,
10224,-1.60e-02,2.91e+01,
10225,-1.60e-02,2.91e+01,
10226,-1.60e-02,2.91e+01,
10227,-8.00e-03,2.91e+01,
10228,-1.60e-02,2.91e+01,
10229,-1.60e-02,2.91e+01,
10230,-1.60e-02,2.95e+01,
10231,-8.00e-03,2.95e+01,
10232,-1.60e-02,2.91e+01,
10233,-1.60e-02,2.91e+01,
10234,-1.60e-02,2.95e+01,
10235,-8.00e-03,2.91e+01,
10236,-1.60e-02,2.95e+01,
10237,-1.60e-02,2.91e+01,
10238,-1.60e-02,2.95e+01,
10239,-8.00e-03,2.91e+01,
10240,-1.60e-02,2.91e+01,
10241,-8.00e-03,2.95e+01,
10242,-1.60e-02,2.95e+01,
10243,-8.00e-03,2.95e+01,
10244,-1.60e-02,2.91e+01,
10245,-1.60e-02,2.91e+01,
10246,-1.60e-02,2.95e+01,
10247,-8.00e-03,2.95e+01,
10248,-1.60e-02,2.95e+01,
10249,-1.60e-02,2.91e+01,
10250,-1.60e-02,2.95e+01,
10251,-8.00e-03,2.95e+01,
10252,-1.60e-02,2.91e+01,
10253,-1.60e-02,2.91e+01,
10254,-1.60e-02,2.95e+01,
10255,-1.60e-02,2.91e+01,
10256,-1.60e-02,2.91e+01,
10257,-1.60e-02,2.95e+01,
10258,-1.60e-02,2.95e+01,
10259,-8.00e-03,2.95e+01,
10260,-1.60e-02,2.91e+01,
10261,-8.00e-03,2.91e+01,
10262,-1.60e-02,2.95e+01,
10263,-1.60e-02,2.91e+01,
10264,-1.60e-02,2.91e+01,
10265,-1.60e-02,2.91e+01,
10266,-1.60e-02,2.95e+01,
10267,-8.00e-03,2.95e+01,
10268,-1.60e-02,2.91e+01,
10269,-1.60e-02,2.91e+01,
10270,-1.60e-02,2.95e+01,
10271,-8.00e-03,2.95e+01,
10272,-1.60e-02,2.91e+01,
10273,-1.60e-02,2.91e+01,
10274,-1.60e-02,2.95e+01,
10275,-1.60e-02,2.95e+01,
10276,-1.60e-02,2.95e+01,
10277,-1.60e-02,2.91e+01,
10278,-1.60e-02,2.95e+01,
10279,-1.60e-02,2.95e+01,
10280,-1.60e-02,2.91e+01,
10281,-8.00e-03,2.91e+01,
10282,-1.60e-02,2.95e+01,
10283,-8.00e-03,2.95e+01,
10284,-1.60e-02,2.95e+01,
10285,-1.60e-02,2.95e+01,
10286,-1.60e-02,2.95e+01,
10287,-8.00e-03,2.91e+01,
10288,-1.60e-02,2.91e+01,
10289,-1.60e-02,2.91e+01,
10290,-1.60e-02,2.95e+01,
10291,-8.00e-03,2.91e+01,
10292,-1.60e-02,2.95e+01,
10293,-1.60e-02,2.91e+01,
10294,-1.60e-02,2.95e+01,
10295,-8.00e-03,2.95e+01,
10296,-1.60e-02,2.91e+01,
10297,-1.60e-02,2.91e+01,
10298,-1.60e-02,2.91e+01,
10299,-8.00e-03,2.95e+01,
10300,-1.60e-02,2.91e+01,
10301,-1.60e-02,2.91e+01,
10302,-1.60e-02,2.95e+01,
10303,-1.60e-02,2.91e+01,
10304,-1.60e-02,2.91e+01,
10305,-1.60e-02,2.91e+01,
10306,-1.60e-02,2.91e+01,
10307,-8.00e-03,2.91e+01,
10308,-1.60e-02,2.95e+01,
10309,-1.60e-02,2.91e+01,
10310,-1.60e-02,2.95e+01,
10311,-1.60e-02,2.91e+01,
10312,-1.60e-02,2.91e+01,
10313,-1.60e-02,2.91e+01,
10314,-1.60e-02,2.95e+01,
10315,-8.00e-03,2.91e+01,
10316,-1.60e-02,2.95e+01,
10317,-1.60e-02,2.91e+01,
10318,-1.60e-02,2.95e+01,
10319,-8.00e-03,2.91e+01,
10320,-1.60e-02,2.91e+01,
10321,-1.60e-02,2.95e+01,
10322,-1.60e-02,2.95e+01,
10323,-8.00e-03,2.91e+01,
10324,-1.60e-02,2.91e+01,
10325,-1.60e-02,2.91e+01,
10326,-1.60e-02,2.95e+01,
10327,-8.00e-03,2.95e+01,
10328,-1.60e-02,2.91e+01,
10329,-1.60e-02,2.91e+01,
10330,-1.60e-02,2.95e+01,
10331,-8.00e-03,2.91e+01,
10332,-1.60e-02,2.95e+01,
10333,-1.60e-02,2.91e+01,
10334,-1.60e-02,2.95e+01,
10335,-1.60e-02,2.91e+01,
10336,-1.60e-02,2.95e+01,
10337,-1.60e-02,2.95e+01,
10338,-1.60e-02,2.95e+01,
10339,-8.00e-03,2.91e+01,
10340,-1.60e-02,2.91e+01,
10341,-1.60e-02,2.91e+01,
10342,-1.60e-02,2.95e+01,
10343,-8.00e-03,2.95e+01,
10344,-1.60e-02,2.95e+01,
10345,-1.60e-02,2.95e+01,
10346,-1.60e-02,2.91e+01,
10347,-8.00e-03,2.95e+01,
10348,-1.60e-02,2.91e+01,
10349,-1.60e-02,2.95e+01,
10350,-1.60e-02,2.95e+01,
10351,-8.00e-03,2.91e+01,
10352,-1.60e-02,2.91e+01,
10353,-1.60e-02,2.91e+01,
10354,-1.60e-02,2.95e+01,
10355,-8.00e-03,2.95e+01,
10356,-1.60e-02,2.91e+01,
10357,-1.60e-02,2.91e+01,
10358,-1.60e-02,2.95e+01,
10359,-8.00e-03,2.91e+01,
10360,-1.60e-02,2.91e+01,
10361,-1.60e-02,2.91e+01,
10362,-1.60e-02,2.95e+01,
10363,-8.00e-03,2.91e+01,
10364,-1.60e-02,2.95e+01,
10365,-1.60e-02,2.91e+01,
10366,-1.60e-02,2.95e+01,
10367,-8.00e-03,2.95e+01,
10368,-1.60e-02,2.91e+01,
10369,-8.00e-03,2.95e+01,
10370,-1.60e-02,2.91e+01,
10371,-8.00e-03,2.91e+01,
10372,-1.60e-02,2.91e+01,
10373,-1.60e-02,2.91e+01,
10374,-1.60e-02,2.95e+01,
10375,-8.00e-03,2.95e+01,
10376,-1.60e-02,2.91e+01,
10377,-8.00e-03,2.95e+01,
10378,-1.60e-02,2.95e+01,
10379,-8.00e-03,2.91e+01,
10380,-1.60e-02,2.91e+01,
10381,-1.60e-02,2.91e+01,
10382,-1.60e-02,2.95e+01,
10383,-1.60e-02,2.95e+01,
10384,-1.60e-02,2.95e+01,
10385,-1.60e-02,2.95e+01,
10386,-1.60e-02,2.95e+01,
10387,-8.00e-03,2.95e+01,
10388,-1.60e-02,2.91e+01,
10389,-1.60e-02,2.91e+01,
10390,-1.60e-02,2.95e+01,
10391,-8.00e-03,2.91e+01,
10392,-1.60e-02,2.91e+01,
10393,-1.60e-02,2.91e+01,
10394,-1.60e-02,2.95e+01,
10395,-8.00e-03,2.95e+01,
10396,-1.60e-02,2.91e+01,
10397,-1.60e-02,2.95e+01,
10398,-1.60e-02,2.95e+01,
10399,-1.60e-02,2.95e+01,
10400,-1.60e-02,2.95e+01,
10401,-1.60e-02,2.95e+01,
10402,-1.60e-02,2.95e+01,
10403,-8.00e-03,2.91e+01,
10404,-1.60e-02,2.91e+01,
10405,-1.60e-02,2.91e+01,
10406,-1.60e-02,2.95e+01,
10407,-1.60e-02,2.91e+01,
10408,-1.60e-02,2.91e+01,
10409,-1.60e-02,2.91e+01,
10410,-1.60e-02,2.95e+01,
10411,-8.00e-03,2.91e+01,
10412,-1.60e-02,2.91e+01,
10413,-1.60e-02,2.91e+01,
10414,-1.60e-02,2.95e+01,
10415,-8.00e-03,2.95e+01,
10416,-1.60e-02,2.91e+01,
10417,-1.60e-02,2.91e+01,
10418,-1.60e-02,2.95e+01,
10419,-8.00e-03,2.91e+01,
10420,-1.60e-02,2.91e+01,
10421,-1.60e-02,2.91e+01,
10422,-1.60e-02,2.95e+01,
10423,-1.60e-02,2.91e+01,
10424,-1.60e-02,2.91e+01,
10425,-1.60e-02,2.91e+01,
10426,-1.60e-02,2.95e+01,
10427,-1.60e-02,2.91e+01,
10428,-1.60e-02,2.95e+01,
10429,-1.60e-02,2.91e+01,
10430,-1.60e-02,2.95e+01,
10431,-1.60e-02,2.91e+01,
10432,-1.60e-02,2.91e+01,
10433,-1.60e-02,2.91e+01,
10434,-1.60e-02,2.95e+01,
10435,-8.00e-03,2.91e+01,
10436,-1.60e-02,2.95e+01,
10437,-1.60e-02,2.91e+01,
10438,-1.60e-02,2.95e+01,
10439,-8.00e-03,2.91e+01,
10440,-1.60e-02,2.91e+01,
10441,-1.60e-02,2.91e+01,
10442,-1.60e-02,2.91e+01,
10443,-8.00e-03,2.91e+01,
10444,-1.60e-02,2.91e+01,
10445,-1.60e-02,2.91e+01,
10446,-1.60e-02,2.95e+01,
10447,-8.00e-03,2.95e+01,
10448,-1.60e-02,2.91e+01,
10449,-1.60e-02,2.91e+01,
10450,-1.60e-02,2.91e+01,
10451,-1.60e-02,2.91e+01,
10452,-1.60e-02,2.91e+01,
10453,-1.60e-02,2.91e+01,
10454,-1.60e-02,2.95e+01,
10455,-1.60e-02,2.91e+01,
10456,-1.60e-02,2.91e+01,
10457,-1.60e-02,2.91e+01,
10458,-1.60e-02,2.95e+01,
10459,-8.00e-03,2.91e+01,
10460,-1.60e-02,2.91e+01,
10461,-1.60e-02,2.91e+01,
10462,-1.60e-02,2.95e+01,
10463,-8.00e-03,2.91e+01,
10464,-1.60e-02,2.91e+01,
10465,-1.60e-02,2.91e+01,
10466,-8.00e-03,2.95e+01,
10467,-8.00e-03,2.91e+01,
10468,-1.60e-02,2.91e+01,
10469,-1.60e-02,2.91e+01,
10470,-1.60e-02,2.91e+01,
10471,-8.00e-03,2.91e+01,
10472,-1.60e-02,2.91e+01,
10473,-8.00e-03,2.91e+01,
10474,-1.60e-02,2.91e+01,
10475,-8.00e-03,2.91e+01,
10476,-1.60e-02,2.91e+01,
10477,-1.60e-02,2.91e+01,
10478,-1.60e-02,2.95e+01,
10479,-1.60e-02,2.91e+01,
10480,-1.60e-02,2.91e+01,
10481,-1.60e-02,2.91e+01,
10482,-1.60e-02,2.95e+01,
10483,-8.00e-03,2.95e+01,
10484,-1.60e-02,2.91e+01,
10485,-1.60e-02,2.91e+01,
10486,-1.60e-02,2.95e+01,
10487,-1.60e-02,2.91e+01,
10488,-1.60e-02,2.91e+01,
10489,-1.60e-02,2.91e+01,
10490,-1.60e-02,2.95e+01,
10491,-8.00e-03,2.95e+01,
10492,-1.60e-02,2.91e+01,
10493,-1.60e-02,2.91e+01,
10494,-1.60e-02,2.95e+01,
10495,-8.00e-03,2.95e+01,
10496,-1.60e-02,2.95e+01,
10497,-1.60e-02,2.91e+01,
10498,-1.60e-02,2.91e+01,
10499,-8.00e-03,2.91e+01,
10500,-1.60e-02,2.91e+01,
10501,-1.60e-02,2.91e+01,
10502,-1.60e-02,2.95e+01,
10503,-1.60e-02,2.91e+01,
10504,-1.60e-02,2.91e+01,
10505,-1.60e-02,2.91e+01,
10506,-1.60e-02,2.95e+01,
10507,-8.00e-03,2.91e+01,
10508,-1.60e-02,2.91e+01,
10509,-1.60e-02,2.91e+01,
10510,-1.60e-02,2.95e+01,
10511,-8.00e-03,2.91e+01,
10512,-1.60e-02,2.91e+01,
10513,-1.60e-02,2.95e+01,
10514,-1.60e-02,2.95e+01,
10515,-8.00e-03,2.91e+01,
10516,-1.60e-02,2.91e+01,
10517,-1.60e-02,2.91e+01,
10518,-1.60e-02,2.91e+01,
10519,-8.00e-03,2.91e+01,
10520,-1.60e-02,2.91e+01,
10521,-1.60e-02,2.91e+01,
10522,-1.60e-02,2.95e+01,
10523,-8.00e-03,2.91e+01,
10524,-1.60e-02,2.91e+01,
10525,-1.60e-02,2.91e+01,
10526,-1.60e-02,2.91e+01,
10527,-8.00e-03,2.91e+01,
10528,-1.60e-02,2.91e+01,
10529,-1.60e-02,2.91e+01,
10530,-1.60e-02,2.91e+01,
10531,-8.00e-03,2.91e+01,
10532,-1.60e-02,2.91e+01,
10533,-1.60e-02,2.91e+01,
10534,-1.60e-02,2.91e+01,
10535,-8.00e-03,2.91e+01,
10536,-1.60e-02,2.91e+01,
10537,-1.60e-02,2.91e+01,
10538,-1.60e-02,2.95e+01,
10539,-8.00e-03,2.95e+01,
10540,-1.60e-02,2.91e+01,
10541,-1.60e-02,2.91e+01,
10542,-1.60e-02,2.91e+01,
10543,-1.60e-02,2.91e+01,
10544,-1.60e-02,2.91e+01,
10545,-1.60e-02,2.91e+01,
10546,-1.60e-02,2.91e+01,
10547,-8.00e-03,2.91e+01,
10548,-1.60e-02,2.91e+01,
10549,-1.60e-02,2.91e+01,
10550,-1.60e-02,2.95e+01,
10551,-1.60e-02,2.91e+01,
10552,-1.60e-02,2.91e+01,
10553,-1.60e-02,2.91e+01,
10554,-1.60e-02,2.95e+01,
10555,-1.60e-02,2.91e+01,
10556,-1.60e-02,2.91e+01,
10557,-1.60e-02,2.91e+01,
10558,-1.60e-02,2.91e+01,
10559,-8.00e-03,2.91e+01,
10560,-1.60e-02,2.91e+01,
10561,-1.60e-02,2.91e+01,
10562,-1.60e-02,2.95e+01,
10563,-1.60e-02,2.95e+01,
10564,-1.60e-02,2.91e+01,
10565,-1.60e-02,2.91e+01,
10566,-1.60e-02,2.95e+01,
10567,-1.60e-02,2.91e+01,
10568,-1.60e-02,2.91e+01,
10569,-1.60e-02,2.91e+01,
10570,-1.60e-02,2.95e+01,
10571,-8.00e-03,2.95e+01,
10572,-1.60e-02,2.91e+01,
10573,-1.60e-02,2.91e+01,
10574,-1.60e-02,2.91e+01,
10575,-1.60e-02,2.91e+01,
10576,-1.60e-02,2.91e+01,
10577,-1.60e-02,2.91e+01,
10578,-1.60e-02,2.91e+01,
10579,-8.00e-03,2.91e+01,
10580,-1.60e-02,2.91e+01,
10581,-1.60e-02,2.91e+01,
10582,-1.60e-02,2.95e+01,
10583,-1.60e-02,2.91e+01,
10584,-1.60e-02,2.91e+01,
10585,-1.60e-02,2.91e+01,
10586,-1.60e-02,2.91e+01,
10587,-8.00e-03,2.91e+01,
10588,-1.60e-02,2.91e+01,
10589,-1.60e-02,2.91e+01,
10590,-1.60e-02,2.91e+01,
10591,-8.00e-03,2.91e+01,
10592,-1.60e-02,2.91e+01,
10593,-1.60e-02,2.91e+01,
10594,-1.60e-02,2.91e+01,
10595,-8.00e-03,2.91e+01,
10596,-1.60e-02,2.91e+01,
10597,-1.60e-02,2.91e+01,
10598,-1.60e-02,2.95e+01,
10599,-1.60e-02,2.91e+01,
10600,-1.60e-02,2.95e+01,
10601,-1.60e-02,2.91e+01,
10602,-1.60e-02,2.91e+01,
10603,-8.00e-03,2.91e+01,
10604,-1.60e-02,2.91e+01,
10605,-1.60e-02,2.91e+01,
10606,-1.60e-02,2.95e+01,
10607,-8.00e-03,2.91e+01,
10608,-1.60e-02,2.91e+01,
10609,-1.60e-02,2.91e+01,
10610,-1.60e-02,2.95e+01,
10611,-8.00e-03,2.95e+01,
10612,-1.60e-02,2.91e+01,
10613,-1.60e-02,2.91e+01,
10614,-1.60e-02,2.95e+01,
10615,-1.60e-02,2.91e+01,
10616,-1.60e-02,2.91e+01,
10617,-1.60e-02,2.91e+01,
10618,-1.60e-02,2.91e+01,
10619,-8.00e-03,2.95e+01,
10620,-1.60e-02,2.91e+01,
10621,-1.60e-02,2.91e+01,
10622,-1.60e-02,2.95e+01,
10623,-1.60e-02,2.91e+01,
10624,-1.60e-02,2.91e+01,
10625,-1.60e-02,2.91e+01,
10626,-1.60e-02,2.91e+01,
10627,-8.00e-03,2.91e+01,
10628,-1.60e-02,2.91e+01,
10629,-1.60e-02,2.91e+01,
10630,-1.60e-02,2.95e+01,
10631,-1.60e-02,2.91e+01,
10632,-1.60e-02,2.91e+01,
10633,-1.60e-02,2.91e+01,
10634,-1.60e-02,2.91e+01,
10635,-8.00e-03,2.91e+01,
10636,-1.60e-02,2.95e+01,
10637,-1.60e-02,2.91e+01,
10638,-1.60e-02,2.91e+01,
10639,-8.00e-03,2.91e+01,
10640,-1.60e-02,2.91e+01,
10641,-1.60e-02,2.91e+01,
10642,-1.60e-02,2.95e+01,
10643,-8.00e-03,2.91e+01,
10644,-1.60e-02,2.91e+01,
10645,-1.60e-02,2.91e+01,
10646,-1.60e-02,2.95e+01,
10647,-8.00e-03,2.91e+01,
10648,-1.60e-02,2.91e+01,
10649,-1.60e-02,2.91e+01,
10650,-1.60e-02,2.95e+01,
10651,-1.60e-02,2.91e+01,
10652,-1.60e-02,2.91e+01,
10653,-1.60e-02,2.91e+01,
10654,-1.60e-02,2.91e+01,
10655,-1.60e-02,2.91e+01,
10656,-1.60e-02,2.91e+01,
10657,-1.60e-02,2.91e+01,
10658,-1.60e-02,2.91e+01,
10659,-1.60e-02,2.91e+01,
10660,-1.60e-02,2.91e+01,
10661,-1.60e-02,2.91e+01,
10662,-1.60e-02,2.95e+01,
10663,-8.00e-03,2.91e+01,
10664,-1.60e-02,2.91e+01,
10665,-1.60e-02,2.91e+01,
10666,-1.60e-02,2.95e+01,
10667,-8.00e-03,2.91e+01,
10668,-1.60e-02,2.91e+01,
10669,-1.60e-02,2.91e+01,
10670,-1.60e-02,2.95e+01,
10671,-8.00e-03,2.91e+01,
10672,-1.60e-02,2.91e+01,
10673,-1.60e-02,2.91e+01,
10674,-1.60e-02,2.91e+01,
10675,-8.00e-03,2.91e+01,
10676,-1.60e-02,2.91e+01,
10677,-1.60e-02,2.91e+01,
10678,-1.60e-02,2.95e+01,
10679,-1.60e-02,2.91e+01,
10680,-1.60e-02,2.91e+01,
10681,-1.60e-02,2.91e+01,
10682,-1.60e-02,2.95e+01,
10683,-8.00e-03,2.91e+01,
10684,-1.60e-02,2.91e+01,
10685,-1.60e-02,2.91e+01,
10686,-1.60e-02,2.91e+01,
10687,-8.00e-03,2.91e+01,
10688,-1.60e-02,2.91e+01,
10689,-1.60e-02,2.91e+01,
10690,-1.60e-02,2.95e+01,
10691,-8.00e-03,2.91e+01,
10692,-1.60e-02,2.91e+01,
10693,-1.60e-02,2.91e+01,
10694,-1.60e-02,2.95e+01,
10695,-8.00e-03,2.91e+01,
10696,-1.60e-02,2.91e+01,
10697,-1.60e-02,2.91e+01,
10698,-1.60e-02,2.91e+01,
10699,-1.60e-02,2.91e+01,
10700,-1.60e-02,2.91e+01,
10701,-1.60e-02,2.91e+01,
10702,-1.60e-02,2.91e+01,
10703,-8.00e-03,2.91e+01,
10704,-1.60e-02,2.91e+01,
10705,-1.60e-02,2.91e+01,
10706,-1.60e-02,2.91e+01,
10707,-1.60e-02,2.91e+01,
10708,-1.60e-02,2.91e+01,
10709,-1.60e-02,2.91e+01,
10710,-1.60e-02,2.95e+01,
10711,-8.00e-03,2.91e+01,
10712,-1.60e-02,2.91e+01,
10713,-1.60e-02,2.91e+01,
10714,-1.60e-02,2.91e+01,
10715,-8.00e-03,2.91e+01,
10716,-1.60e-02,2.91e+01,
10717,-1.60e-02,2.91e+01,
10718,-1.60e-02,2.95e+01,
10719,-1.60e-02,2.91e+01,
10720,-1.60e-02,2.91e+01,
10721,-1.60e-02,2.91e+01,
10722,-1.60e-02,2.91e+01,
10723,-1.60e-02,2.91e+01,
10724,-1.60e-02,2.91e+01,
10725,-1.60e-02,2.91e+01,
10726,-1.60e-02,2.91e+01,
10727,-8.00e-03,2.95e+01,
10728,-1.60e-02,2.91e+01,
10729,-1.60e-02,2.91e+01,
10730,-1.60e-02,2.91e+01,
10731,-8.00e-03,2.91e+01,
10732,-1.60e-02,2.91e+01,
10733,-1.60e-02,2.91e+01,
10734,-1.60e-02,2.95e+01,
10735,-1.60e-02,2.91e+01,
10736,-1.60e-02,2.91e+01,
10737,-1.60e-02,2.91e+01,
10738,-8.00e-03,2.95e+01,
10739,-1.60e-02,2.91e+01,
10740,-1.60e-02,2.91e+01,
10741,-1.60e-02,2.91e+01,
10742,-1.60e-02,2.91e+01,
10743,-8.00e-03,2.91e+01,
10744,-1.60e-02,2.91e+01,
10745,-1.60e-02,2.91e+01,
10746,-1.60e-02,2.91e+01,
10747,-8.00e-03,2.91e+01,
10748,-1.60e-02,2.91e+01,
10749,-1.60e-02,2.91e+01,
10750,-1.60e-02,2.95e+01,
10751,-1.60e-02,2.91e+01,
10752,-1.60e-02,2.91e+01,
10753,-1.60e-02,2.91e+01,
10754,-1.60e-02,2.91e+01,
10755,-8.00e-03,2.91e+01,
10756,-1.60e-02,2.91e+01,
10757,-1.60e-02,2.91e+01,
10758,-1.60e-02,2.91e+01,
10759,-1.60e-02,2.91e+01,
10760,-1.60e-02,2.91e+01,
10761,-1.60e-02,2.91e+01,
10762,-1.60e-02,2.91e+01,
10763,-8.00e-03,2.91e+01,
10764,-1.60e-02,2.91e+01,
10765,-1.60e-02,2.91e+01,
10766,-1.60e-02,2.91e+01,
10767,-8.00e-03,2.91e+01,
10768,-1.60e-02,2.91e+01,
10769,-1.60e-02,2.91e+01,
10770,-1.60e-02,2.95e+01,
10771,-8.00e-03,2.91e+01,
10772,-1.60e-02,2.91e+01,
10773,-1.60e-02,2.91e+01,
10774,-1.60e-02,2.91e+01,
10775,-1.60e-02,2.91e+01,
10776,-1.60e-02,2.91e+01,
10777,-1.60e-02,2.91e+01,
10778,-1.60e-02,2.91e+01,
10779,-8.00e-03,2.91e+01,
10780,-1.60e-02,2.91e+01,
10781,-1.60e-02,2.91e+01,
10782,-1.60e-02,2.91e+01,
10783,-8.00e-03,2.91e+01,
10784,-1.60e-02,2.91e+01,
10785,-1.60e-02,2.91e+01,
10786,-1.60e-02,2.91e+01,
10787,-1.60e-02,2.91e+01,
10788,-1.60e-02,2.91e+01,
10789,-1.60e-02,2.91e+01,
10790,-1.60e-02,2.91e+01,
10791,-1.60e-02,2.91e+01,
10792,-1.60e-02,2.91e+01,
10793,-1.60e-02,2.91e+01,
10794,-1.60e-02,2.91e+01,
10795,-8.00e-03,2.91e+01,
10796,-1.60e-02,2.91e+01,
10797,-1.60e-02,2.91e+01,
10798,-1.60e-02,2.91e+01,
10799,-1.60e-02,2.91e+01,
10800,-1.60e-02,2.91e+01,
10801,-1.60e-02,2.91e+01,
10802,-1.60e-02,2.91e+01,
10803,-8.00e-03,2.91e+01,
10804,-1.60e-02,2.91e+01,
10805,-1.60e-02,2.91e+01,
10806,-1.60e-02,2.95e+01,
10807,-8.00e-03,2.91e+01,
10808,-1.60e-02,2.91e+01,
10809,-1.60e-02,2.91e+01,
10810,-1.60e-02,2.91e+01,
10811,-8.00e-03,2.91e+01,
10812,-1.60e-02,2.91e+01,
10813,-1.60e-02,2.91e+01,
10814,-1.60e-02,2.95e+01,
10815,-1.60e-02,2.91e+01,
10816,-1.60e-02,2.91e+01,
10817,-1.60e-02,2.91e+01,
10818,-1.60e-02,2.91e+01,
10819,-8.00e-03,2.91e+01,
10820,-1.60e-02,2.91e+01,
10821,-1.60e-02,2.91e+01,
10822,-1.60e-02,2.95e+01,
10823,-8.00e-03,2.91e+01,
10824,-1.60e-02,2.91e+01,
10825,-1.60e-02,2.91e+01,
10826,-1.60e-02,2.95e+01,
10827,-8.00e-03,2.91e+01,
10828,-1.60e-02,2.91e+01,
10829,-1.60e-02,2.91e+01,
10830,-1.60e-02,2.91e+01,
10831,-8.00e-03,2.91e+01,
10832,-1.60e-02,2.91e+01,
10833,-1.60e-02,2.91e+01,
10834,-1.60e-02,2.91e+01,
10835,-1.60e-02,2.91e+01,
10836,-1.60e-02,2.91e+01,
10837,-1.60e-02,2.91e+01,
10838,-1.60e-02,2.91e+01,
10839,-8.00e-03,2.91e+01,
10840,-1.60e-02,2.91e+01,
10841,-1.60e-02,2.91e+01,
10842,-1.60e-02,2.91e+01,
10843,-1.60e-02,2.91e+01,
10844,-1.60e-02,2.91e+01,
10845,-1.60e-02,2.91e+01,
10846,-1.60e-02,2.91e+01,
10847,-1.60e-02,2.91e+01,
10848,-1.60e-02,2.91e+01,
10849,-1.60e-02,2.91e+01,
10850,-1.60e-02,2.91e+01,
10851,-8.00e-03,2.91e+01,
10852,-1.60e-02,2.91e+01,
10853,-1.60e-02,2.91e+01,
10854,-1.60e-02,2.91e+01,
10855,-8.00e-03,2.91e+01,
10856,-1.60e-02,2.91e+01,
10857,-1.60e-02,2.91e+01,
10858,-1.60e-02,2.91e+01,
10859,-8.00e-03,2.91e+01,
10860,-1.60e-02,2.91e+01,
10861,-1.60e-02,2.91e+01,
10862,-1.60e-02,2.91e+01,
10863,-1.60e-02,2.91e+01,
10864,-1.60e-02,2.91e+01,
10865,-1.60e-02,2.91e+01,
10866,-1.60e-02,2.91e+01,
10867,-8.00e-03,2.91e+01,
10868,-1.60e-02,2.91e+01,
10869,-1.60e-02,2.91e+01,
10870,-1.60e-02,2.91e+01,
10871,-1.60e-02,2.91e+01,
10872,-1.60e-02,2.91e+01,
10873,-1.60e-02,2.91e+01,
10874,-1.60e-02,2.91e+01,
10875,-8.00e-03,2.91e+01,
10876,-1.60e-02,2.91e+01,
10877,-1.60e-02,2.91e+01,
10878,-1.60e-02,2.91e+01,
10879,-1.60e-02,2.91e+01,
10880,-1.60e-02,2.91e+01,
10881,-1.60e-02,2.91e+01,
10882,-1.60e-02,2.91e+01,
10883,-8.00e-03,2.91e+01,
10884,-1.60e-02,2.91e+01,
10885,-1.60e-02,2.91e+01,
10886,-1.60e-02,2.95e+01,
10887,-1.60e-02,2.91e+01,
10888,-1.60e-02,2.91e+01,
10889,-1.60e-02,2.91e+01,
10890,-1.60e-02,2.91e+01,
10891,-8.00e-03,2.91e+01,
10892,-1.60e-02,2.91e+01,
10893,-1.60e-02,2.91e+01,
10894,-1.60e-02,2.91e+01,
10895,-1.60e-02,2.91e+01,
10896,-1.60e-02,2.91e+01,
10897,-1.60e-02,2.91e+01,
10898,-1.60e-02,2.91e+01,
10899,-8.00e-03,2.91e+01,
10900,-1.60e-02,2.91e+01,
10901,-1.60e-02,2.91e+01,
10902,-1.60e-02,2.91e+01,
10903,-8.00e-03,2.91e+01,
10904,-1.60e-02,2.91e+01,
10905,-1.60e-02,2.91e+01,
10906,-1.60e-02,2.91e+01,
10907,-8.00e-03,2.91e+01,
10908,-1.60e-02,2.91e+01,
10909,-1.60e-02,2.91e+01,
10910,-1.60e-02,2.91e+01,
10911,-1.60e-02,2.91e+01,
10912,-1.60e-02,2.91e+01,
10913,-1.60e-02,2.91e+01,
10914,-1.60e-02,2.91e+01,
10915,-1.60e-02,2.91e+01,
10916,-1.60e-02,2.91e+01,
10917,-1.60e-02,2.91e+01,
10918,-1.60e-02,2.95e+01,
10919,-1.60e-02,2.91e+01,
10920,-1.60e-02,2.91e+01,
10921,-1.60e-02,2.91e+01,
10922,-1.60e-02,2.91e+01,
10923,-8.00e-03,2.91e+01,
10924,-1.60e-02,2.91e+01,
10925,-1.60e-02,2.91e+01,
10926,-1.60e-02,2.91e+01,
10927,-8.00e-03,2.91e+01,
10928,-1.60e-02,2.91e+01,
10929,-1.60e-02,2.91e+01,
10930,-1.60e-02,2.91e+01,
10931,-1.60e-02,2.91e+01,
10932,-1.60e-02,2.91e+01,
10933,-1.60e-02,2.91e+01,
10934,-1.60e-02,2.91e+01,
10935,-1.60e-02,2.91e+01,
10936,-1.60e-02,2.91e+01,
10937,-1.60e-02,2.91e+01,
10938,-1.60e-02,2.91e+01,
10939,-8.00e-03,2.91e+01,
10940,-1.60e-02,2.91e+01,
10941,-1.60e-02,2.91e+01,
10942,-1.60e-02,2.91e+01,
10943,-1.60e-02,2.91e+01,
10944,-1.60e-02,2.91e+01,
10945,-1.60e-02,2.91e+01,
10946,-1.60e-02,2.91e+01,
10947,-8.00e-03,2.91e+01,
10948,-1.60e-02,2.91e+01,
10949,-1.60e-02,2.91e+01,
10950,-8.00e-03,2.91e+01,
10951,-1.60e-02,2.91e+01,
10952,-1.60e-02,2.91e+01,
10953,-1.60e-02,2.91e+01,
10954,-1.60e-02,2.91e+01,
10955,-8.00e-03,2.91e+01,
10956,-1.60e-02,2.91e+01,
10957,-1.60e-02,2.91e+01,
10958,-1.60e-02,2.91e+01,
10959,-1.60e-02,2.91e+01,
10960,-1.60e-02,2.91e+01,
10961,-1.60e-02,2.91e+01,
10962,-1.60e-02,2.91e+01,
10963,-8.00e-03,2.91e+01,
10964,-1.60e-02,2.91e+01,
10965,-1.60e-02,2.91e+01,
10966,-1.60e-02,2.91e+01,
10967,-1.60e-02,2.91e+01,
10968,-1.60e-02,2.91e+01,
10969,-1.60e-02,2.91e+01,
10970,-1.60e-02,2.91e+01,
10971,-8.00e-03,2.91e+01,
10972,-1.60e-02,2.91e+01,
10973,-1.60e-02,2.91e+01,
10974,-1.60e-02,2.91e+01,
10975,-1.60e-02,2.91e+01,
10976,-1.60e-02,2.91e+01,
10977,-1.60e-02,2.91e+01,
10978,-1.60e-02,2.91e+01,
10979,-8.00e-03,2.91e+01,
10980,-1.60e-02,2.91e+01,
10981,-1.60e-02,2.91e+01,
10982,-1.60e-02,2.91e+01,
10983,-1.60e-02,2.91e+01,
10984,-1.60e-02,2.91e+01,
10985,-1.60e-02,2.91e+01,
10986,-1.60e-02,2.91e+01,
10987,-8.00e-03,2.91e+01,
10988,-1.60e-02,2.91e+01,
10989,-1.60e-02,2.91e+01,
10990,-1.60e-02,2.95e+01,
10991,-8.00e-03,2.91e+01,
10992,-1.60e-02,2.91e+01,
10993,-1.60e-02,2.91e+01,
10994,-1.60e-02,2.91e+01,
10995,-8.00e-03,2.91e+01,
10996,-1.60e-02,2.91e+01,
10997,-1.60e-02,2.91e+01,
10998,-1.60e-02,2.91e+01,
10999,-8.00e-03,2.91e+01,
11000,-1.60e-02,2.91e+01,
11001,-1.60e-02,2.91e+01,
11002,-1.60e-02,2.91e+01,
11003,-8.00e-03,2.91e+01,
11004,-1.60e-02,2.91e+01,
11005,-1.60e-02,2.91e+01,
11006,-1.60e-02,2.91e+01,
11007,-8.00e-03,2.91e+01,
11008,-1.60e-02,2.91e+01,
11009,-1.60e-02,2.91e+01,
11010,-1.60e-02,2.91e+01,
11011,-8.00e-03,2.91e+01,
11012,-1.60e-02,2.91e+01,
11013,-1.60e-02,2.91e+01,
11014,-1.60e-02,2.91e+01,
11015,-1.60e-02,2.91e+01,
11016,-1.60e-02,2.91e+01,
11017,-1.60e-02,2.91e+01,
11018,-1.60e-02,2.91e+01,
11019,-8.00e-03,2.91e+01,
11020,-1.60e-02,2.91e+01,
11021,-1.60e-02,2.91e+01,
11022,-1.60e-02,2.91e+01,
11023,-1.60e-02,2.91e+01,
11024,-1.60e-02,2.91e+01,
11025,-1.60e-02,2.91e+01,
11026,-1.60e-02,2.91e+01,
11027,-1.60e-02,2.91e+01,
11028,-1.60e-02,2.91e+01,
11029,-1.60e-02,2.91e+01,
11030,-1.60e-02,2.91e+01,
11031,-1.60e-02,2.91e+01,
11032,-1.60e-02,2.91e+01,
11033,-1.60e-02,2.91e+01,
11034,-1.60e-02,2.91e+01,
11035,-8.00e-03,2.91e+01,
11036,-1.60e-02,2.91e+01,
11037,-1.60e-02,2.91e+01,
11038,-1.60e-02,2.91e+01,
11039,-1.60e-02,2.91e+01,
11040,-1.60e-02,2.91e+01,
11041,-1.60e-02,2.91e+01,
11042,-1.60e-02,2.91e+01,
11043,-8.00e-03,2.91e+01,
11044,-1.60e-02,2.91e+01,
11045,-1.60e-02,2.91e+01,
11046,-1.60e-02,2.91e+01,
11047,-1.60e-02,2.91e+01,
11048,-1.60e-02,2.91e+01,
11049,-1.60e-02,2.91e+01,
11050,-1.60e-02,2.91e+01,
11051,-1.60e-02,2.91e+01,
11052,-1.60e-02,2.91e+01,
11053,-1.60e-02,2.91e+01,
11054,-1.60e-02,2.91e+01,
11055,-8.00e-03,2.91e+01,
11056,-1.60e-02,2.91e+01,
11057,-1.60e-02,2.91e+01,
11058,-1.60e-02,2.91e+01,
11059,-8.00e-03,2.91e+01,
11060,-1.60e-02,2.91e+01,
11061,-1.60e-02,2.91e+01,
11062,-1.60e-02,2.91e+01,
11063,-1.60e-02,2.91e+01,
11064,-1.60e-02,2.91e+01,
11065,-1.60e-02,2.91e+01,
11066,-1.60e-02,2.91e+01,
11067,-1.60e-02,2.91e+01,
11068,-1.60e-02,2.91e+01,
11069,-1.60e-02,2.91e+01,
11070,-1.60e-02,2.91e+01,
11071,-8.00e-03,2.91e+01,
11072,-1.60e-02,2.91e+01,
11073,-1.60e-02,2.91e+01,
11074,-1.60e-02,2.91e+01,
11075,-8.00e-03,2.91e+01,
11076,-1.60e-02,2.91e+01,
11077,-1.60e-02,2.91e+01,
11078,-1.60e-02,2.91e+01,
11079,-8.00e-03,2.91e+01,
11080,-1.60e-02,2.91e+01,
11081,-1.60e-02,2.91e+01,
11082,-1.60e-02,2.91e+01,
11083,-1.60e-02,2.91e+01,
11084,-1.60e-02,2.91e+01,
11085,-1.60e-02,2.91e+01,
11086,-1.60e-02,2.91e+01,
11087,-1.60e-02,2.91e+01,
11088,-1.60e-02,2.91e+01,
11089,-1.60e-02,2.91e+01,
11090,-1.60e-02,2.91e+01,
11091,-8.00e-03,2.91e+01,
11092,-1.60e-02,2.91e+01,
11093,-1.60e-02,2.91e+01,
11094,-1.60e-02,2.91e+01,
11095,-1.60e-02,2.91e+01,
11096,-1.60e-02,2.91e+01,
11097,-1.60e-02,2.91e+01,
11098,-1.60e-02,2.91e+01,
11099,-1.60e-02,2.91e+01,
11100,-1.60e-02,2.91e+01,
11101,-1.60e-02,2.91e+01,
11102,-1.60e-02,2.91e+01,
11103,-8.00e-03,2.91e+01,
11104,-1.60e-02,2.91e+01,
11105,-1.60e-02,2.91e+01,
11106,-1.60e-02,2.91e+01,
11107,-8.00e-03,2.91e+01,
11108,-1.60e-02,2.91e+01,
11109,-1.60e-02,2.91e+01,
11110,-1.60e-02,2.91e+01,
11111,-1.60e-02,2.91e+01,
11112,-1.60e-02,2.91e+01,
11113,-8.00e-03,2.91e+01,
11114,-1.60e-02,2.91e+01,
11115,-8.00e-03,2.91e+01,
11116,-1.60e-02,2.91e+01,
11117,-1.60e-02,2.91e+01,
11118,-1.60e-02,2.91e+01,
11119,-8.00e-03,2.91e+01,
11120,-1.60e-02,2.91e+01,
11121,-1.60e-02,2.91e+01,
11122,-1.60e-02,2.91e+01,
11123,-8.00e-03,2.91e+01,
11124,-1.60e-02,2.91e+01,
11125,-1.60e-02,2.91e+01,
11126,-1.60e-02,2.91e+01,
11127,-8.00e-03,2.91e+01,
11128,-1.60e-02,2.91e+01,
11129,-1.60e-02,2.91e+01,
11130,-1.60e-02,2.91e+01,
11131,-8.00e-03,2.91e+01,
11132,-1.60e-02,2.91e+01,
11133,-1.60e-02,2.91e+01,
11134,-1.60e-02,2.91e+01,
11135,-8.00e-03,2.91e+01,
11136,-1.60e-02,2.91e+01,
11137,-1.60e-02,2.91e+01,
11138,-1.60e-02,2.91e+01,
11139,-8.00e-03,2.91e+01,
11140,-1.60e-02,2.91e+01,
11141,-1.60e-02,2.91e+01,
11142,-1.60e-02,2.91e+01,
11143,-1.60e-02,2.91e+01,
11144,-1.60e-02,2.91e+01,
11145,-1.60e-02,2.91e+01,
11146,-1.60e-02,2.91e+01,
11147,-1.60e-02,2.91e+01,
11148,-1.60e-02,2.91e+01,
11149,-1.60e-02,2.91e+01,
11150,-1.60e-02,2.91e+01,
11151,-8.00e-03,2.91e+01,
11152,-1.60e-02,2.91e+01,
11153,-1.60e-02,2.91e+01,
11154,-1.60e-02,2.91e+01,
11155,-8.00e-03,2.91e+01,
11156,-1.60e-02,2.91e+01,
11157,-1.60e-02,2.91e+01,
11158,-1.60e-02,2.91e+01,
11159,-1.60e-02,2.91e+01,
11160,-1.60e-02,2.91e+01,
11161,-1.60e-02,2.91e+01,
11162,-1.60e-02,2.91e+01,
11163,-8.00e-03,2.91e+01,
11164,-1.60e-02,2.91e+01,
11165,-1.60e-02,2.91e+01,
11166,-1.60e-02,2.91e+01,
11167,-8.00e-03,2.91e+01,
11168,-1.60e-02,2.91e+01,
11169,-1.60e-02,2.91e+01,
11170,-1.60e-02,2.91e+01,
11171,-8.00e-03,2.91e+01,
11172,-1.60e-02,2.91e+01,
11173,-1.60e-02,2.91e+01,
11174,-1.60e-02,2.91e+01,
11175,-8.00e-03,2.91e+01,
11176,-1.60e-02,2.91e+01,
11177,-1.60e-02,2.91e+01,
11178,-1.60e-02,2.91e+01,
11179,-8.00e-03,2.91e+01,
11180,-1.60e-02,2.91e+01,
11181,-1.60e-02,2.91e+01,
11182,-1.60e-02,2.91e+01,
11183,-1.60e-02,2.91e+01,
11184,-1.60e-02,2.91e+01,
11185,-1.60e-02,2.91e+01,
11186,-1.60e-02,2.91e+01,
11187,-8.00e-03,2.91e+01,
11188,-1.60e-02,2.91e+01,
11189,-1.60e-02,2.91e+01,
11190,-1.60e-02,2.91e+01,
11191,-1.60e-02,2.91e+01,
11192,-1.60e-02,2.91e+01,
11193,-1.60e-02,2.91e+01,
11194,-1.60e-02,2.91e+01,
11195,-8.00e-03,2.91e+01,
11196,-1.60e-02,2.91e+01,
11197,-1.60e-02,2.91e+01,
11198,-1.60e-02,2.91e+01,
11199,-1.60e-02,2.91e+01,
11200,-1.60e-02,2.91e+01,
11201,-1.60e-02,2.91e+01,
11202,-1.60e-02,2.91e+01,
11203,-1.60e-02,2.91e+01,
11204,-1.60e-02,2.91e+01,
11205,-1.60e-02,2.91e+01,
11206,-1.60e-02,2.91e+01,
11207,-8.00e-03,2.91e+01,
11208,-1.60e-02,2.91e+01,
11209,-1.60e-02,2.91e+01,
11210,-1.60e-02,2.91e+01,
11211,-8.00e-03,2.91e+01,
11212,-1.60e-02,2.91e+01,
11213,-8.00e-03,2.91e+01,
11214,-1.60e-02,2.91e+01,
11215,-8.00e-03,2.91e+01,
11216,-1.60e-02,2.91e+01,
11217,-1.60e-02,2.91e+01,
11218,-1.60e-02,2.91e+01,
11219,-8.00e-03,2.91e+01,
11220,-1.60e-02,2.91e+01,
11221,-1.60e-02,2.91e+01,
11222,-1.60e-02,2.91e+01,
11223,-1.60e-02,2.91e+01,
11224,-1.60e-02,2.91e+01,
11225,-1.60e-02,2.91e+01,
11226,-1.60e-02,2.91e+01,
11227,-1.60e-02,2.91e+01,
11228,-1.60e-02,2.91e+01,
11229,-1.60e-02,2.91e+01,
11230,-1.60e-02,2.91e+01,
11231,-1.60e-02,2.91e+01,
11232,-1.60e-02,2.91e+01,
11233,-1.60e-02,2.91e+01,
11234,-1.60e-02,2.91e+01,
11235,-1.60e-02,2.91e+01,
11236,-1.60e-02,2.91e+01,
11237,-1.60e-02,2.91e+01,
11238,-1.60e-02,2.91e+01,
11239,-8.00e-03,2.91e+01,
11240,-1.60e-02,2.91e+01,
11241,-1.60e-02,2.91e+01,
11242,-1.60e-02,2.91e+01,
11243,-8.00e-03,2.91e+01,
11244,-1.60e-02,2.91e+01,
11245,-1.60e-02,2.91e+01,
11246,-1.60e-02,2.91e+01,
11247,-8.00e-03,2.91e+01,
11248,-1.60e-02,2.91e+01,
11249,-1.60e-02,2.91e+01,
11250,-1.60e-02,2.91e+01,
11251,-1.60e-02,2.91e+01,
11252,-1.60e-02,2.91e+01,
11253,-1.60e-02,2.91e+01,
11254,-1.60e-02,2.91e+01,
11255,-1.60e-02,2.91e+01,
11256,-1.60e-02,2.91e+01,
11257,-1.60e-02,2.91e+01,
11258,-1.60e-02,2.91e+01,
11259,-1.60e-02,2.91e+01,
11260,-1.60e-02,2.91e+01,
11261,-1.60e-02,2.91e+01,
11262,-1.60e-02,2.91e+01,
11263,-8.00e-03,2.91e+01,
11264,-1.60e-02,2.91e+01,
11265,-1.60e-02,2.91e+01,
11266,-1.60e-02,2.91e+01,
11267,-8.00e-03,2.91e+01,
11268,-1.60e-02,2.91e+01,
11269,-1.60e-02,2.91e+01,
11270,-1.60e-02,2.91e+01,
11271,-8.00e-03,2.91e+01,
11272,-1.60e-02,2.91e+01,
11273,-1.60e-02,2.91e+01,
11274,-1.60e-02,2.91e+01,
11275,-8.00e-03,2.91e+01,
11276,-1.60e-02,2.91e+01,
11277,-1.60e-02,2.91e+01,
11278,-1.60e-02,2.91e+01,
11279,-1.60e-02,2.91e+01,
11280,-1.60e-02,2.91e+01,
11281,-1.60e-02,2.91e+01,
11282,-1.60e-02,2.91e+01,
11283,-8.00e-03,2.91e+01,
11284,-1.60e-02,2.91e+01,
11285,-1.60e-02,2.91e+01,
11286,-1.60e-02,2.91e+01,
11287,-8.00e-03,2.91e+01,
11288,-1.60e-02,2.91e+01,
11289,-1.60e-02,2.91e+01,
11290,-1.60e-02,2.91e+01,
11291,-8.00e-03,2.91e+01,
11292,-1.60e-02,2.91e+01,
11293,-1.60e-02,2.91e+01,
11294,-1.60e-02,2.91e+01,
11295,-1.60e-02,2.91e+01,
11296,-1.60e-02,2.91e+01,
11297,-1.60e-02,2.91e+01,
11298,-1.60e-02,2.91e+01,
11299,-8.00e-03,2.91e+01,
11300,-1.60e-02,2.91e+01,
11301,-1.60e-02,2.91e+01,
11302,-1.60e-02,2.91e+01,
11303,-8.00e-03,2.91e+01,
11304,-1.60e-02,2.91e+01,
11305,-1.60e-02,2.91e+01,
11306,-1.60e-02,2.91e+01,
11307,-1.60e-02,2.87e+01,
11308,-1.60e-02,2.91e+01,
11309,-1.60e-02,2.91e+01,
11310,-1.60e-02,2.91e+01,
11311,-1.60e-02,2.91e+01,
11312,-1.60e-02,2.91e+01,
11313,-1.60e-02,2.91e+01,
11314,-1.60e-02,2.91e+01,
11315,-8.00e-03,2.91e+01,
11316,-1.60e-02,2.91e+01,
11317,-1.60e-02,2.91e+01,
11318,-1.60e-02,2.91e+01,
11319,-1.60e-02,2.91e+01,
11320,-1.60e-02,2.91e+01,
11321,-1.60e-02,2.91e+01,
11322,-1.60e-02,2.91e+01,
11323,-8.00e-03,2.91e+01,
11324,-1.60e-02,2.91e+01,
11325,-1.60e-02,2.91e+01,
11326,-1.60e-02,2.91e+01,
11327,-1.60e-02,2.91e+01,
11328,-1.60e-02,2.91e+01,
11329,-1.60e-02,2.91e+01,
11330,-1.60e-02,2.91e+01,
11331,-8.00e-03,2.91e+01,
11332,-1.60e-02,2.91e+01,
11333,-1.60e-02,2.91e+01,
11334,-1.60e-02,2.91e+01,
11335,-1.60e-02,2.91e+01,
11336,-1.60e-02,2.91e+01,
11337,-1.60e-02,2.91e+01,
11338,-1.60e-02,2.91e+01,
11339,-8.00e-03,2.91e+01,
11340,-1.60e-02,2.91e+01,
11341,-1.60e-02,2.91e+01,
11342,-1.60e-02,2.91e+01,
11343,-1.60e-02,2.91e+01,
11344,-1.60e-02,2.91e+01,
11345,-1.60e-02,2.91e+01,
11346,-1.60e-02,2.91e+01,
11347,-1.60e-02,2.91e+01,
11348,-1.60e-02,2.91e+01,
11349,-1.60e-02,2.91e+01,
11350,-1.60e-02,2.91e+01,
11351,-8.00e-03,2.91e+01,
11352,-1.60e-02,2.91e+01,
11353,-1.60e-02,2.87e+01,
11354,-1.60e-02,2.91e+01,
11355,-8.00e-03,2.91e+01,
11356,-1.60e-02,2.91e+01,
11357,-1.60e-02,2.91e+01,
11358,-1.60e-02,2.91e+01,
11359,-1.60e-02,2.91e+01,
11360,-1.60e-02,2.91e+01,
11361,-1.60e-02,2.91e+01,
11362,-8.00e-03,2.91e+01,
11363,-8.00e-03,2.91e+01,
11364,-1.60e-02,2.91e+01,
11365,-1.60e-02,2.91e+01,
11366,-1.60e-02,2.91e+01,
11367,-1.60e-02,2.91e+01,
11368,-1.60e-02,2.91e+01,
11369,-1.60e-02,2.91e+01,
11370,-1.60e-02,2.91e+01,
11371,-8.00e-03,2.91e+01,
11372,-1.60e-02,2.91e+01,
11373,-1.60e-02,2.87e+01,
11374,-1.60e-02,2.91e+01,
11375,-1.60e-02,2.91e+01,
11376,-1.60e-02,2.91e+01,
11377,-1.60e-02,2.91e+01,
11378,-1.60e-02,2.91e+01,
11379,-8.00e-03,2.91e+01,
11380,-1.60e-02,2.91e+01,
11381,-1.60e-02,2.91e+01,
11382,-1.60e-02,2.91e+01,
11383,-8.00e-03,2.91e+01,
11384,-1.60e-02,2.91e+01,
11385,-1.60e-02,2.91e+01,
11386,-1.60e-02,2.91e+01,
11387,-8.00e-03,2.91e+01,
11388,-1.60e-02,2.87e+01,
11389,-1.60e-02,2.91e+01,
11390,-1.60e-02,2.91e+01,
11391,-1.60e-02,2.91e+01,
11392,-1.60e-02,2.91e+01,
11393,-1.60e-02,2.91e+01,
11394,-1.60e-02,2.91e+01,
11395,-8.00e-03,2.91e+01,
11396,-1.60e-02,2.91e+01,
11397,-1.60e-02,2.91e+01,
11398,-1.60e-02,2.91e+01,
11399,-1.60e-02,2.91e+01,
11400,-1.60e-02,2.87e+01,
11401,-1.60e-02,2.91e+01,
11402,-1.60e-02,2.91e+01,
11403,-1.60e-02,2.91e+01,
11404,-1.60e-02,2.91e+01,
11405,-1.60e-02,2.91e+01,
11406,-1.60e-02,2.91e+01,
11407,-8.00e-03,2.91e+01,
11408,-1.60e-02,2.87e+01,
11409,-1.60e-02,2.91e+01,
11410,-1.60e-02,2.91e+01,
11411,-8.00e-03,2.91e+01,
11412,-1.60e-02,2.91e+01,
11413,-1.60e-02,2.91e+01,
11414,-1.60e-02,2.91e+01,
11415,-8.00e-03,2.91e+01,
11416,-1.60e-02,2.91e+01,
11417,-1.60e-02,2.91e+01,
11418,-1.60e-02,2.91e+01,
11419,-8.00e-03,2.91e+01,
11420,-1.60e-02,2.91e+01,
11421,-1.60e-02,2.91e+01,
11422,-1.60e-02,2.91e+01,
11423,-1.60e-02,2.91e+01,
11424,-1.60e-02,2.91e+01,
11425,-8.00e-03,2.91e+01,
11426,-1.60e-02,2.91e+01,
11427,-1.60e-02,2.91e+01,
11428,-1.60e-02,2.91e+01,
11429,-1.60e-02,2.91e+01,
11430,-1.60e-02,2.91e+01,
11431,-8.00e-03,2.91e+01,
11432,-1.60e-02,2.91e+01,
11433,-1.60e-02,2.91e+01,
11434,-1.60e-02,2.91e+01,
11435,-1.60e-02,2.91e+01,
11436,-1.60e-02,2.91e+01,
11437,-1.60e-02,2.91e+01,
11438,-1.60e-02,2.87e+01,
11439,-1.60e-02,2.91e+01,
11440,-1.60e-02,2.91e+01,
11441,-1.60e-02,2.91e+01,
11442,-1.60e-02,2.91e+01,
11443,-8.00e-03,2.87e+01,
11444,-1.60e-02,2.91e+01,
11445,-1.60e-02,2.91e+01,
11446,-1.60e-02,2.91e+01,
11447,-1.60e-02,2.91e+01,
11448,-1.60e-02,2.91e+01,
11449,-1.60e-02,2.91e+01,
11450,-1.60e-02,2.91e+01,
11451,-1.60e-02,2.91e+01,
11452,-1.60e-02,2.87e+01,
11453,-1.60e-02,2.91e+01,
11454,-1.60e-02,2.91e+01,
11455,-1.60e-02,2.91e+01,
11456,-1.60e-02,2.91e+01,
11457,-1.60e-02,2.91e+01,
11458,-1.60e-02,2.91e+01,
11459,-1.60e-02,2.91e+01,
11460,-1.60e-02,2.91e+01,
11461,-1.60e-02,2.91e+01,
11462,-1.60e-02,2.91e+01,
11463,-1.60e-02,2.91e+01,
11464,-1.60e-02,2.91e+01,
11465,-1.60e-02,2.87e+01,
11466,-1.60e-02,2.91e+01,
11467,-8.00e-03,2.91e+01,
11468,-1.60e-02,2.87e+01,
11469,-1.60e-02,2.91e+01,
11470,-1.60e-02,2.91e+01,
11471,-1.60e-02,2.91e+01,
11472,-1.60e-02,2.87e+01,
11473,-1.60e-02,2.91e+01,
11474,-1.60e-02,2.91e+01,
11475,-1.60e-02,2.91e+01,
11476,-1.60e-02,2.87e+01,
11477,-1.60e-02,2.87e+01,
11478,-1.60e-02,2.91e+01,
11479,-1.60e-02,2.91e+01,
11480,-1.60e-02,2.87e+01,
11481,-1.60e-02,2.87e+01,
11482,-1.60e-02,2.91e+01,
11483,-1.60e-02,2.91e+01,
11484,-1.60e-02,2.91e+01,
11485,-1.60e-02,2.87e+01,
11486,-1.60e-02,2.91e+01,
11487,-1.60e-02,2.91e+01,
11488,-1.60e-02,2.87e+01,
11489,-1.60e-02,2.91e+01,
11490,-1.60e-02,2.91e+01,
11491,-1.60e-02,2.91e+01,
11492,-1.60e-02,2.91e+01,
11493,-1.60e-02,2.91e+01,
11494,-1.60e-02,2.91e+01,
11495,-8.00e-03,2.91e+01,
11496,-1.60e-02,2.87e+01,
11497,-1.60e-02,2.87e+01,
11498,-1.60e-02,2.91e+01,
11499,-8.00e-03,2.91e+01,
11500,-1.60e-02,2.91e+01,
11501,-1.60e-02,2.87e+01,
11502,-8.00e-03,2.91e+01,
11503,-1.60e-02,2.91e+01,
11504,-1.60e-02,2.87e+01,
11505,-1.60e-02,2.87e+01,
11506,-1.60e-02,2.91e+01,
11507,-8.00e-03,2.91e+01,
11508,-1.60e-02,2.87e+01,
11509,-1.60e-02,2.87e+01,
11510,-1.60e-02,2.91e+01,
11511,-1.60e-02,2.87e+01,
11512,-1.60e-02,2.91e+01,
11513,-1.60e-02,2.87e+01,
11514,-1.60e-02,2.91e+01,
11515,-8.00e-03,2.91e+01,
11516,-1.60e-02,2.87e+01,
11517,-1.60e-02,2.87e+01,
11518,-1.60e-02,2.91e+01,
11519,-8.00e-03,2.91e+01,
11520,-1.60e-02,2.91e+01,
11521,-1.60e-02,2.91e+01,
11522,-1.60e-02,2.91e+01,
11523,-1.60e-02,2.91e+01,
11524,-1.60e-02,2.91e+01,
11525,-1.60e-02,2.87e+01,
11526,-1.60e-02,2.91e+01,
11527,-8.00e-03,2.91e+01,
11528,-1.60e-02,2.87e+01,
11529,-1.60e-02,2.91e+01,
11530,-1.60e-02,2.91e+01,
11531,-1.60e-02,2.91e+01,
11532,-1.60e-02,2.87e+01,
11533,-1.60e-02,2.87e+01,
11534,-1.60e-02,2.91e+01,
11535,-1.60e-02,2.91e+01,
11536,-1.60e-02,2.87e+01,
11537,-1.60e-02,2.87e+01,
11538,-1.60e-02,2.91e+01,
11539,-8.00e-03,2.91e+01,
11540,-1.60e-02,2.91e+01,
11541,-1.60e-02,2.91e+01,
11542,-1.60e-02,2.91e+01,
11543,-1.60e-02,2.91e+01,
11544,-1.60e-02,2.87e+01,
11545,-1.60e-02,2.87e+01,
11546,-1.60e-02,2.91e+01,
11547,-8.00e-03,2.87e+01,
11548,-1.60e-02,2.91e+01,
11549,-1.60e-02,2.87e+01,
11550,-1.60e-02,2.91e+01,
11551,-1.60e-02,2.87e+01,
11552,-1.60e-02,2.87e+01,
11553,-1.60e-02,2.87e+01,
11554,-1.60e-02,2.91e+01,
11555,-8.00e-03,2.91e+01,
11556,-1.60e-02,2.87e+01,
11557,-1.60e-02,2.87e+01,
11558,-1.60e-02,2.91e+01,
11559,-8.00e-03,2.91e+01,
11560,-1.60e-02,2.87e+01,
11561,-1.60e-02,2.87e+01,
11562,-1.60e-02,2.91e+01,
11563,-1.60e-02,2.91e+01,
11564,-1.60e-02,2.87e+01,
11565,-1.60e-02,2.87e+01,
11566,-1.60e-02,2.91e+01,
11567,-8.00e-03,2.91e+01,
11568,-1.60e-02,2.87e+01,
11569,-1.60e-02,2.91e+01,
11570,-1.60e-02,2.91e+01,
11571,-8.00e-03,2.91e+01,
11572,-1.60e-02,2.91e+01,
11573,-1.60e-02,2.87e+01,
11574,-1.60e-02,2.91e+01,
11575,-1.60e-02,2.87e+01,
11576,-1.60e-02,2.87e+01,
11577,-1.60e-02,2.87e+01,
11578,-1.60e-02,2.91e+01,
11579,-8.00e-03,2.87e+01,
11580,-1.60e-02,2.91e+01,
11581,-1.60e-02,2.91e+01,
11582,-1.60e-02,2.91e+01,
11583,-1.60e-02,2.87e+01,
11584,-1.60e-02,2.87e+01,
11585,-1.60e-02,2.87e+01,
11586,-1.60e-02,2.87e+01,
11587,-8.00e-03,2.87e+01,
11588,-1.60e-02,2.87e+01,
11589,-1.60e-02,2.87e+01,
11590,-1.60e-02,2.87e+01,
11591,-8.00e-03,2.91e+01,
11592,-1.60e-02,2.87e+01,
11593,-1.60e-02,2.87e+01,
11594,-1.60e-02,2.91e+01,
11595,-8.00e-03,2.91e+01,
11596,-1.60e-02,2.87e+01,
11597,-1.60e-02,2.87e+01,
11598,-1.60e-02,2.87e+01,
11599,-1.60e-02,2.91e+01,
11600,-1.60e-02,2.87e+01,
11601,-1.60e-02,2.87e+01,
11602,-1.60e-02,2.91e+01,
11603,-1.60e-02,2.91e+01,
11604,-1.60e-02,2.87e+01,
11605,-1.60e-02,2.87e+01,
11606,-1.60e-02,2.91e+01,
11607,-8.00e-03,2.91e+01,
11608,-1.60e-02,2.87e+01,
11609,-1.60e-02,2.87e+01,
11610,-1.60e-02,2.91e+01,
11611,-8.00e-03,2.91e+01,
11612,-1.60e-02,2.87e+01,
11613,-1.60e-02,2.87e+01,
11614,-1.60e-02,2.91e+01,
11615,-8.00e-03,2.91e+01,
11616,-1.60e-02,2.87e+01,
11617,-1.60e-02,2.87e+01,
11618,-1.60e-02,2.87e+01,
11619,-1.60e-02,2.87e+01,
11620,-1.60e-02,2.87e+01,
11621,-1.60e-02,2.87e+01,
11622,-1.60e-02,2.91e+01,
11623,-8.00e-03,2.87e+01,
11624,-1.60e-02,2.87e+01,
11625,-1.60e-02,2.87e+01,
11626,-1.60e-02,2.91e+01,
11627,-8.00e-03,2.87e+01,
11628,-1.60e-02,2.87e+01,
11629,-1.60e-02,2.87e+01,
11630,-1.60e-02,2.91e+01,
11631,-1.60e-02,2.87e+01,
11632,-1.60e-02,2.87e+01,
11633,-1.60e-02,2.91e+01,
11634,-1.60e-02,2.91e+01,
11635,-8.00e-03,2.87e+01,
11636,-1.60e-02,2.87e+01,
11637,-1.60e-02,2.87e+01,
11638,-1.60e-02,2.87e+01,
11639,-1.60e-02,2.87e+01,
11640,-1.60e-02,2.87e+01,
11641,-1.60e-02,2.87e+01,
11642,-1.60e-02,2.91e+01,
11643,-8.00e-03,2.87e+01,
11644,-1.60e-02,2.87e+01,
11645,-1.60e-02,2.87e+01,
11646,-1.60e-02,2.87e+01,
11647,-1.60e-02,2.91e+01,
11648,-1.60e-02,2.87e+01,
11649,-1.60e-02,2.87e+01,
11650,-1.60e-02,2.91e+01,
11651,-8.00e-03,2.87e+01,
11652,-1.60e-02,2.87e+01,
11653,-1.60e-02,2.87e+01,
11654,-1.60e-02,2.91e+01,
11655,-1.60e-02,2.87e+01,
11656,-1.60e-02,2.87e+01,
11657,-1.60e-02,2.87e+01,
11658,-1.60e-02,2.87e+01,
11659,-8.00e-03,2.87e+01,
11660,-1.60e-02,2.87e+01,
11661,-1.60e-02,2.87e+01,
11662,-1.60e-02,2.87e+01,
11663,-8.00e-03,2.87e+01,
11664,-1.60e-02,2.87e+01,
11665,-1.60e-02,2.87e+01,
11666,-1.60e-02,2.87e+01,
11667,-1.60e-02,2.87e+01,
11668,-1.60e-02,2.87e+01,
11669,-1.60e-02,2.87e+01,
11670,-1.60e-02,2.91e+01,
11671,-1.60e-02,2.87e+01,
11672,-1.60e-02,2.87e+01,
11673,-1.60e-02,2.87e+01,
11674,-1.60e-02,2.91e+01,
11675,-1.60e-02,2.87e+01,
11676,-1.60e-02,2.87e+01,
11677,-1.60e-02,2.87e+01,
11678,-1.60e-02,2.91e+01,
11679,-8.00e-03,2.87e+01,
11680,-1.60e-02,2.87e+01,
11681,-1.60e-02,2.87e+01,
11682,-1.60e-02,2.91e+01,
11683,-8.00e-03,2.87e+01,
11684,-1.60e-02,2.87e+01,
11685,-8.00e-03,2.87e+01,
11686,-1.60e-02,2.91e+01,
11687,-1.60e-02,2.87e+01,
11688,-1.60e-02,2.87e+01,
11689,-1.60e-02,2.87e+01,
11690,-1.60e-02,2.91e+01,
11691,-8.00e-03,2.87e+01,
11692,-1.60e-02,2.87e+01,
11693,-1.60e-02,2.87e+01,
11694,-1.60e-02,2.87e+01,
11695,-1.60e-02,2.87e+01,
11696,-1.60e-02,2.87e+01,
11697,-1.60e-02,2.87e+01,
11698,-1.60e-02,2.87e+01,
11699,-8.00e-03,2.87e+01,
11700,-1.60e-02,2.87e+01,
11701,-1.60e-02,2.87e+01,
11702,-1.60e-02,2.91e+01,
11703,-8.00e-03,2.87e+01,
11704,-1.60e-02,2.87e+01,
11705,-1.60e-02,2.87e+01,
11706,-1.60e-02,2.87e+01,
11707,-8.00e-03,2.87e+01,
11708,-1.60e-02,2.87e+01,
11709,-1.60e-02,2.87e+01,
11710,-1.60e-02,2.87e+01,
11711,-8.00e-03,2.87e+01,
11712,-1.60e-02,2.87e+01,
11713,-1.60e-02,2.87e+01,
11714,-1.60e-02,2.87e+01,
11715,-1.60e-02,2.87e+01,
11716,-1.60e-02,2.87e+01,
11717,-1.60e-02,2.87e+01,
11718,-1.60e-02,2.87e+01,
11719,-1.60e-02,2.87e+01,
11720,-1.60e-02,2.87e+01,
11721,-1.60e-02,2.87e+01,
11722,-1.60e-02,2.87e+01,
11723,-8.00e-03,2.87e+01,
11724,-1.60e-02,2.87e+01,
11725,-1.60e-02,2.87e+01,
11726,-1.60e-02,2.87e+01,
11727,-1.60e-02,2.87e+01,
11728,-1.60e-02,2.87e+01,
11729,-1.60e-02,2.87e+01,
11730,-1.60e-02,2.87e+01,
11731,-1.60e-02,2.87e+01,
11732,-1.60e-02,2.87e+01,
11733,-1.60e-02,2.87e+01,
11734,-1.60e-02,2.87e+01,
11735,-1.60e-02,2.87e+01,
11736,-1.60e-02,2.87e+01,
11737,-1.60e-02,2.87e+01,
11738,-1.60e-02,2.87e+01,
11739,-1.60e-02,2.87e+01,
11740,-1.60e-02,2.87e+01,
11741,-1.60e-02,2.87e+01,
11742,-1.60e-02,2.87e+01,
11743,-1.60e-02,2.87e+01,
11744,-1.60e-02,2.87e+01,
11745,-1.60e-02,2.87e+01,
11746,-1.60e-02,2.87e+01,
11747,-8.00e-03,2.87e+01,
11748,-1.60e-02,2.87e+01,
11749,-1.60e-02,2.87e+01,
11750,-1.60e-02,2.87e+01,
11751,-1.60e-02,2.87e+01,
11752,-1.60e-02,2.87e+01,
11753,-1.60e-02,2.87e+01,
11754,-1.60e-02,2.87e+01,
11755,-8.00e-03,2.87e+01,
11756,-1.60e-02,2.87e+01,
11757,-1.60e-02,2.87e+01,
11758,-1.60e-02,2.87e+01,
11759,-1.60e-02,2.87e+01,
11760,-1.60e-02,2.87e+01,
11761,-1.60e-02,2.87e+01,
11762,-1.60e-02,2.87e+01,
11763,-8.00e-03,2.87e+01,
11764,-1.60e-02,2.87e+01,
11765,-1.60e-02,2.87e+01,
11766,-1.60e-02,2.87e+01,
11767,-8.00e-03,2.87e+01,
11768,-1.60e-02,2.87e+01,
11769,-1.60e-02,2.87e+01,
11770,-1.60e-02,2.87e+01,
11771,-1.60e-02,2.87e+01,
11772,-1.60e-02,2.87e+01,
11773,-1.60e-02,2.87e+01,
11774,-1.60e-02,2.87e+01,
11775,-1.60e-02,2.87e+01,
11776,-1.60e-02,2.87e+01,
11777,-1.60e-02,2.87e+01,
11778,-1.60e-02,2.87e+01,
11779,-1.60e-02,2.87e+01,
11780,-1.60e-02,2.87e+01,
11781,-1.60e-02,2.87e+01,
11782,-1.60e-02,2.87e+01,
11783,-1.60e-02,2.87e+01,
11784,-1.60e-02,2.87e+01,
11785,-1.60e-02,2.87e+01,
11786,-1.60e-02,2.87e+01,
11787,-8.00e-03,2.87e+01,
11788,-1.60e-02,2.87e+01,
11789,-1.60e-02,2.87e+01,
11790,-1.60e-02,2.87e+01,
11791,-1.60e-02,2.87e+01,
11792,-1.60e-02,2.87e+01,
11793,-1.60e-02,2.87e+01,
11794,-1.60e-02,2.87e+01,
11795,-8.00e-03,2.87e+01,
11796,-1.60e-02,2.87e+01,
11797,-1.60e-02,2.87e+01,
11798,-1.60e-02,2.87e+01,
11799,-8.00e-03,2.87e+01,
11800,-1.60e-02,2.87e+01,
11801,-1.60e-02,2.87e+01,
11802,-1.60e-02,2.87e+01,
11803,-8.00e-03,2.87e+01,
11804,-1.60e-02,2.87e+01,
11805,-1.60e-02,2.87e+01,
11806,-1.60e-02,2.87e+01,
11807,-1.60e-02,2.87e+01,
11808,-1.60e-02,2.87e+01,
11809,-1.60e-02,2.87e+01,
11810,-1.60e-02,2.87e+01,
11811,-1.60e-02,2.87e+01,
11812,-1.60e-02,2.87e+01,
11813,-1.60e-02,2.87e+01,
11814,-1.60e-02,2.87e+01,
11815,-1.60e-02,2.87e+01,
11816,-1.60e-02,2.87e+01,
11817,-1.60e-02,2.87e+01,
11818,-1.60e-02,2.87e+01,
11819,-8.00e-03,2.87e+01,
11820,-1.60e-02,2.87e+01,
11821,-1.60e-02,2.87e+01,
11822,-1.60e-02,2.87e+01,
11823,-8.00e-03,2.87e+01,
11824,-1.60e-02,2.87e+01,
11825,-1.60e-02,2.87e+01,
11826,-1.60e-02,2.87e+01,
11827,-1.60e-02,2.87e+01,
11828,-1.60e-02,2.87e+01,
11829,-1.60e-02,2.87e+01,
11830,-1.60e-02,2.87e+01,
11831,-1.60e-02,2.87e+01,
11832,-1.60e-02,2.87e+01,
11833,-1.60e-02,2.87e+01,
11834,-1.60e-02,2.87e+01,
11835,-1.60e-02,2.87e+01,
11836,-1.60e-02,2.87e+01,
11837,-1.60e-02,2.87e+01,
11838,-1.60e-02,2.87e+01,
11839,-1.60e-02,2.87e+01,
11840,-1.60e-02,2.87e+01,
11841,-1.60e-02,2.87e+01,
11842,-1.60e-02,2.87e+01,
11843,-1.60e-02,2.87e+01,
11844,-1.60e-02,2.87e+01,
11845,-1.60e-02,2.87e+01,
11846,-1.60e-02,2.87e+01,
11847,-8.00e-03,2.87e+01,
11848,-1.60e-02,2.87e+01,
11849,-1.60e-02,2.87e+01,
11850,-1.60e-02,2.87e+01,
11851,-8.00e-03,2.87e+01,
11852,-1.60e-02,2.87e+01,
11853,-1.60e-02,2.87e+01,
11854,-1.60e-02,2.87e+01,
11855,-1.60e-02,2.87e+01,
11856,-1.60e-02,2.87e+01,
11857,-1.60e-02,2.87e+01,
11858,-1.60e-02,2.87e+01,
11859,-8.00e-03,2.87e+01,
11860,-1.60e-02,2.87e+01,
11861,-1.60e-02,2.87e+01,
11862,-1.60e-02,2.87e+01,
11863,-8.00e-03,2.87e+01,
11864,-1.60e-02,2.87e+01,
11865,-1.60e-02,2.87e+01,
11866,-1.60e-02,2.87e+01,
11867,-8.00e-03,2.87e+01,
11868,-1.60e-02,2.87e+01,
11869,-1.60e-02,2.87e+01,
11870,-1.60e-02,2.87e+01,
11871,-1.60e-02,2.87e+01,
11872,-1.60e-02,2.87e+01,
11873,-1.60e-02,2.87e+01,
11874,-1.60e-02,2.87e+01,
11875,-8.00e-03,2.87e+01,
11876,-1.60e-02,2.87e+01,
11877,-1.60e-02,2.87e+01,
11878,-1.60e-02,2.87e+01,
11879,-1.60e-02,2.87e+01,
11880,-1.60e-02,2.87e+01,
11881,-1.60e-02,2.87e+01,
11882,-1.60e-02,2.87e+01,
11883,-1.60e-02,2.87e+01,
11884,-1.60e-02,2.87e+01,
11885,-1.60e-02,2.87e+01,
11886,-1.60e-02,2.87e+01,
11887,-1.60e-02,2.87e+01,
11888,-1.60e-02,2.87e+01,
11889,-1.60e-02,2.87e+01,
11890,-1.60e-02,2.87e+01,
11891,-1.60e-02,2.87e+01,
11892,-1.60e-02,2.87e+01,
11893,-1.60e-02,2.87e+01,
11894,-1.60e-02,2.87e+01,
11895,-1.60e-02,2.87e+01,
11896,-1.60e-02,2.87e+01,
11897,-1.60e-02,2.87e+01,
11898,-1.60e-02,2.87e+01,
11899,-8.00e-03,2.87e+01,
11900,-1.60e-02,2.87e+01,
11901,-1.60e-02,2.87e+01,
11902,-1.60e-02,2.87e+01,
11903,-1.60e-02,2.87e+01,
11904,-1.60e-02,2.87e+01,
11905,-1.60e-02,2.87e+01,
11906,-1.60e-02,2.87e+01,
11907,-8.00e-03,2.87e+01,
11908,-1.60e-02,2.87e+01,
11909,-1.60e-02,2.87e+01,
11910,-1.60e-02,2.87e+01,
11911,-1.60e-02,2.87e+01,
11912,-1.60e-02,2.87e+01,
11913,-1.60e-02,2.87e+01,
11914,-1.60e-02,2.87e+01,
11915,-1.60e-02,2.87e+01,
11916,-1.60e-02,2.87e+01,
11917,-1.60e-02,2.87e+01,
11918,-1.60e-02,2.87e+01,
11919,-8.00e-03,2.87e+01,
11920,-1.60e-02,2.87e+01,
11921,-1.60e-02,2.87e+01,
11922,-1.60e-02,2.87e+01,
11923,-1.60e-02,2.87e+01,
11924,-1.60e-02,2.87e+01,
11925,-1.60e-02,2.87e+01,
11926,-1.60e-02,2.87e+01,
11927,-1.60e-02,2.87e+01,
11928,-1.60e-02,2.87e+01,
11929,-1.60e-02,2.87e+01,
11930,-1.60e-02,2.87e+01,
11931,-8.00e-03,2.87e+01,
11932,-1.60e-02,2.87e+01,
11933,-1.60e-02,2.87e+01,
11934,-1.60e-02,2.87e+01,
11935,-1.60e-02,2.87e+01,
11936,-1.60e-02,2.87e+01,
11937,-1.60e-02,2.87e+01,
11938,-1.60e-02,2.87e+01,
11939,-8.00e-03,2.87e+01,
11940,-1.60e-02,2.87e+01,
11941,-1.60e-02,2.87e+01,
11942,-1.60e-02,2.87e+01,
11943,-1.60e-02,2.87e+01,
11944,-1.60e-02,2.87e+01,
11945,-8.00e-03,2.87e+01,
11946,-1.60e-02,2.87e+01,
11947,-8.00e-03,2.87e+01,
11948,-1.60e-02,2.87e+01,
11949,-1.60e-02,2.87e+01,
11950,-1.60e-02,2.87e+01,
11951,-1.60e-02,2.87e+01,
11952,-1.60e-02,2.87e+01,
11953,-1.60e-02,2.87e+01,
11954,-1.60e-02,2.87e+01,
11955,-1.60e-02,2.87e+01,
11956,-1.60e-02,2.87e+01,
11957,-1.60e-02,2.87e+01,
11958,-1.60e-02,2.87e+01,
11959,-1.60e-02,2.87e+01,
11960,-1.60e-02,2.87e+01,
11961,-1.60e-02,2.87e+01,
11962,-1.60e-02,2.87e+01,
11963,-8.00e-03,2.87e+01,
11964,-1.60e-02,2.87e+01,
11965,-1.60e-02,2.87e+01,
11966,-1.60e-02,2.87e+01,
11967,-1.60e-02,2.87e+01,
11968,-1.60e-02,2.87e+01,
11969,-1.60e-02,2.87e+01,
11970,-1.60e-02,2.87e+01,
11971,-8.00e-03,2.87e+01,
11972,-1.60e-02,2.87e+01,
11973,-1.60e-02,2.87e+01,
11974,-1.60e-02,2.87e+01,
11975,-8.00e-03,2.87e+01,
11976,-1.60e-02,2.87e+01,
11977,-1.60e-02,2.87e+01,
11978,-1.60e-02,2.87e+01,
11979,-1.60e-02,2.87e+01,
11980,-1.60e-02,2.87e+01,
11981,-1.60e-02,2.87e+01,
11982,-1.60e-02,2.87e+01,
11983,-1.60e-02,2.87e+01,
11984,-1.60e-02,2.87e+01,
11985,-1.60e-02,2.87e+01,
11986,-1.60e-02,2.87e+01,
11987,-8.00e-03,2.87e+01,
11988,-1.60e-02,2.87e+01,
11989,-1.60e-02,2.87e+01,
11990,-1.60e-02,2.87e+01,
11991,-8.00e-03,2.87e+01,
11992,-1.60e-02,2.87e+01,
11993,-1.60e-02,2.87e+01,
11994,-1.60e-02,2.87e+01,
11995,-8.00e-03,2.87e+01,
11996,-1.60e-02,2.87e+01,
11997,-1.60e-02,2.87e+01,
11998,-1.60e-02,2.87e+01,
11999,-1.60e-02,2.87e+01,
12000,-1.60e-02,2.87e+01,
12001,-1.60e-02,2.87e+01,
12002,-1.60e-02,2.87e+01,
12003,-1.60e-02,2.87e+01,
12004,-1.60e-02,2.87e+01,
12005,-1.60e-02,2.87e+01,
12006,-1.60e-02,2.87e+01,
12007,-8.00e-03,2.87e+01,
12008,-1.60e-02,2.87e+01,
12009,-1.60e-02,2.87e+01,
12010,-1.60e-02,2.87e+01,
12011,-1.60e-02,2.87e+01,
12012,-1.60e-02,2.87e+01,
12013,-1.60e-02,2.87e+01,
12014,-1.60e-02,2.87e+01,
12015,-1.60e-02,2.87e+01,
12016,-1.60e-02,2.87e+01,
12017,-1.60e-02,2.87e+01,
12018,-1.60e-02,2.87e+01,
12019,-1.60e-02,2.87e+01,
12020,-1.60e-02,2.87e+01,
12021,-1.60e-02,2.87e+01,
12022,-1.60e-02,2.87e+01,
12023,-1.60e-02,2.87e+01,
12024,-1.60e-02,2.87e+01,
12025,-1.60e-02,2.87e+01,
12026,-1.60e-02,2.87e+01,
12027,-8.00e-03,2.87e+01,
12028,-1.60e-02,2.87e+01,
12029,-1.60e-02,2.79e+01,
12030,-1.60e-02,2.87e+01,
12031,-8.00e-03,2.79e+01,
12032,-1.60e-02,2.87e+01,
12033,-1.60e-02,2.87e+01,
12034,-1.60e-02,2.87e+01,
12035,-8.00e-03,2.87e+01,
12036,-1.60e-02,2.87e+01,
12037,-1.60e-02,2.79e+01,
12038,-1.60e-02,2.87e+01,
12039,-1.60e-02,2.87e+01,
12040,-1.60e-02,2.79e+01,
12041,-1.60e-02,2.79e+01,
12042,-1.60e-02,2.87e+01,
12043,-1.60e-02,2.87e+01,
12044,-1.60e-02,2.87e+01,
12045,-1.60e-02,2.87e+01,
12046,-1.60e-02,2.87e+01,
12047,-1.60e-02,2.87e+01,
12048,-1.60e-02,2.87e+01,
12049,-1.60e-02,2.87e+01,
12050,-1.60e-02,2.79e+01,
12051,-1.60e-02,2.79e+01,
12052,-1.60e-02,2.87e+01,
12053,-1.60e-02,2.87e+01,
12054,-1.60e-02,2.87e+01,
12055,-1.60e-02,2.87e+01,
12056,-1.60e-02,2.87e+01,
12057,-1.60e-02,2.87e+01,
12058,-1.60e-02,2.87e+01,
12059,-8.00e-03,2.87e+01,
12060,-1.60e-02,2.79e+01,
12061,-1.60e-02,2.87e+01,
12062,-1.60e-02,2.87e+01,
12063,-1.60e-02,2.87e+01,
12064,-1.60e-02,2.87e+01,
12065,-1.60e-02,2.87e+01,
12066,-1.60e-02,2.87e+01,
12067,-8.00e-03,2.87e+01,
12068,-1.60e-02,2.79e+01,
12069,-1.60e-02,2.79e+01,
12070,-1.60e-02,2.87e+01,
12071,-1.60e-02,2.87e+01,
12072,-1.60e-02,2.87e+01,
12073,-1.60e-02,2.79e+01,
12074,-1.60e-02,2.87e+01,
12075,-1.60e-02,2.79e+01,
12076,-1.60e-02,2.79e+01,
12077,-1.60e-02,2.79e+01,
12078,-1.60e-02,2.87e+01,
12079,-8.00e-03,2.79e+01,
12080,-1.60e-02,2.87e+01,
12081,-1.60e-02,2.79e+01,
12082,-1.60e-02,2.87e+01,
12083,-1.60e-02,2.87e+01,
12084,-1.60e-02,2.87e+01,
12085,-1.60e-02,2.87e+01,
12086,-1.60e-02,2.87e+01,
12087,-8.00e-03,2.87e+01,
12088,-1.60e-02,2.79e+01,
12089,-1.60e-02,2.79e+01,
12090,-1.60e-02,2.87e+01,
12091,-1.60e-02,2.87e+01,
12092,-1.60e-02,2.87e+01,
12093,-1.60e-02,2.79e+01,
12094,-1.60e-02,2.87e+01,
12095,-1.60e-02,2.87e+01,
12096,-1.60e-02,2.79e+01,
12097,-1.60e-02,2.87e+01,
12098,-1.60e-02,2.87e+01,
12099,-8.00e-03,2.79e+01,
12100,-1.60e-02,2.79e+01,
12101,-1.60e-02,2.79e+01,
12102,-1.60e-02,2.87e+01,
12103,-1.60e-02,2.79e+01,
12104,-1.60e-02,2.79e+01,
12105,-1.60e-02,2.79e+01,
12106,-1.60e-02,2.87e+01,
12107,-1.60e-02,2.79e+01,
12108,-1.60e-02,2.79e+01,
12109,-1.60e-02,2.79e+01,
12110,-1.60e-02,2.87e+01,
12111,-1.60e-02,2.79e+01,
12112,-1.60e-02,2.79e+01,
12113,-1.60e-02,2.79e+01,
12114,-1.60e-02,2.79e+01,
12115,-1.60e-02,2.79e+01,
12116,-1.60e-02,2.79e+01,
12117,-1.60e-02,2.79e+01,
12118,-1.60e-02,2.79e+01,
12119,-8.00e-03,2.79e+01,
12120,-1.60e-02,2.79e+01,
12121,-1.60e-02,2.79e+01,
12122,-1.60e-02,2.79e+01,
12123,-1.60e-02,2.79e+01,
12124,-1.60e-02,2.79e+01,
12125,-1.60e-02,2.79e+01,
12126,-1.60e-02,2.79e+01,
12127,-1.60e-02,2.79e+01,
12128,-1.60e-02,2.79e+01,
12129,-1.60e-02,2.79e+01,
12130,-1.60e-02,2.79e+01,
12131,-8.00e-03,2.79e+01,
12132,-1.60e-02,2.79e+01,
12133,-1.60e-02,2.79e+01,
12134,-1.60e-02,2.79e+01,
12135,-1.60e-02,2.79e+01,
12136,-1.60e-02,2.79e+01,
12137,-1.60e-02,2.79e+01,
12138,-1.60e-02,2.79e+01,
12139,-1.60e-02,2.75e+01,
12140,-1.60e-02,2.75e+01,
12141,-1.60e-02,2.75e+01,
12142,-1.60e-02,2.75e+01,
12143,-1.60e-02,2.75e+01,
12144,-1.60e-02,2.75e+01,
12145,-1.60e-02,2.75e+01,
12146,-1.60e-02,2.75e+01,
12147,-1.60e-02,2.75e+01,
12148,-1.60e-02,2.71e+01,
12149,-1.60e-02,2.71e+01,
12150,-1.60e-02,2.75e+01,
12151,-1.60e-02,2.71e+01,
12152,-1.60e-02,2.71e+01,
12153,-1.60e-02,2.71e+01,
12154,-1.60e-02,2.71e+01,
12155,-1.60e-02,2.71e+01,
12156,-1.60e-02,2.67e+01,
12157,-1.60e-02,2.67e+01,
12158,-1.60e-02,2.67e+01,
12159,-1.60e-02,2.67e+01,
12160,-1.60e-02,2.67e+01,
12161,-1.60e-02,2.63e+01,
12162,-1.60e-02,2.63e+01,
12163,-8.00e-03,2.63e+01,
12164,-1.60e-02,2.63e+01,
12165,-1.60e-02,2.63e+01,
12166,-1.60e-02,2.63e+01,
12167,-1.60e-02,2.59e+01,
12168,-1.60e-02,2.59e+01,
12169,-1.60e-02,2.59e+01,
12170,-1.60e-02,2.59e+01,
12171,-1.60e-02,2.59e+01,
12172,-1.60e-02,2.55e+01,
12173,-1.60e-02,2.55e+01,
12174,-1.60e-02,2.55e+01,
12175,-1.60e-02,2.55e+01,
12176,-1.60e-02,2.51e+01,
12177,-1.60e-02,2.51e+01,
12178,-1.60e-02,2.51e+01,
12179,-1.60e-02,2.51e+01,
12180,-1.60e-02,2.51e+01,
12181,-1.60e-02,2.47e+01,
12182,-1.60e-02,2.47e+01,
12183,-1.60e-02,2.47e+01,
12184,-1.60e-02,2.43e+01,
12185,-1.60e-02,2.43e+01,
12186,-1.60e-02,2.43e+01,
12187,-1.60e-02,2.43e+01,
12188,-1.60e-02,2.43e+01,
12189,-1.60e-02,2.39e+01,
12190,-1.60e-02,2.43e+01,
12191,-1.60e-02,2.39e+01,
12192,-1.60e-02,2.35e+01,
12193,-1.60e-02,2.35e+01,
12194,-1.60e-02,2.35e+01,
12195,-1.60e-02,2.35e+01,
12196,-1.60e-02,2.31e+01,
12197,-1.60e-02,2.31e+01,
12198,-1.60e-02,2.31e+01,
12199,-1.60e-02,2.31e+01,
12200,-1.60e-02,2.27e+01,
12201,-1.60e-02,2.27e+01,
12202,-1.60e-02,2.27e+01,
12203,-1.60e-02,2.27e+01,
12204,-1.60e-02,2.19e+01,
12205,-1.60e-02,2.19e+01,
12206,-1.60e-02,2.19e+01,
12207,-1.60e-02,2.19e+01,
12208,-1.60e-02,2.15e+01,
12209,-1.60e-02,2.15e+01,
12210,-1.60e-02,2.15e+01,
12211,-1.60e-02,2.15e+01,
12212,-1.60e-02,2.11e+01,
12213,-1.60e-02,2.11e+01,
12214,-1.60e-02,2.11e+01,
12215,-1.60e-02,2.07e+01,
12216,-1.60e-02,2.07e+01,
12217,-1.60e-02,2.07e+01,
12218,-1.60e-02,2.07e+01,
12219,-1.60e-02,2.03e+01,
12220,-1.60e-02,2.03e+01,
12221,-1.60e-02,2.03e+01,
12222,-1.60e-02,2.03e+01,
12223,-1.60e-02,1.99e+01,
12224,-1.60e-02,1.99e+01,
12225,-1.60e-02,1.99e+01,
12226,-1.60e-02,1.95e+01,
12227,-1.60e-02,1.95e+01,
12228,-1.60e-02,1.95e+01,
12229,-1.60e-02,1.91e+01,
12230,-1.60e-02,1.91e+01,
12231,-1.60e-02,1.91e+01,
12232,-1.60e-02,1.87e+01,
12233,-1.60e-02,1.87e+01,
12234,-1.60e-02,1.87e+01,
12235,-1.60e-02,1.87e+01,
12236,-1.60e-02,1.83e+01,
12237,-1.60e-02,1.83e+01,
12238,-1.60e-02,1.83e+01,
12239,-1.60e-02,1.83e+01,
12240,-1.60e-02,1.79e+01,
12241,-1.60e-02,1.79e+01,
12242,-1.60e-02,1.79e+01,
12243,-1.60e-02,1.79e+01,
12244,-1.60e-02,1.75e+01,
12245,-1.60e-02,1.75e+01,
12246,-1.60e-02,1.75e+01,
12247,-1.60e-02,1.75e+01,
12248,-1.60e-02,1.71e+01,
12249,-1.60e-02,1.71e+01,
12250,-1.60e-02,1.71e+01,
12251,-1.60e-02,1.67e+01,
12252,-1.60e-02,1.67e+01,
12253,-1.60e-02,1.59e+01,
12254,-1.60e-02,1.67e+01,
12255,-1.60e-02,1.59e+01,
12256,-1.60e-02,1.59e+01,
12257,-1.60e-02,1.59e+01,
12258,-1.60e-02,1.59e+01,
12259,-1.60e-02,1.55e+01,
12260,-1.60e-02,1.55e+01,
12261,-1.60e-02,1.51e+01,
12262,-1.60e-02,1.55e+01,
12263,-1.60e-02,1.51e+01,
12264,-1.60e-02,1.47e+01,
12265,-1.60e-02,1.51e+01,
12266,-1.60e-02,1.47e+01,
12267,-1.60e-02,1.47e+01,
12268,-1.60e-02,1.47e+01,
12269,-1.60e-02,1.43e+01,
12270,-1.60e-02,1.47e+01,
12271,-1.60e-02,1.43e+01,
12272,-1.60e-02,1.43e+01,
12273,-1.60e-02,1.43e+01,
12274,-1.60e-02,1.43e+01,
12275,-1.60e-02,1.39e+01,
12276,-1.60e-02,1.39e+01,
12277,-1.60e-02,1.35e+01,
12278,-1.60e-02,1.39e+01,
12279,-1.60e-02,1.35e+01,
12280,-1.60e-02,1.35e+01,
12281,-1.60e-02,1.35e+01,
12282,-1.60e-02,1.35e+01,
12283,-1.60e-02,1.31e+01,
12284,-1.60e-02,1.31e+01,
12285,-1.60e-02,1.31e+01,
12286,-1.60e-02,1.31e+01,
12287,-1.60e-02,1.27e+01,
12288,-1.60e-02,1.27e+01,
12289,-1.60e-02,1.27e+01,
12290,-1.60e-02,1.27e+01,
12291,-1.60e-02,1.27e+01,
12292,-1.60e-02,1.23e+01,
12293,-1.60e-02,1.23e+01,
12294,-1.60e-02,1.23e+01,
12295,-1.60e-02,1.19e+01,
12296,-1.60e-02,1.19e+01,
12297,-1.60e-02,1.19e+01,
12298,-1.60e-02,1.19e+01,
12299,-1.60e-02,1.19e+01,
12300,-1.60e-02,1.15e+01,
12301,-1.60e-02,1.15e+01,
12302,-1.60e-02,1.15e+01,
12303,-1.60e-02,1.15e+01,
12304,-1.60e-02,1.15e+01,
12305,-1.60e-02,1.15e+01,
12306,-1.60e-02,1.15e+01,
12307,-1.60e-02,1.11e+01,
12308,-1.60e-02,1.11e+01,
12309,-1.60e-02,1.11e+01,
12310,-1.60e-02,1.11e+01,
12311,-1.60e-02,1.07e+01,
12312,-1.60e-02,1.07e+01,
12313,-1.60e-02,1.07e+01,
12314,-1.60e-02,1.07e+01,
12315,-1.60e-02,1.07e+01,
12316,-1.60e-02,1.07e+01,
12317,-1.60e-02,9.90e+00,
12318,-1.60e-02,1.07e+01,
12319,-1.60e-02,9.90e+00,
12320,-1.60e-02,9.90e+00,
12321,-1.60e-02,9.90e+00,
12322,-1.60e-02,9.90e+00,
12323,-1.60e-02,9.50e+00,
12324,-1.60e-02,9.50e+00,
12325,-1.60e-02,9.50e+00,
12326,-1.60e-02,9.50e+00,
12327,-1.60e-02,9.50e+00,
12328,-1.60e-02,9.50e+00,
12329,-1.60e-02,9.50e+00,
12330,-1.60e-02,9.50e+00,
12331,-1.60e-02,9.50e+00,
12332,-1.60e-02,9.10e+00,
12333,-1.60e-02,9.10e+00,
12334,-1.60e-02,9.10e+00,
12335,-1.60e-02,9.10e+00,
12336,-1.60e-02,9.10e+00,
12337,-1.60e-02,9.10e+00,
12338,-1.60e-02,9.10e+00,
12339,-1.60e-02,8.70e+00,
12340,-1.60e-02,8.70e+00,
12341,-1.60e-02,8.70e+00,
12342,-1.60e-02,8.70e+00,
12343,-1.60e-02,8.70e+00,
12344,-1.60e-02,8.30e+00,
12345,-1.60e-02,8.70e+00,
12346,-1.60e-02,8.70e+00,
12347,-8.00e-03,8.70e+00,
12348,-1.60e-02,8.30e+00,
12349,-1.60e-02,8.30e+00,
12350,-1.60e-02,8.30e+00,
12351,-1.60e-02,8.30e+00,
12352,-1.60e-02,8.30e+00,
12353,-1.60e-02,8.30e+00,
12354,-1.60e-02,8.30e+00,
12355,-8.00e-03,8.30e+00,
12356,-1.60e-02,7.90e+00,
12357,-1.60e-02,8.30e+00,
12358,-1.60e-02,8.30e+00,
12359,-8.00e-03,7.90e+00,
12360,-1.60e-02,7.90e+00,
12361,-8.00e-03,7.90e+00,
12362,-1.60e-02,7.90e+00,
12363,-8.00e-03,7.90e+00,
12364,-1.60e-02,7.90e+00,
12365,-1.60e-02,7.90e+00,
12366,-1.60e-02,7.90e+00,
12367,-8.00e-03,7.90e+00,
12368,-1.60e-02,7.90e+00,
12369,-1.60e-02,7.90e+00,
12370,-1.60e-02,7.90e+00,
12371,-1.60e-02,7.90e+00,
12372,-1.60e-02,7.50e+00,
12373,-1.60e-02,7.50e+00,
12374,-1.60e-02,7.90e+00,
12375,-8.00e-03,7.50e+00,
12376,-1.60e-02,7.50e+00,
12377,-1.60e-02,7.50e+00,
12378,-1.60e-02,7.50e+00,
12379,-8.00e-03,7.50e+00,
12380,-1.60e-02,7.50e+00,
12381,-1.60e-02,7.50e+00,
12382,-8.00e-03,7.50e+00,
12383,-8.00e-03,7.50e+00,
12384,-1.60e-02,7.50e+00,
12385,-8.00e-03,7.50e+00,
12386,-8.00e-03,7.50e+00,
12387,-8.00e-03,7.50e+00,
12388,-1.60e-02,7.50e+00,
12389,-1.60e-02,7.50e+00,
12390,-1.60e-02,7.50e+00,
12391,-8.00e-03,7.50e+00,
12392,-1.60e-02,7.10e+00,
12393,-1.60e-02,7.50e+00,
12394,-1.60e-02,7.50e+00,
12395,-8.00e-03,7.50e+00,
12396,-1.60e-02,7.50e+00,
12397,-1.60e-02,7.50e+00,
12398,-1.60e-02,7.50e+00,
12399,-8.00e-03,7.50e+00,
12400,-1.60e-02,7.50e+00,
12401,-1.60e-02,7.50e+00,
12402,-8.00e-03,7.50e+00,
12403,-8.00e-03,7.50e+00,
12404,-1.60e-02,7.10e+00,
12405,-1.60e-02,7.50e+00,
12406,-1.60e-02,7.50e+00,
12407,-8.00e-03,7.50e+00,
12408,-1.60e-02,7.10e+00,
12409,-8.00e-03,7.50e+00,
12410,-1.60e-02,7.50e+00,
12411,-8.00e-03,7.50e+00,
12412,-1.60e-02,7.50e+00,
12413,-1.60e-02,7.50e+00,
12414,-8.00e-03,7.50e+00,
12415,-8.00e-03,7.50e+00,
12416,-8.00e-03,7.50e+00,
12417,-1.60e-02,7.50e+00,
12418,-1.60e-02,7.50e+00,
12419,-8.00e-03,7.50e+00,
12420,-1.60e-02,7.50e+00,
12421,-8.00e-03,7.50e+00,
12422,-8.00e-03,7.90e+00,
12423,-8.00e-03,7.50e+00,
12424,-1.60e-02,7.50e+00,
12425,-8.00e-03,7.50e+00,
12426,-8.00e-03,7.90e+00,
12427,-8.00e-03,7.50e+00,
12428,-1.60e-02,7.50e+00,
12429,-8.00e-03,7.90e+00,
12430,-8.00e-03,7.90e+00,
12431,-8.00e-03,7.50e+00,
12432,-8.00e-03,7.50e+00,
12433,-1.60e-02,7.90e+00,
12434,-8.00e-03,7.90e+00,
12435,-8.00e-03,7.90e+00,
12436,-8.00e-03,7.90e+00,
12437,-8.00e-03,7.90e+00,
12438,-8.00e-03,8.30e+00,
12439,-8.00e-03,7.90e+00,
12440,-8.00e-03,7.90e+00,
12441,-8.00e-03,7.90e+00,
12442,-8.00e-03,7.90e+00,
12443,-8.00e-03,8.30e+00,
12444,-1.60e-02,7.90e+00,
12445,-8.00e-03,7.90e+00,
12446,-1.60e-02,8.30e+00,
12447,-8.00e-03,8.30e+00,
12448,-8.00e-03,7.90e+00,
12449,-8.00e-03,8.30e+00,
12450,-8.00e-03,8.30e+00,
12451,-8.00e-03,8.30e+00,
12452,-8.00e-03,8.30e+00,
12453,-1.60e-02,8.30e+00,
12454,-8.00e-03,8.70e+00,
12455,-8.00e-03,8.30e+00,
12456,-8.00e-03,8.30e+00,
12457,-8.00e-03,8.70e+00,
12458,-8.00e-03,8.70e+00,
12459,-8.00e-03,8.70e+00,
12460,-1.60e-02,8.30e+00,
12461,-8.00e-03,8.70e+00,
12462,-8.00e-03,9.10e+00,
12463,-8.00e-03,8.70e+00,
12464,-8.00e-03,8.70e+00,
12465,-8.00e-03,9.10e+00,
12466,-8.00e-03,9.10e+00,
12467,-8.00e-03,9.10e+00,
12468,-8.00e-03,9.10e+00,
12469,-8.00e-03,9.10e+00,
12470,-8.00e-03,9.10e+00,
12471,-8.00e-03,9.10e+00,
12472,-8.00e-03,9.10e+00,
12473,-8.00e-03,9.50e+00,
12474,-1.60e-02,9.50e+00,
12475,-8.00e-03,9.50e+00,
12476,-8.00e-03,9.50e+00,
12477,-8.00e-03,9.50e+00,
12478,-8.00e-03,9.90e+00,
12479,-8.00e-03,9.50e+00,
12480,-8.00e-03,9.50e+00,
12481,-8.00e-03,9.90e+00,
12482,-8.00e-03,9.90e+00,
12483,-8.00e-03,9.90e+00,
12484,-8.00e-03,9.90e+00,
12485,-8.00e-03,9.90e+00,
12486,-8.00e-03,1.07e+01,
12487,-8.00e-03,1.07e+01,
12488,-8.00e-03,1.07e+01,
12489,-8.00e-03,1.07e+01,
12490,-8.00e-03,1.07e+01,
12491,-8.00e-03,1.07e+01,
12492,-8.00e-03,1.07e+01,
12493,-8.00e-03,1.11e+01,
12494,-8.00e-03,1.11e+01,
12495,-8.00e-03,1.11e+01,
12496,-8.00e-03,1.11e+01,
12497,-8.00e-03,1.11e+01,
12498,-8.00e-03,1.15e+01,
12499,-8.00e-03,1.15e+01,
12500,-8.00e-03,1.15e+01,
12501,-8.00e-03,1.15e+01,
12502,-8.00e-03,1.19e+01,
12503,-8.00e-03,1.19e+01,
12504,-8.00e-03,1.15e+01,
12505,-8.00e-03,1.19e+01,
12506,-8.00e-03,1.23e+01,
12507,-8.00e-03,1.19e+01,
12508,-8.00e-03,1.19e+01,
12509,-8.00e-03,1.23e+01,
12510,-8.00e-03,1.23e+01,
12511,-8.00e-03,1.23e+01,
12512,-8.00e-03,1.23e+01,
12513,-8.00e-03,1.23e+01,
12514,-8.00e-03,1.27e+01,
12515,-8.00e-03,1.27e+01,
12516,-8.00e-03,1.27e+01,
12517,-8.00e-03,1.27e+01,
12518,-8.00e-03,1.31e+01,
12519,-8.00e-03,1.31e+01,
12520,-1.60e-02,1.27e+01,
12521,-8.00e-03,1.31e+01,
12522,-8.00e-03,1.31e+01,
12523,-8.00e-03,1.35e+01,
12524,-1.60e-02,1.31e+01,
12525,-8.00e-03,1.35e+01,
12526,-8.00e-03,1.39e+01,
12527,-8.00e-03,1.35e+01,
12528,-8.00e-03,1.35e+01,
12529,-8.00e-03,1.39e+01,
12530,-8.00e-03,1.39e+01,
12531,-8.00e-03,1.39e+01,
12532,-8.00e-03,1.39e+01,
12533,-8.00e-03,1.43e+01,
12534,-8.00e-03,1.43e+01,
12535,-8.00e-03,1.43e+01,
12536,-8.00e-03,1.43e+01,
12537,-8.00e-03,1.43e+01,
12538,-8.00e-03,1.47e+01,
12539,-8.00e-03,1.47e+01,
12540,-1.60e-02,1.47e+01,
12541,-8.00e-03,1.47e+01,
12542,-8.00e-03,1.51e+01,
12543,-8.00e-03,1.51e+01,
12544,-8.00e-03,1.51e+01,
12545,-8.00e-03,1.51e+01,
12546,-8.00e-03,1.55e+01,
12547,-8.00e-03,1.55e+01,
12548,-8.00e-03,1.55e+01,
12549,-8.00e-03,1.55e+01,
12550,-8.00e-03,1.59e+01,
12551,-8.00e-03,1.59e+01,
12552,-8.00e-03,1.59e+01,
12553,-8.00e-03,1.59e+01,
12554,-8.00e-03,1.67e+01,
12555,-8.00e-03,1.67e+01,
12556,-8.00e-03,1.67e+01,
12557,-1.60e-02,1.67e+01,
12558,-8.00e-03,1.71e+01,
12559,-8.00e-03,1.71e+01,
12560,-1.60e-02,1.71e+01,
12561,-8.00e-03,1.71e+01,
12562,-8.00e-03,1.75e+01,
12563,-8.00e-03,1.75e+01,
12564,-8.00e-03,1.75e+01,
12565,-8.00e-03,1.75e+01,
12566,-8.00e-03,1.79e+01,
12567,-8.00e-03,1.79e+01,
12568,-8.00e-03,1.75e+01,
12569,-8.00e-03,1.79e+01,
12570,-8.00e-03,1.79e+01,
12571,-8.00e-03,1.83e+01,
12572,-8.00e-03,1.79e+01,
12573,-8.00e-03,1.83e+01,
12574,-8.00e-03,1.87e+01,
12575,-8.00e-03,1.83e+01,
12576,-8.00e-03,1.87e+01,
12577,-8.00e-03,1.87e+01,
12578,-8.00e-03,1.87e+01,
12579,-8.00e-03,1.87e+01,
12580,-8.00e-03,1.87e+01,
12581,-8.00e-03,1.91e+01,
12582,-8.00e-03,1.91e+01,
12583,-8.00e-03,1.91e+01,
12584,-1.60e-02,1.91e+01,
12585,-8.00e-03,1.95e+01,
12586,-8.00e-03,1.95e+01,
12587,-8.00e-03,1.95e+01,
12588,-1.60e-02,1.95e+01,
12589,-8.00e-03,1.99e+01,
12590,-8.00e-03,1.99e+01,
12591,-8.00e-03,1.99e+01,
12592,-8.00e-03,1.99e+01,
12593,-8.00e-03,1.99e+01,
12594,-8.00e-03,2.03e+01,
12595,-8.00e-03,2.03e+01,
12596,-1.60e-02,2.03e+01,
12597,-8.00e-03,2.03e+01,
12598,-8.00e-03,2.07e+01,
12599,-8.00e-03,2.07e+01,
12600,-1.60e-02,2.07e+01,
12601,-1.60e-02,2.07e+01,
12602,-8.00e-03,2.07e+01,
12603,-8.00e-03,2.07e+01,
12604,-1.60e-02,2.07e+01,
12605,-8.00e-03,2.11e+01,
12606,-8.00e-03,2.11e+01,
12607,-8.00e-03,2.11e+01,
12608,-8.00e-03,2.11e+01,
12609,-8.00e-03,2.15e+01,
12610,-8.00e-03,2.15e+01,
12611,-8.00e-03,2.15e+01,
12612,-1.60e-02,2.15e+01,
12613,-8.00e-03,2.15e+01,
12614,-8.00e-03,2.19e+01,
12615,-8.00e-03,2.19e+01,
12616,-1.60e-02,2.19e+01,
12617,-8.00e-03,2.19e+01,
12618,-1.60e-02,2.19e+01,
12619,-8.00e-03,2.19e+01,
12620,-1.60e-02,2.19e+01,
12621,-8.00e-03,2.27e+01,
12622,-8.00e-03,2.27e+01,
12623,-8.00e-03,2.27e+01,
12624,-1.60e-02,2.27e+01,
12625,-8.00e-03,2.27e+01,
12626,-8.00e-03,2.31e+01,
12627,-8.00e-03,2.31e+01,
12628,-1.60e-02,2.31e+01,
12629,-1.60e-02,2.31e+01,
12630,-8.00e-03,2.31e+01,
12631,-8.00e-03,2.31e+01,
12632,-1.60e-02,2.31e+01,
12633,-1.60e-02,2.31e+01,
12634,-1.60e-02,2.35e+01,
12635,-8.00e-03,2.35e+01,
12636,-1.60e-02,2.35e+01,
12637,-8.00e-03,2.35e+01,
12638,-1.60e-02,2.35e+01,
12639,-8.00e-03,2.35e+01,
12640,-1.60e-02,2.35e+01,
12641,-8.00e-03,2.35e+01,
12642,-8.00e-03,2.39e+01,
12643,-8.00e-03,2.39e+01,
12644,-1.60e-02,2.39e+01,
12645,-1.60e-02,2.39e+01,
12646,-1.60e-02,2.39e+01,
12647,-8.00e-03,2.39e+01,
12648,-1.60e-02,2.39e+01,
12649,-1.60e-02,2.39e+01,
12650,-8.00e-03,2.39e+01,
12651,-8.00e-03,2.43e+01,
12652,-1.60e-02,2.39e+01,
12653,-8.00e-03,2.39e+01,
12654,-8.00e-03,2.43e+01,
12655,-8.00e-03,2.43e+01,
12656,-1.60e-02,2.43e+01,
12657,-1.60e-02,2.43e+01,
12658,-1.60e-02,2.43e+01,
12659,-8.00e-03,2.43e+01,
12660,-1.60e-02,2.43e+01,
12661,-8.00e-03,2.43e+01,
12662,-1.60e-02,2.43e+01,
12663,-8.00e-03,2.43e+01,
12664,-1.60e-02,2.43e+01,
12665,-8.00e-03,2.43e+01,
12666,-8.00e-03,2.47e+01,
12667,-8.00e-03,2.47e+01,
12668,-1.60e-02,2.43e+01,
12669,-1.60e-02,2.43e+01,
12670,-1.60e-02,2.47e+01,
12671,-8.00e-03,2.47e+01,
12672,-1.60e-02,2.43e+01,
12673,-1.60e-02,2.47e+01,
12674,-8.00e-03,2.47e+01,
12675,-8.00e-03,2.47e+01,
12676,-1.60e-02,2.47e+01,
12677,-1.60e-02,2.47e+01,
12678,-1.60e-02,2.47e+01,
12679,-1.60e-02,2.47e+01,
12680,-1.60e-02,2.47e+01,
12681,-1.60e-02,2.47e+01,
12682,-1.60e-02,2.47e+01,
12683,-8.00e-03,2.47e+01,
12684,-1.60e-02,2.47e+01,
12685,-1.60e-02,2.47e+01,
12686,-1.60e-02,2.47e+01,
12687,-8.00e-03,2.47e+01,
12688,-1.60e-02,2.47e+01,
12689,-1.60e-02,2.47e+01,
12690,-1.60e-02,2.47e+01,
12691,-8.00e-03,2.47e+01,
12692,-1.60e-02,2.43e+01,
12693,-1.60e-02,2.47e+01,
12694,-1.60e-02,2.47e+01,
12695,-8.00e-03,2.47e+01,
12696,-8.00e-03,2.43e+01,
12697,-1.60e-02,2.47e+01,
12698,-1.60e-02,2.47e+01,
12699,-8.00e-03,2.43e+01,
12700,-1.60e-02,2.43e+01,
12701,-1.60e-02,2.43e+01,
12702,-1.60e-02,2.43e+01,
12703,-1.60e-02,2.43e+01,
12704,-1.60e-02,2.43e+01,
12705,-1.60e-02,2.43e+01,
12706,-1.60e-02,2.43e+01,
12707,-8.00e-03,2.43e+01,
12708,-1.60e-02,2.43e+01,
12709,-1.60e-02,2.43e+01,
12710,-1.60e-02,2.43e+01,
12711,-8.00e-03,2.43e+01,
12712,-1.60e-02,2.43e+01,
12713,-1.60e-02,2.43e+01,
12714,-1.60e-02,2.39e+01,
12715,-8.00e-03,2.39e+01,
12716,-1.60e-02,2.39e+01,
12717,-1.60e-02,2.39e+01,
12718,-1.60e-02,2.39e+01,
12719,-8.00e-03,2.39e+01,
12720,-1.60e-02,2.39e+01,
12721,-1.60e-02,2.39e+01,
12722,-8.00e-03,2.39e+01,
12723,-8.00e-03,2.39e+01,
12724,-1.60e-02,2.35e+01,
12725,-1.60e-02,2.35e+01,
12726,-8.00e-03,2.35e+01,
12727,-8.00e-03,2.35e+01,
12728,-1.60e-02,2.35e+01,
12729,-1.60e-02,2.35e+01,
12730,-1.60e-02,2.35e+01,
12731,-8.00e-03,2.35e+01,
12732,-1.60e-02,2.31e+01,
12733,-1.60e-02,2.31e+01,
12734,-1.60e-02,2.31e+01,
12735,-8.00e-03,2.31e+01,
12736,-1.60e-02,2.31e+01,
12737,-1.60e-02,2.31e+01,
12738,-1.60e-02,2.31e+01,
12739,-8.00e-03,2.27e+01,
12740,-1.60e-02,2.27e+01,
12741,-1.60e-02,2.27e+01,
12742,-1.60e-02,2.27e+01,
12743,-1.60e-02,2.27e+01,
12744,-1.60e-02,2.27e+01,
12745,-1.60e-02,2.27e+01,
12746,-1.60e-02,2.27e+01,
12747,-1.60e-02,2.19e+01,
12748,-1.60e-02,2.19e+01,
12749,-1.60e-02,2.19e+01,
12750,-1.60e-02,2.19e+01,
12751,-8.00e-03,2.19e+01,
12752,-1.60e-02,2.19e+01,
12753,-1.60e-02,2.15e+01,
12754,-1.60e-02,2.15e+01,
12755,-8.00e-03,2.15e+01,
12756,-1.60e-02,2.15e+01,
12757,-1.60e-02,2.15e+01,
12758,-1.60e-02,2.15e+01,
12759,-1.60e-02,2.11e+01,
12760,-1.60e-02,2.11e+01,
12761,-1.60e-02,2.11e+01,
12762,-1.60e-02,2.11e+01,
12763,-8.00e-03,2.11e+01,
12764,-1.60e-02,2.07e+01,
12765,-1.60e-02,2.07e+01,
12766,-1.60e-02,2.11e+01,
12767,-1.60e-02,2.07e+01,
12768,-1.60e-02,2.07e+01,
12769,-1.60e-02,2.07e+01,
12770,-1.60e-02,2.07e+01,
12771,-8.00e-03,2.03e+01,
12772,-1.60e-02,2.03e+01,
12773,-1.60e-02,2.03e+01,
12774,-1.60e-02,2.03e+01,
12775,-8.00e-03,2.03e+01,
12776,-1.60e-02,1.99e+01,
12777,-1.60e-02,1.99e+01,
12778,-1.60e-02,1.99e+01,
12779,-8.00e-03,1.99e+01,
12780,-1.60e-02,1.95e+01,
12781,-1.60e-02,1.95e+01,
12782,-1.60e-02,1.95e+01,
12783,-1.60e-02,1.95e+01,
12784,-1.60e-02,1.95e+01,
12785,-1.60e-02,1.95e+01,
12786,-1.60e-02,1.95e+01,
12787,-8.00e-03,1.91e+01,
12788,-1.60e-02,1.91e+01,
12789,-1.60e-02,1.91e+01,
12790,-1.60e-02,1.91e+01,
12791,-8.00e-03,1.91e+01,
12792,-1.60e-02,1.87e+01,
12793,-1.60e-02,1.87e+01,
12794,-1.60e-02,1.87e+01,
12795,-8.00e-03,1.87e+01,
12796,-1.60e-02,1.83e+01,
12797,-1.60e-02,1.83e+01,
12798,-1.60e-02,1.87e+01,
12799,-8.00e-03,1.83e+01,
12800,-1.60e-02,1.83e+01,
12801,-1.60e-02,1.83e+01,
12802,-1.60e-02,1.79e+01,
12803,-1.60e-02,1.79e+01,
12804,-1.60e-02,1.79e+01,
12805,-1.60e-02,1.79e+01,
12806,-1.60e-02,1.79e+01,
12807,-1.60e-02,1.79e+01,
12808,-1.60e-02,1.75e+01,
12809,-1.60e-02,1.75e+01,
12810,-1.60e-02,1.75e+01,
12811,-8.00e-03,1.75e+01,
12812,-1.60e-02,1.71e+01,
12813,-1.60e-02,1.71e+01,
12814,-1.60e-02,1.71e+01,
12815,-8.00e-03,1.71e+01,
12816,-1.60e-02,1.71e+01,
12817,-1.60e-02,1.67e+01,
12818,-1.60e-02,1.71e+01,
12819,-1.60e-02,1.67e+01,
12820,-1.60e-02,1.67e+01,
12821,-1.60e-02,1.67e+01,
12822,-1.60e-02,1.67e+01,
12823,-8.00e-03,1.59e+01,
12824,-1.60e-02,1.59e+01,
12825,-1.60e-02,1.59e+01,
12826,-1.60e-02,1.59e+01,
12827,-8.00e-03,1.59e+01,
12828,-1.60e-02,1.55e+01,
12829,-1.60e-02,1.55e+01,
12830,-1.60e-02,1.55e+01,
12831,-1.60e-02,1.55e+01,
12832,-1.60e-02,1.51e+01,
12833,-1.60e-02,1.55e+01,
12834,-1.60e-02,1.55e+01,
12835,-8.00e-03,1.51e+01,
12836,-1.60e-02,1.51e+01,
12837,-1.60e-02,1.47e+01,
12838,-1.60e-02,1.51e+01,
12839,-1.60e-02,1.47e+01,
12840,-1.60e-02,1.47e+01,
12841,-1.60e-02,1.47e+01,
12842,-1.60e-02,1.47e+01,
12843,-8.00e-03,1.47e+01,
12844,-1.60e-02,1.43e+01,
12845,-1.60e-02,1.43e+01,
12846,-1.60e-02,1.47e+01,
12847,-8.00e-03,1.43e+01,
12848,-1.60e-02,1.39e+01,
12849,-1.60e-02,1.43e+01,
12850,-1.60e-02,1.43e+01,
12851,-8.00e-03,1.39e+01,
12852,-1.60e-02,1.39e+01,
12853,-1.60e-02,1.39e+01,
12854,-1.60e-02,1.39e+01,
12855,-8.00e-03,1.39e+01,
12856,-1.60e-02,1.35e+01,
12857,-1.60e-02,1.35e+01,
12858,-1.60e-02,1.35e+01,
12859,-8.00e-03,1.35e+01,
12860,-1.60e-02,1.35e+01,
12861,-1.60e-02,1.35e+01,
12862,-1.60e-02,1.35e+01,
12863,-8.00e-03,1.35e+01,
12864,-1.60e-02,1.31e+01,
12865,-1.60e-02,1.31e+01,
12866,-1.60e-02,1.31e+01,
12867,-8.00e-03,1.31e+01,
12868,-1.60e-02,1.31e+01,
12869,-1.60e-02,1.31e+01,
12870,-1.60e-02,1.31e+01,
12871,-8.00e-03,1.27e+01,
12872,-1.60e-02,1.27e+01,
12873,-1.60e-02,1.27e+01,
12874,-8.00e-03,1.27e+01,
12875,-8.00e-03,1.27e+01,
12876,-1.60e-02,1.23e+01,
12877,-1.60e-02,1.23e+01,
12878,-1.60e-02,1.27e+01,
12879,-8.00e-03,1.23e+01,
12880,-1.60e-02,1.23e+01,
12881,-1.60e-02,1.23e+01,
12882,-1.60e-02,1.23e+01,
12883,-8.00e-03,1.23e+01,
12884,-1.60e-02,1.19e+01,
12885,-1.60e-02,1.19e+01,
12886,-8.00e-03,1.23e+01,
12887,-8.00e-03,1.19e+01,
12888,-1.60e-02,1.19e+01,
12889,-1.60e-02,1.19e+01,
12890,-1.60e-02,1.19e+01,
12891,-8.00e-03,1.19e+01,
12892,-1.60e-02,1.15e+01,
12893,-1.60e-02,1.15e+01,
12894,-1.60e-02,1.19e+01,
12895,-8.00e-03,1.15e+01,
12896,-1.60e-02,1.15e+01,
12897,-1.60e-02,1.15e+01,
12898,-1.60e-02,1.15e+01,
12899,-8.00e-03,1.15e+01,
12900,-1.60e-02,1.11e+01,
12901,-1.60e-02,1.11e+01,
12902,-8.00e-03,1.15e+01,
12903,-8.00e-03,1.11e+01,
12904,-1.60e-02,1.11e+01,
12905,-1.60e-02,1.11e+01,
12906,-8.00e-03,1.11e+01,
12907,-8.00e-03,1.11e+01,
12908,-1.60e-02,1.11e+01,
12909,-1.60e-02,1.11e+01,
12910,-8.00e-03,1.11e+01,
12911,-8.00e-03,1.11e+01,
12912,-1.60e-02,1.07e+01,
12913,-1.60e-02,1.11e+01,
12914,-1.60e-02,1.11e+01,
12915,-8.00e-03,1.07e+01,
12916,-1.60e-02,1.07e+01,
12917,-8.00e-03,1.07e+01,
12918,-8.00e-03,1.07e+01,
12919,-8.00e-03,1.07e+01,
12920,-1.60e-02,1.07e+01,
12921,-1.60e-02,1.07e+01,
12922,-8.00e-03,1.07e+01,
12923,-8.00e-03,1.07e+01,
12924,-8.00e-03,1.07e+01,
12925,-1.60e-02,1.07e+01,
12926,-8.00e-03,1.07e+01,
12927,-8.00e-03,1.07e+01,
12928,-1.60e-02,9.90e+00,
12929,-8.00e-03,9.90e+00,
12930,-8.00e-03,1.07e+01,
12931,-8.00e-03,9.90e+00,
12932,-8.00e-03,9.90e+00,
12933,-1.60e-02,9.90e+00,
12934,-8.00e-03,9.90e+00,
12935,-8.00e-03,9.90e+00,
12936,-8.00e-03,9.90e+00,
12937,-8.00e-03,9.90e+00,
12938,-8.00e-03,9.90e+00,
12939,-8.00e-03,9.90e+00,
12940,-8.00e-03,9.90e+00,
12941,-8.00e-03,9.90e+00,
12942,-8.00e-03,9.90e+00,
12943,-8.00e-03,9.90e+00,
12944,-1.60e-02,9.50e+00,
12945,-8.00e-03,9.90e+00,
12946,-1.60e-02,9.90e+00,
12947,-8.00e-03,9.90e+00,
12948,-8.00e-03,9.50e+00,
12949,-1.60e-02,9.50e+00,
12950,-8.00e-03,9.90e+00,
12951,-8.00e-03,9.50e+00,
12952,-1.60e-02,9.50e+00,
12953,-8.00e-03,9.50e+00,
12954,-8.00e-03,9.90e+00,
12955,-8.00e-03,9.90e+00,
12956,-1.60e-02,9.50e+00,
12957,-8.00e-03,9.50e+00,
12958,-8.00e-03,9.90e+00,
12959,-8.00e-03,9.50e+00,
12960,-1.60e-02,9.50e+00,
12961,-8.00e-03,9.50e+00,
12962,-8.00e-03,9.90e+00,
12963,-8.00e-03,9.90e+00,
12964,-1.60e-02,9.50e+00,
12965,-8.00e-03,9.50e+00,
12966,-8.00e-03,9.90e+00,
12967,-8.00e-03,9.50e+00,
12968,-1.60e-02,9.50e+00,
12969,-8.00e-03,9.50e+00,
12970,-8.00e-03,9.90e+00,
12971,-8.00e-03,9.50e+00,
12972,-1.60e-02,9.50e+00,
12973,-8.00e-03,9.50e+00,
12974,-8.00e-03,9.90e+00,
12975,-8.00e-03,9.50e+00,
12976,-8.00e-03,9.50e+00,
12977,-8.00e-03,9.50e+00,
12978,-8.00e-03,9.90e+00,
12979,-8.00e-03,9.90e+00,
12980,-8.00e-03,9.50e+00,
12981,-8.00e-03,9.50e+00,
12982,-8.00e-03,9.90e+00,
12983,-8.00e-03,9.50e+00,
12984,-8.00e-03,9.50e+00,
12985,-8.00e-03,9.50e+00,
12986,-8.00e-03,9.90e+00,
12987,-8.00e-03,9.90e+00,
12988,-8.00e-03,9.50e+00,
12989,-8.00e-03,9.50e+00,
12990,-8.00e-03,9.90e+00,
12991,-8.00e-03,9.90e+00,
12992,-8.00e-03,9.50e+00,
12993,-8.00e-03,9.90e+00,
12994,-8.00e-03,9.90e+00,
12995,-8.00e-03,9.90e+00,
12996,-8.00e-03,9.90e+00,
12997,-8.00e-03,9.90e+00,
12998,-8.00e-03,9.90e+00,
12999,-8.00e-03,9.90e+00,
13000,-8.00e-03,9.90e+00,
13001,-8.00e-03,9.90e+00,
13002,-8.00e-03,1.07e+01,
13003,-8.00e-03,9.90e+00,
13004,-8.00e-03,9.90e+00,
13005,-8.00e-03,9.90e+00,
13006,-8.00e-03,1.07e+01,
13007,-8.00e-03,9.90e+00,
13008,-8.00e-03,9.90e+00,
13009,-8.00e-03,1.07e+01,
13010,-8.00e-03,1.07e+01,
13011,-8.00e-03,1.07e+01,
13012,-8.00e-03,9.90e+00,
13013,-8.00e-03,1.07e+01,
13014,-8.00e-03,1.07e+01,
13015,-8.00e-03,1.07e+01,
13016,-8.00e-03,1.07e+01,
13017,-8.00e-03,1.07e+01,
13018,-8.00e-03,1.11e+01,
13019,-8.00e-03,1.07e+01,
13020,-8.00e-03,1.07e+01,
13021,-8.00e-03,1.11e+01,
13022,-8.00e-03,1.11e+01,
13023,-8.00e-03,1.11e+01,
13024,-8.00e-03,1.07e+01,
13025,-8.00e-03,1.11e+01,
13026,-8.00e-03,1.11e+01,
13027,-8.00e-03,1.11e+01,
13028,-8.00e-03,1.11e+01,
13029,-8.00e-03,1.11e+01,
13030,-8.00e-03,1.15e+01,
13031,-8.00e-03,1.11e+01,
13032,-8.00e-03,1.11e+01,
13033,-8.00e-03,1.11e+01,
13034,-8.00e-03,1.15e+01,
13035,-8.00e-03,1.15e+01,
13036,-8.00e-03,1.15e+01,
13037,-8.00e-03,1.15e+01,
13038,-8.00e-03,1.15e+01,
13039,-8.00e-03,1.15e+01,
13040,-8.00e-03,1.15e+01,
13041,-8.00e-03,1.15e+01,
13042,-8.00e-03,1.15e+01,
13043,-8.00e-03,1.19e+01,
13044,-8.00e-03,1.15e+01,
13045,-8.00e-03,1.15e+01,
13046,-8.00e-03,1.19e+01,
13047,-8.00e-03,1.19e+01,
13048,-8.00e-03,1.15e+01,
13049,-8.00e-03,1.19e+01,
13050,-8.00e-03,1.19e+01,
13051,-8.00e-03,1.23e+01,
13052,-1.60e-02,1.19e+01,
13053,-8.00e-03,1.19e+01,
13054,-8.00e-03,1.23e+01,
13055,-8.00e-03,1.23e+01,
13056,-8.00e-03,1.23e+01,
13057,-8.00e-03,1.23e+01,
13058,-8.00e-03,1.27e+01,
13059,-8.00e-03,1.23e+01,
13060,-8.00e-03,1.23e+01,
13061,-8.00e-03,1.27e+01,
13062,-8.00e-03,1.27e+01,
13063,-8.00e-03,1.27e+01,
13064,-8.00e-03,1.27e+01,
13065,-8.00e-03,1.27e+01,
13066,-8.00e-03,1.31e+01,
13067,-8.00e-03,1.27e+01,
13068,-8.00e-03,1.27e+01,
13069,-8.00e-03,1.31e+01,
13070,-8.00e-03,1.31e+01,
13071,-8.00e-03,1.31e+01,
13072,-8.00e-03,1.31e+01,
13073,-8.00e-03,1.31e+01,
13074,-8.00e-03,1.31e+01,
13075,-8.00e-03,1.35e+01,
13076,-8.00e-03,1.35e+01,
13077,-8.00e-03,1.35e+01,
13078,-8.00e-03,1.35e+01,
13079,-8.00e-03,1.35e+01,
13080,-8.00e-03,1.35e+01,
13081,-8.00e-03,1.35e+01,
13082,-8.00e-03,1.39e+01,
13083,-8.00e-03,1.39e+01,
13084,-8.00e-03,1.39e+01,
13085,-8.00e-03,1.39e+01,
13086,-8.00e-03,1.39e+01,
13087,-8.00e-03,1.39e+01,
13088,-8.00e-03,1.39e+01,
13089,-8.00e-03,1.43e+01,
13090,-8.00e-03,1.43e+01,
13091,-8.00e-03,1.43e+01,
13092,-1.60e-02,1.43e+01,
13093,-8.00e-03,1.43e+01,
13094,-8.00e-03,1.47e+01,
13095,-8.00e-03,1.47e+01,
13096,-8.00e-03,1.43e+01,
13097,-8.00e-03,1.47e+01,
13098,-8.00e-03,1.47e+01,
13099,-8.00e-03,1.47e+01,
13100,-8.00e-03,1.47e+01,
13101,-8.00e-03,1.47e+01,
13102,-8.00e-03,1.51e+01,
13103,-8.00e-03,1.51e+01,
13104,-8.00e-03,1.47e+01,
13105,-8.00e-03,1.51e+01,
13106,-8.00e-03,1.51e+01,
13107,-8.00e-03,1.51e+01,
13108,-8.00e-03,1.51e+01,
13109,-8.00e-03,1.55e+01,
13110,-8.00e-03,1.55e+01,
13111,-8.00e-03,1.55e+01,
13112,-8.00e-03,1.55e+01,
13113,-8.00e-03,1.55e+01,
13114,-8.00e-03,1.59e+01,
13115,-8.00e-03,1.59e+01,
13116,-8.00e-03,1.59e+01,
13117,-8.00e-03,1.59e+01,
13118,-8.00e-03,1.59e+01,
13119,-8.00e-03,1.59e+01,
13120,-8.00e-03,1.59e+01,
13121,-8.00e-03,1.67e+01,
13122,-8.00e-03,1.67e+01,
13123,-8.00e-03,1.67e+01,
13124,-8.00e-03,1.67e+01,
13125,-8.00e-03,1.67e+01,
13126,-8.00e-03,1.71e+01,
13127,-8.00e-03,1.71e+01,
13128,-8.00e-03,1.71e+01,
13129,-8.00e-03,1.71e+01,
13130,-8.00e-03,1.71e+01,
13131,-8.00e-03,1.71e+01,
13132,-1.60e-02,1.71e+01,
13133,-8.00e-03,1.71e+01,
13134,-8.00e-03,1.75e+01,
13135,-8.00e-03,1.75e+01,
13136,-8.00e-03,1.75e+01,
13137,-8.00e-03,1.75e+01,
13138,-8.00e-03,1.75e+01,
13139,-8.00e-03,1.79e+01,
13140,-8.00e-03,1.75e+01,
13141,-8.00e-03,1.79e+01,
13142,-8.00e-03,1.79e+01,
13143,-8.00e-03,1.79e+01,
13144,-8.00e-03,1.79e+01,
13145,-8.00e-03,1.79e+01,
13146,-8.00e-03,1.83e+01,
13147,-8.00e-03,1.83e+01,
13148,-8.00e-03,1.83e+01,
13149,-8.00e-03,1.83e+01,
13150,-8.00e-03,1.83e+01,
13151,-8.00e-03,1.83e+01,
13152,-8.00e-03,1.83e+01,
13153,-8.00e-03,1.87e+01,
13154,-8.00e-03,1.87e+01,
13155,-8.00e-03,1.87e+01,
13156,-8.00e-03,1.87e+01,
13157,-8.00e-03,1.87e+01,
13158,-8.00e-03,1.91e+01,
13159,-8.00e-03,1.87e+01,
13160,-8.00e-03,1.87e+01,
13161,-8.00e-03,1.91e+01,
13162,-8.00e-03,1.91e+01,
13163,-8.00e-03,1.91e+01,
13164,-1.60e-02,1.91e+01,
13165,-8.00e-03,1.91e+01,
13166,-8.00e-03,1.91e+01,
13167,-8.00e-03,1.95e+01,
13168,-8.00e-03,1.95e+01,
13169,-8.00e-03,1.95e+01,
13170,-8.00e-03,1.95e+01,
13171,-8.00e-03,1.95e+01,
13172,-8.00e-03,1.95e+01,
13173,-8.00e-03,1.95e+01,
13174,-8.00e-03,1.99e+01,
13175,-8.00e-03,1.99e+01,
13176,-8.00e-03,1.99e+01,
13177,-8.00e-03,1.99e+01,
13178,-8.00e-03,1.99e+01,
13179,-8.00e-03,1.99e+01,
13180,-1.60e-02,1.99e+01,
13181,-8.00e-03,1.99e+01,
13182,-8.00e-03,2.03e+01,
13183,-8.00e-03,1.99e+01,
13184,-8.00e-03,2.03e+01,
13185,-8.00e-03,2.03e+01,
13186,-8.00e-03,2.03e+01,
13187,-8.00e-03,2.03e+01,
13188,-1.60e-02,2.03e+01,
13189,-8.00e-03,2.03e+01,
13190,-8.00e-03,2.03e+01,
13191,-8.00e-03,2.03e+01,
13192,-1.60e-02,2.03e+01,
13193,-8.00e-03,2.07e+01,
13194,-8.00e-03,2.07e+01,
13195,-8.00e-03,2.07e+01,
13196,-8.00e-03,2.07e+01,
13197,-8.00e-03,2.07e+01,
13198,-8.00e-03,2.07e+01,
13199,-8.00e-03,2.07e+01,
13200,-8.00e-03,2.07e+01,
13201,-8.00e-03,2.07e+01,
13202,-8.00e-03,2.07e+01,
13203,-8.00e-03,2.11e+01,
13204,-8.00e-03,2.11e+01,
13205,-8.00e-03,2.11e+01,
13206,-8.00e-03,2.11e+01,
13207,-8.00e-03,2.11e+01,
13208,-8.00e-03,2.11e+01,
13209,-8.00e-03,2.11e+01,
13210,-8.00e-03,2.11e+01,
13211,-8.00e-03,2.11e+01,
13212,-8.00e-03,2.11e+01,
13213,-1.60e-02,2.11e+01,
13214,-8.00e-03,2.15e+01,
13215,-8.00e-03,2.15e+01,
13216,-1.60e-02,2.11e+01,
13217,-8.00e-03,2.11e+01,
13218,-8.00e-03,2.15e+01,
13219,-8.00e-03,2.15e+01,
13220,-8.00e-03,2.15e+01,
13221,-8.00e-03,2.15e+01,
13222,-8.00e-03,2.15e+01,
13223,-8.00e-03,2.15e+01,
13224,-1.60e-02,2.15e+01,
13225,-8.00e-03,2.15e+01,
13226,-8.00e-03,2.15e+01,
13227,-8.00e-03,2.15e+01,
13228,-1.60e-02,2.15e+01,
13229,-1.60e-02,2.15e+01,
13230,-8.00e-03,2.15e+01,
13231,-8.00e-03,2.15e+01,
13232,-8.00e-03,2.15e+01,
13233,-8.00e-03,2.15e+01,
13234,-1.60e-02,2.15e+01,
13235,-8.00e-03,2.15e+01,
13236,-1.60e-02,2.15e+01,
13237,-8.00e-03,2.15e+01,
13238,-8.00e-03,2.19e+01,
13239,-8.00e-03,2.15e+01,
13240,-1.60e-02,2.15e+01,
13241,-8.00e-03,2.15e+01,
13242,-8.00e-03,2.15e+01,
13243,-8.00e-03,2.15e+01,
13244,-8.00e-03,2.15e+01,
13245,-8.00e-03,2.15e+01,
13246,-8.00e-03,2.19e+01,
13247,-8.00e-03,2.15e+01,
13248,-1.60e-02,2.15e+01,
13249,-8.00e-03,2.15e+01,
13250,-8.00e-03,2.15e+01,
13251,-8.00e-03,2.15e+01,
13252,-8.00e-03,2.15e+01,
13253,-8.00e-03,2.15e+01,
13254,-8.00e-03,2.19e+01,
13255,-8.00e-03,2.15e+01,
13256,-1.60e-02,2.15e+01,
13257,-1.60e-02,2.15e+01,
13258,-8.00e-03,2.15e+01,
13259,-8.00e-03,2.15e+01,
13260,-8.00e-03,2.15e+01,
13261,-8.00e-03,2.15e+01,
13262,-8.00e-03,2.19e+01,
13263,-8.00e-03,2.15e+01,
13264,-8.00e-03,2.15e+01,
13265,-8.00e-03,2.15e+01,
13266,-8.00e-03,2.15e+01,
13267,-8.00e-03,2.15e+01,
13268,-1.60e-02,2.15e+01,
13269,-8.00e-03,2.15e+01,
13270,-8.00e-03,2.15e+01,
13271,-8.00e-03,2.15e+01,
13272,-1.60e-02,2.15e+01,
13273,-8.00e-03,2.15e+01,
13274,-1.60e-02,2.15e+01,
13275,-8.00e-03,2.15e+01,
13276,-1.60e-02,2.15e+01,
13277,-1.60e-02,2.11e+01,
13278,-8.00e-03,2.15e+01,
13279,-8.00e-03,2.15e+01,
13280,-1.60e-02,2.15e+01,
13281,-8.00e-03,2.11e+01,
13282,-1.60e-02,2.11e+01,
13283,-8.00e-03,2.11e+01,
13284,-1.60e-02,2.11e+01,
13285,-1.60e-02,2.11e+01,
13286,-1.60e-02,2.11e+01,
13287,-8.00e-03,2.11e+01,
13288,-8.00e-03,2.11e+01,
13289,-8.00e-03,2.11e+01,
13290,-1.60e-02,2.11e+01,
13291,-8.00e-03,2.11e+01,
13292,-1.60e-02,2.11e+01,
13293,-1.60e-02,2.11e+01,
13294,-8.00e-03,2.07e+01,
13295,-8.00e-03,2.07e+01,
13296,-1.60e-02,2.07e+01,
13297,-8.00e-03,2.07e+01,
13298,-1.60e-02,2.07e+01,
13299,-8.00e-03,2.07e+01,
13300,-8.00e-03,2.07e+01,
13301,-8.00e-03,2.07e+01,
13302,-8.00e-03,2.07e+01,
13303,-8.00e-03,2.07e+01,
13304,-1.60e-02,2.03e+01,
13305,-8.00e-03,2.03e+01,
13306,-8.00e-03,2.07e+01,
13307,-8.00e-03,2.07e+01,
13308,-1.60e-02,2.03e+01,
13309,-1.60e-02,2.03e+01,
13310,-8.00e-03,2.03e+01,
13311,-8.00e-03,2.03e+01,
13312,-1.60e-02,2.03e+01,
13313,-8.00e-03,2.03e+01,
13314,-1.60e-02,2.03e+01,
13315,-8.00e-03,2.03e+01,
13316,-1.60e-02,1.99e+01,
13317,-1.60e-02,1.99e+01,
13318,-1.60e-02,2.03e+01,
13319,-8.00e-03,1.99e+01,
13320,-1.60e-02,1.99e+01,
13321,-8.00e-03,1.99e+01,
13322,-1.60e-02,1.99e+01,
13323,-8.00e-03,1.99e+01,
13324,-1.60e-02,1.95e+01,
13325,-8.00e-03,1.95e+01,
13326,-8.00e-03,1.99e+01,
13327,-8.00e-03,1.95e+01,
13328,-1.60e-02,1.95e+01,
13329,-8.00e-03,1.95e+01,
13330,-8.00e-03,1.95e+01,
13331,-8.00e-03,1.95e+01,
13332,-1.60e-02,1.91e+01,
13333,-1.60e-02,1.91e+01,
13334,-1.60e-02,1.95e+01,
13335,-8.00e-03,1.91e+01,
13336,-1.60e-02,1.91e+01,
13337,-8.00e-03,1.91e+01,
13338,-1.60e-02,1.91e+01,
13339,-8.00e-03,1.91e+01,
13340,-1.60e-02,1.91e+01,
13341,-1.60e-02,1.91e+01,
13342,-1.60e-02,1.91e+01,
13343,-8.00e-03,1.87e+01,
13344,-1.60e-02,1.87e+01,
13345,-1.60e-02,1.87e+01,
13346,-8.00e-03,1.87e+01,
13347,-8.00e-03,1.87e+01,
13348,-1.60e-02,1.83e+01,
13349,-1.60e-02,1.83e+01,
13350,-8.00e-03,1.87e+01,
13351,-8.00e-03,1.83e+01,
13352,-1.60e-02,1.83e+01,
13353,-1.60e-02,1.83e+01,
13354,-1.60e-02,1.83e+01,
13355,-8.00e-03,1.83e+01,
13356,-1.60e-02,1.83e+01,
13357,-1.60e-02,1.79e+01,
13358,-1.60e-02,1.83e+01,
13359,-8.00e-03,1.79e+01,
13360,-1.60e-02,1.79e+01,
13361,-8.00e-03,1.79e+01,
13362,-8.00e-03,1.79e+01,
13363,-8.00e-03,1.79e+01,
13364,-1.60e-02,1.75e+01,
13365,-8.00e-03,1.75e+01,
13366,-8.00e-03,1.79e+01,
13367,-8.00e-03,1.75e+01,
13368,-1.60e-02,1.75e+01,
13369,-8.00e-03,1.75e+01,
13370,-8.00e-03,1.75e+01,
13371,-8.00e-03,1.75e+01,
13372,-8.00e-03,1.71e+01,
13373,-8.00e-03,1.71e+01,
13374,-1.60e-02,1.71e+01,
13375,-8.00e-03,1.71e+01,
13376,-1.60e-02,1.71e+01,
13377,-8.00e-03,1.71e+01,
13378,-8.00e-03,1.71e+01,
13379,-8.00e-03,1.71e+01,
13380,-1.60e-02,1.67e+01,
13381,-1.60e-02,1.67e+01,
13382,-8.00e-03,1.71e+01,
13383,-8.00e-03,1.67e+01,
13384,-1.60e-02,1.59e+01,
13385,-8.00e-03,1.67e+01,
13386,-8.00e-03,1.67e+01,
13387,-8.00e-03,1.59e+01,
13388,-1.60e-02,1.59e+01,
13389,-1.60e-02,1.59e+01,
13390,-8.00e-03,1.59e+01,
13391,-8.00e-03,1.59e+01,
13392,-1.60e-02,1.59e+01,
13393,-8.00e-03,1.59e+01,
13394,-1.60e-02,1.59e+01,
13395,-8.00e-03,1.59e+01,
13396,-1.60e-02,1.55e+01,
13397,-8.00e-03,1.55e+01,
13398,-8.00e-03,1.55e+01,
13399,-8.00e-03,1.55e+01,
13400,-1.60e-02,1.55e+01,
13401,-8.00e-03,1.55e+01,
13402,-1.60e-02,1.55e+01,
13403,-8.00e-03,1.55e+01,
13404,-1.60e-02,1.51e+01,
13405,-1.60e-02,1.51e+01,
13406,-8.00e-03,1.51e+01,
13407,-8.00e-03,1.51e+01,
13408,-8.00e-03,1.51e+01,
13409,-8.00e-03,1.51e+01,
13410,-1.60e-02,1.51e+01,
13411,-8.00e-03,1.51e+01,
13412,-1.60e-02,1.47e+01,
13413,-1.60e-02,1.47e+01,
13414,-8.00e-03,1.47e+01,
13415,-8.00e-03,1.47e+01,
13416,0.00e+00,1.47e+01,
13417,8.00e-03,1.47e+01,
13418,8.00e-03,1.47e+01,
13419,1.60e-02,1.47e+01,
13420,4.00e-02,1.43e+01,
13421,4.00e-02,1.43e+01,
13422,2.40e-02,1.47e+01,
13423,1.60e-02,1.43e+01,
13424,1.60e-02,1.43e+01,
13425,1.60e-02,1.43e+01,
13426,1.60e-02,1.43e+01,
13427,1.60e-02,1.43e+01,
13428,1.60e-02,1.43e+01,
13429,1.60e-02,1.43e+01,
13430,1.60e-02,1.43e+01,
13431,2.40e-02,1.43e+01,
13432,2.40e-02,1.43e+01,
13433,4.00e-02,1.43e+01,
13434,4.00e-02,1.43e+01,
13435,4.00e-02,1.43e+01,
13436,2.40e-02,1.39e+01,
13437,2.40e-02,1.39e+01,
13438,8.00e-03,1.43e+01,
13439,0.00e+00,1.39e+01,
13440,0.00e+00,1.39e+01,
13441,0.00e+00,1.39e+01,
13442,0.00e+00,1.39e+01,
13443,0.00e+00,1.39e+01,
13444,0.00e+00,1.39e+01,
13445,0.00e+00,1.31e+01,
13446,8.00e-03,1.27e+01,
13447,4.00e-02,1.11e+01,
13448,7.20e-02,8.70e+00,
13449,8.80e-02,7.90e+00,
13450,8.00e-02,6.70e+00,
13451,8.00e-02,5.90e+00,
13452,5.60e-02,5.10e+00,
13453,2.40e-02,4.70e+00,
13454,-1.60e-02,4.70e+00,
13455,-3.20e-02,3.90e+00,
13456,-4.80e-02,3.50e+00,
13457,-3.20e-02,3.50e+00,
13458,-1.60e-02,3.50e+00,
13459,1.60e-02,3.10e+00,
13460,4.80e-02,2.70e+00,
13461,5.60e-02,2.70e+00,
13462,5.60e-02,2.70e+00,
13463,4.80e-02,1.90e+00,
13464,1.60e-02,1.50e+00,
13465,-8.00e-03,1.50e+00,
13466,-2.40e-02,1.50e+00,
13467,-2.40e-02,1.10e+00,
13468,-2.40e-02,1.10e+00,
13469,0.00e+00,1.10e+00,
13470,1.60e-02,1.10e+00,
13471,4.80e-02,7.00e-01,
13472,4.80e-02,3.00e-01,
13473,4.80e-02,3.00e-01,
13474,2.40e-02,3.00e-01,
13475,8.00e-03,-1.00e-01,
13476,-1.60e-02,-5.00e-01,
13477,-2.40e-02,-1.00e-01,
13478,-2.40e-02,3.00e-01,
13479,-1.60e-02,3.00e-01,
13480,-8.00e-03,-1.00e-01,
13481,8.00e-03,3.00e-01,
13482,1.60e-02,3.00e-01,
13483,2.40e-02,-1.00e-01,
13484,2.40e-02,-1.00e-01,
13485,8.00e-03,-1.00e-01,
13486,0.00e+00,3.00e-01,
13487,-1.60e-02,-1.00e-01,
13488,-2.40e-02,-1.00e-01,
13489,-1.60e-02,-1.00e-01,
13490,-8.00e-03,3.00e-01,
13491,8.00e-03,3.00e-01,
13492,8.00e-03,-1.00e-01,
13493,1.60e-02,-1.00e-01,
13494,1.60e-02,3.00e-01,
13495,1.60e-02,-1.00e-01,
13496,0.00e+00,-1.00e-01,
13497,-8.00e-03,-1.00e-01,
13498,-1.60e-02,-1.00e-01,
13499,-8.00e-03,3.00e-01,
13500,-1.60e-02,-1.00e-01,
13501,-8.00e-03,-1.00e-01,
13502,8.00e-03,3.00e-01,
13503,1.60e-02,3.00e-01,
13504,1.60e-02,-1.00e-01,
13505,1.60e-02,-1.00e-01,
13506,8.00e-03,3.00e-01,
13507,0.00e+00,-1.00e-01,
13508,-8.00e-03,-1.00e-01,
13509,-8.00e-03,-1.00e-01,
13510,-8.00e-03,3.00e-01,
13511,0.00e+00,-1.00e-01,
13512,0.00e+00,-1.00e-01,
13513,8.00e-03,3.00e-01,
13514,8.00e-03,3.00e-01,
13515,1.60e-02,-1.00e-01,
13516,8.00e-03,-1.00e-01,
13517,8.00e-03,-1.00e-01,
13518,0.00e+00,3.00e-01,
13519,0.00e+00,-1.00e-01,
13520,-8.00e-03,-1.00e-01,
13521,-8.00e-03,3.00e-01,
13522,0.00e+00,3.00e-01,
13523,8.00e-03,3.00e-01,
13524,8.00e-03,-1.00e-01,
13525,8.00e-03,-1.00e-01,
13526,8.00e-03,3.00e-01,
13527,8.00e-03,-1.00e-01,
13528,0.00e+00,-1.00e-01,
13529,0.00e+00,-1.00e-01,
13530,-8.00e-03,3.00e-01,
13531,0.00e+00,-1.00e-01,
13532,0.00e+00,-1.00e-01,
13533,0.00e+00,-1.00e-01,
13534,8.00e-03,3.00e-01,
13535,8.00e-03,-1.00e-01,
13536,8.00e-03,-1.00e-01,
13537,8.00e-03,-1.00e-01,
13538,8.00e-03,3.00e-01,
13539,0.00e+00,-1.00e-01,
13540,0.00e+00,-1.00e-01,
13541,0.00e+00,-1.00e-01,
13542,0.00e+00,3.00e-01,
13543,8.00e-03,-1.00e-01,
13544,0.00e+00,-1.00e-01,
13545,8.00e-03,-1.00e-01,
13546,8.00e-03,3.00e-01,
13547,8.00e-03,-1.00e-01,
13548,0.00e+00,-1.00e-01,
13549,0.00e+00,-1.00e-01,
13550,0.00e+00,3.00e-01,
13551,8.00e-03,-1.00e-01,
13552,0.00e+00,-1.00e-01,
13553,0.00e+00,-1.00e-01,
13554,0.00e+00,3.00e-01,
13555,8.00e-03,3.00e-01,
13556,8.00e-03,-1.00e-01,
13557,8.00e-03,-1.00e-01,
13558,8.00e-03,3.00e-01,
13559,8.00e-03,-1.00e-01,
13560,0.00e+00,-1.00e-01,
13561,0.00e+00,-1.00e-01,
13562,0.00e+00,3.00e-01,
13563,8.00e-03,-1.00e-01,
13564,0.00e+00,-1.00e-01,
13565,8.00e-03,-1.00e-01,
13566,8.00e-03,3.00e-01,
13567,8.00e-03,-1.00e-01,
13568,8.00e-03,-1.00e-01,
13569,8.00e-03,-1.00e-01,
13570,8.00e-03,3.00e-01,
13571,8.00e-03,3.00e-01,
13572,0.00e+00,-1.00e-01,
13573,0.00e+00,-1.00e-01,
13574,0.00e+00,3.00e-01,
13575,8.00e-03,-1.00e-01,
13576,0.00e+00,-1.00e-01,
13577,8.00e-03,-1.00e-01,
13578,8.00e-03,3.00e-01,
13579,8.00e-03,3.00e-01,
13580,8.00e-03,-1.00e-01,
13581,8.00e-03,-1.00e-01,
13582,8.00e-03,3.00e-01,
13583,8.00e-03,-1.00e-01,
13584,0.00e+00,-1.00e-01,
13585,8.00e-03,-1.00e-01,
13586,8.00e-03,3.00e-01,
13587,8.00e-03,-1.00e-01,
13588,8.00e-03,-1.00e-01,
13589,8.00e-03,-1.00e-01,
13590,8.00e-03,3.00e-01,
13591,8.00e-03,-1.00e-01,
13592,8.00e-03,-1.00e-01,
13593,8.00e-03,-1.00e-01,
13594,8.00e-03,3.00e-01,
13595,8.00e-03,-1.00e-01,
13596,8.00e-03,-1.00e-01,
13597,8.00e-03,-1.00e-01,
13598,8.00e-03,3.00e-01,
13599,8.00e-03,-1.00e-01,
13600,8.00e-03,-1.00e-01,
13601,8.00e-03,3.00e-01,
13602,8.00e-03,3.00e-01,
13603,8.00e-03,-1.00e-01,
13604,8.00e-03,-1.00e-01,
13605,8.00e-03,-1.00e-01,
13606,8.00e-03,3.00e-01,
13607,8.00e-03,-1.00e-01,
13608,8.00e-03,-1.00e-01,
13609,8.00e-03,-1.00e-01,
13610,8.00e-03,3.00e-01,
13611,8.00e-03,-1.00e-01,
13612,8.00e-03,-1.00e-01,
13613,8.00e-03,-1.00e-01,
13614,8.00e-03,3.00e-01,
13615,8.00e-03,-1.00e-01,
13616,0.00e+00,-1.00e-01,
13617,8.00e-03,-1.00e-01,
13618,8.00e-03,3.00e-01,
13619,8.00e-03,-1.00e-01,
13620,8.00e-03,-1.00e-01,
13621,8.00e-03,-1.00e-01,
13622,8.00e-03,3.00e-01,
13623,8.00e-03,-1.00e-01,
13624,8.00e-03,-1.00e-01,
13625,8.00e-03,-1.00e-01,
13626,8.00e-03,3.00e-01,
13627,8.00e-03,-1.00e-01,
13628,8.00e-03,-1.00e-01,
13629,8.00e-03,-1.00e-01,
13630,8.00e-03,3.00e-01,
13631,8.00e-03,-1.00e-01,
13632,8.00e-03,-1.00e-01,
13633,8.00e-03,-1.00e-01,
13634,8.00e-03,3.00e-01,
13635,8.00e-03,3.00e-01,
13636,8.00e-03,-1.00e-01,
13637,8.00e-03,-1.00e-01,
13638,8.00e-03,3.00e-01,
13639,1.60e-02,-1.00e-01,
13640,8.00e-03,-1.00e-01,
13641,8.00e-03,3.00e-01,
13642,8.00e-03,-1.00e-01,
13643,1.60e-02,3.00e-01,
13644,8.00e-03,-1.00e-01,
13645,8.00e-03,-1.00e-01,
13646,8.00e-03,3.00e-01,
13647,8.00e-03,3.00e-01,
13648,8.00e-03,-5.00e-01,
13649,8.00e-03,3.00e-01,
13650,8.00e-03,-1.00e-01,
13651,8.00e-03,-1.00e-01,
13652,8.00e-03,-1.00e-01,
13653,8.00e-03,-1.00e-01,
13654,8.00e-03,3.00e-01,
13655,1.60e-02,-1.00e-01,
13656,8.00e-03,-1.00e-01,
13657,1.60e-02,-1.00e-01,
13658,8.00e-03,3.00e-01,
13659,1.60e-02,-1.00e-01,
13660,8.00e-03,-1.00e-01,
13661,8.00e-03,-1.00e-01,
13662,8.00e-03,3.00e-01,
13663,1.60e-02,3.00e-01,
13664,8.00e-03,-1.00e-01,
13665,1.60e-02,-1.00e-01,
13666,1.60e-02,3.00e-01,
13667,1.60e-02,3.00e-01,
13668,8.00e-03,-1.00e-01,
13669,1.60e-02,-1.00e-01,
13670,8.00e-03,3.00e-01,
13671,1.60e-02,-1.00e-01,
13672,8.00e-03,-1.00e-01,
13673,8.00e-03,-1.00e-01,
13674,8.00e-03,3.00e-01,
13675,1.60e-02,-1.00e-01,
13676,8.00e-03,-1.00e-01,
13677,8.00e-03,-1.00e-01,
13678,8.00e-03,3.00e-01,
13679,1.60e-02,3.00e-01,
13680,1.60e-02,-1.00e-01,
13681,1.60e-02,3.00e-01,
13682,8.00e-03,-1.00e-01,
13683,1.60e-02,3.00e-01,
13684,8.00e-03,-1.00e-01,
13685,1.60e-02,-1.00e-01,
13686,1.60e-02,3.00e-01,
13687,1.60e-02,-1.00e-01,
13688,1.60e-02,-1.00e-01,
13689,1.60e-02,3.00e-01,
13690,1.60e-02,-1.00e-01,
13691,1.60e-02,3.00e-01,
13692,1.60e-02,-1.00e-01,
13693,1.60e-02,3.00e-01,
13694,1.60e-02,3.00e-01,
13695,1.60e-02,-1.00e-01,
13696,1.60e-02,-1.00e-01,
13697,1.60e-02,-1.00e-01,
13698,1.60e-02,3.00e-01,
13699,1.60e-02,3.00e-01,
13700,1.60e-02,-1.00e-01,
13701,1.60e-02,-1.00e-01,
13702,1.60e-02,3.00e-01,
13703,1.60e-02,-1.00e-01,
13704,1.60e-02,-1.00e-01,
13705,1.60e-02,-1.00e-01,
13706,1.60e-02,3.00e-01,
13707,1.60e-02,-1.00e-01,
13708,1.60e-02,-1.00e-01,
13709,1.60e-02,-1.00e-01,
13710,1.60e-02,3.00e-01,
13711,1.60e-02,3.00e-01,
13712,1.60e-02,-1.00e-01,
13713,1.60e-02,-1.00e-01,
13714,1.60e-02,3.00e-01,
13715,1.60e-02,3.00e-01,
13716,1.60e-02,-1.00e-01,
13717,1.60e-02,-1.00e-01,
13718,1.60e-02,3.00e-01,
13719,1.60e-02,-1.00e-01,
13720,1.60e-02,-1.00e-01,
13721,1.60e-02,3.00e-01,
13722,1.60e-02,3.00e-01,
13723,1.60e-02,3.00e-01,
13724,1.60e-02,-1.00e-01,
13725,1.60e-02,-1.00e-01,
13726,1.60e-02,3.00e-01,
13727,1.60e-02,-1.00e-01,
13728,1.60e-02,-1.00e-01,
13729,1.60e-02,3.00e-01,
13730,1.60e-02,3.00e-01,
13731,1.60e-02,3.00e-01,
13732,1.60e-02,-1.00e-01,
13733,1.60e-02,-1.00e-01,
13734,1.60e-02,3.00e-01,
13735,1.60e-02,-1.00e-01,
13736,1.60e-02,-1.00e-01,
13737,1.60e-02,-1.00e-01,
13738,1.60e-02,3.00e-01,
13739,2.40e-02,3.00e-01,
13740,1.60e-02,-1.00e-01,
13741,1.60e-02,-1.00e-01,
13742,1.60e-02,3.00e-01,
13743,1.60e-02,-1.00e-01,
13744,1.60e-02,-1.00e-01,
13745,1.60e-02,-1.00e-01,
13746,1.60e-02,3.00e-01,
13747,2.40e-02,-1.00e-01,
13748,1.60e-02,-1.00e-01,
13749,2.40e-02,3.00e-01,
13750,1.60e-02,3.00e-01,
13751,2.40e-02,3.00e-01,
13752,1.60e-02,-1.00e-01,
13753,2.40e-02,3.00e-01,
13754,1.60e-02,3.00e-01,
13755,2.40e-02,3.00e-01,
13756,1.60e-02,-1.00e-01,
13757,1.60e-02,-1.00e-01,
13758,1.60e-02,3.00e-01,
13759,2.40e-02,-1.00e-01,
13760,1.60e-02,-1.00e-01,
13761,2.40e-02,-1.00e-01,
13762,1.60e-02,3.00e-01,
13763,2.40e-02,3.00e-01,
13764,1.60e-02,-1.00e-01,
13765,2.40e-02,-1.00e-01,
13766,1.60e-02,3.00e-01,
13767,2.40e-02,-1.00e-01,
13768,1.60e-02,-1.00e-01,
13769,2.40e-02,3.00e-01,
13770,1.60e-02,3.00e-01,
13771,2.40e-02,-1.00e-01,
13772,1.60e-02,-1.00e-01,
13773,2.40e-02,-1.00e-01,
13774,1.60e-02,3.00e-01,
13775,2.40e-02,3.00e-01,
13776,2.40e-02,-1.00e-01,
13777,2.40e-02,3.00e-01,
13778,2.40e-02,3.00e-01,
13779,2.40e-02,3.00e-01,
13780,2.40e-02,-1.00e-01,
13781,2.40e-02,-1.00e-01,
13782,2.40e-02,3.00e-01,
13783,2.40e-02,3.00e-01,
13784,2.40e-02,-1.00e-01,
13785,2.40e-02,-1.00e-01,
13786,2.40e-02,3.00e-01,
13787,2.40e-02,3.00e-01,
13788,2.40e-02,-1.00e-01,
13789,2.40e-02,3.00e-01,
13790,2.40e-02,3.00e-01,
13791,2.40e-02,3.00e-01,
13792,2.40e-02,-1.00e-01,
13793,2.40e-02,3.00e-01,
13794,2.40e-02,3.00e-01,
13795,2.40e-02,3.00e-01,
13796,2.40e-02,-1.00e-01,
13797,2.40e-02,-1.00e-01,
13798,2.40e-02,3.00e-01,
13799,2.40e-02,3.00e-01,
13800,2.40e-02,-1.00e-01,
13801,2.40e-02,3.00e-01,
13802,2.40e-02,3.00e-01,
13803,2.40e-02,3.00e-01,
13804,2.40e-02,-1.00e-01,
13805,2.40e-02,3.00e-01,
13806,2.40e-02,3.00e-01,
13807,2.40e-02,-1.00e-01,
13808,2.40e-02,-1.00e-01,
13809,2.40e-02,3.00e-01,
13810,2.40e-02,3.00e-01,
13811,2.40e-02,3.00e-01,
13812,2.40e-02,-1.00e-01,
13813,2.40e-02,3.00e-01,
13814,2.40e-02,3.00e-01,
13815,2.40e-02,-1.00e-01,
13816,2.40e-02,-1.00e-01,
13817,2.40e-02,-1.00e-01,
13818,2.40e-02,3.00e-01,
13819,4.00e-02,3.00e-01,
13820,2.40e-02,-1.00e-01,
13821,2.40e-02,3.00e-01,
13822,2.40e-02,3.00e-01,
13823,2.40e-02,-1.00e-01,
13824,2.40e-02,-1.00e-01,
13825,2.40e-02,-1.00e-01,
13826,2.40e-02,3.00e-01,
13827,2.40e-02,3.00e-01,
13828,2.40e-02,-1.00e-01,
13829,2.40e-02,3.00e-01,
13830,2.40e-02,3.00e-01,
13831,4.00e-02,3.00e-01,
13832,2.40e-02,-1.00e-01,
13833,2.40e-02,-1.00e-01,
13834,2.40e-02,3.00e-01,
13835,4.00e-02,-1.00e-01,
13836,2.40e-02,-1.00e-01,
13837,2.40e-02,-1.00e-01,
13838,2.40e-02,3.00e-01,
13839,4.00e-02,3.00e-01,
13840,2.40e-02,-1.00e-01,
13841,2.40e-02,3.00e-01,
13842,2.40e-02,3.00e-01,
13843,4.00e-02,-1.00e-01,
13844,2.40e-02,-1.00e-01,
13845,2.40e-02,-1.00e-01,
13846,2.40e-02,3.00e-01,
13847,2.40e-02,3.00e-01,
13848,2.40e-02,-5.00e-01,
13849,2.40e-02,3.00e-01,
13850,2.40e-02,-1.00e-01,
13851,4.00e-02,3.00e-01,
13852,2.40e-02,-1.00e-01,
13853,4.00e-02,-1.00e-01,
13854,2.40e-02,3.00e-01,
13855,4.00e-02,-1.00e-01,
13856,2.40e-02,-1.00e-01,
13857,2.40e-02,3.00e-01,
13858,2.40e-02,3.00e-01,
13859,4.00e-02,3.00e-01,
13860,2.40e-02,-1.00e-01,
13861,4.00e-02,3.00e-01,
13862,4.00e-02,3.00e-01,
13863,4.00e-02,-1.00e-01,
13864,2.40e-02,-1.00e-01,
13865,4.00e-02,-1.00e-01,
13866,4.00e-02,3.00e-01,
13867,4.00e-02,-1.00e-01,
13868,2.40e-02,-1.00e-01,
13869,4.00e-02,3.00e-01,
13870,4.00e-02,3.00e-01,
13871,4.00e-02,3.00e-01,
13872,4.00e-02,-1.00e-01,
13873,4.00e-02,3.00e-01,
13874,4.00e-02,3.00e-01,
13875,4.00e-02,-1.00e-01,
13876,4.00e-02,-1.00e-01,
13877,4.00e-02,-1.00e-01,
13878,4.00e-02,3.00e-01,
13879,4.00e-02,3.00e-01,
13880,4.00e-02,-1.00e-01,
13881,4.00e-02,-1.00e-01,
13882,4.00e-02,3.00e-01,
13883,4.00e-02,3.00e-01,
13884,4.00e-02,-1.00e-01,
13885,4.00e-02,-1.00e-01,
13886,4.00e-02,3.00e-01,
13887,4.00e-02,-1.00e-01,
13888,4.00e-02,-1.00e-01,
13889,4.00e-02,3.00e-01,
13890,4.00e-02,3.00e-01,
13891,4.00e-02,3.00e-01,
13892,4.00e-02,-1.00e-01,
13893,4.00e-02,3.00e-01,
13894,4.00e-02,3.00e-01,
13895,4.00e-02,3.00e-01,
13896,4.00e-02,-1.00e-01,
13897,4.00e-02,-1.00e-01,
13898,4.00e-02,3.00e-01,
13899,4.00e-02,3.00e-01,
13900,4.00e-02,-1.00e-01,
13901,4.00e-02,3.00e-01,
13902,4.00e-02,3.00e-01,
13903,4.00e-02,3.00e-01,
13904,4.00e-02,-1.00e-01,
13905,4.00e-02,3.00e-01,
13906,4.00e-02,3.00e-01,
13907,4.80e-02,3.00e-01,
13908,4.00e-02,-1.00e-01,
13909,4.00e-02,3.00e-01,
13910,4.00e-02,3.00e-01,
13911,4.00e-02,-1.00e-01,
13912,4.00e-02,-1.00e-01,
13913,4.00e-02,3.00e-01,
13914,4.00e-02,3.00e-01,
13915,4.00e-02,3.00e-01,
13916,4.00e-02,-1.00e-01,
13917,4.00e-02,-1.00e-01,
13918,4.00e-02,3.00e-01,
13919,4.00e-02,3.00e-01,
13920,4.00e-02,-1.00e-01,
13921,4.00e-02,3.00e-01,
13922,4.00e-02,3.00e-01,
13923,4.00e-02,3.00e-01,
13924,4.00e-02,-1.00e-01,
13925,4.00e-02,3.00e-01,
13926,4.00e-02,3.00e-01,
13927,4.00e-02,3.00e-01,
13928,4.00e-02,-1.00e-01,
13929,4.00e-02,3.00e-01,
13930,4.00e-02,3.00e-01,
13931,4.80e-02,3.00e-01,
13932,4.00e-02,-1.00e-01,
13933,4.00e-02,3.00e-01,
13934,4.00e-02,3.00e-01,
13935,4.80e-02,3.00e-01,
13936,4.00e-02,-1.00e-01,
13937,4.80e-02,-1.00e-01,
13938,4.00e-02,3.00e-01,
13939,4.80e-02,3.00e-01,
13940,4.00e-02,-1.00e-01,
13941,4.00e-02,3.00e-01,
13942,4.00e-02,3.00e-01,
13943,4.80e-02,3.00e-01,
13944,4.00e-02,-1.00e-01,
13945,4.80e-02,-1.00e-01,
13946,4.00e-02,3.00e-01,
13947,4.80e-02,3.00e-01,
13948,4.00e-02,-1.00e-01,
13949,4.00e-02,3.00e-01,
13950,4.00e-02,3.00e-01,
13951,4.80e-02,3.00e-01,
13952,4.00e-02,-1.00e-01,
13953,4.80e-02,3.00e-01,
13954,4.00e-02,3.00e-01,
13955,4.80e-02,3.00e-01,
13956,4.00e-02,-1.00e-01,
13957,4.80e-02,-1.00e-01,
13958,4.00e-02,3.00e-01,
13959,4.80e-02,3.00e-01,
13960,4.00e-02,-1.00e-01,
13961,4.80e-02,3.00e-01,
13962,4.80e-02,3.00e-01,
13963,4.80e-02,3.00e-01,
13964,4.80e-02,-1.00e-01,
13965,4.80e-02,3.00e-01,
13966,4.80e-02,3.00e-01,
13967,4.80e-02,-1.00e-01,
13968,4.80e-02,-1.00e-01,
13969,4.80e-02,3.00e-01,
13970,4.00e-02,3.00e-01,
13971,4.80e-02,3.00e-01,
13972,4.80e-02,-1.00e-01,
13973,4.80e-02,3.00e-01,
13974,4.80e-02,3.00e-01,
13975,4.80e-02,3.00e-01,
13976,4.80e-02,-1.00e-01,
13977,4.80e-02,-1.00e-01,
13978,4.80e-02,3.00e-01,
13979,4.80e-02,3.00e-01,
13980,4.80e-02,-1.00e-01,
13981,4.80e-02,3.00e-01,
13982,4.80e-02,3.00e-01,
13983,4.80e-02,3.00e-01,
13984,4.80e-02,-1.00e-01,
13985,4.80e-02,3.00e-01,
13986,4.80e-02,3.00e-01,
13987,4.80e-02,3.00e-01,
13988,4.80e-02,-1.00e-01,
13989,4.80e-02,3.00e-01,
13990,4.80e-02,3.00e-01,
13991,4.80e-02,3.00e-01,
13992,4.80e-02,-1.00e-01,
13993,4.80e-02,3.00e-01,
13994,4.80e-02,3.00e-01,
13995,4.80e-02,3.00e-01,
13996,4.80e-02,-1.00e-01,
13997,4.80e-02,3.00e-01,
13998,4.80e-02,3.00e-01,
13999,5.60e-02,-1.00e-01,
14000,4.80e-02,-1.00e-01,
14001,4.80e-02,3.00e-01,
14002,4.80e-02,3.00e-01,
14003,5.60e-02,3.00e-01,
14004,4.80e-02,-1.00e-01,
14005,4.80e-02,3.00e-01,
14006,4.80e-02,3.00e-01,
14007,4.80e-02,3.00e-01,
14008,4.80e-02,-1.00e-01,
14009,4.80e-02,3.00e-01,
14010,4.80e-02,3.00e-01,
14011,4.80e-02,3.00e-01,
14012,4.80e-02,-1.00e-01,
14013,4.80e-02,3.00e-01,
14014,4.80e-02,3.00e-01,
14015,5.60e-02,3.00e-01,
14016,4.80e-02,-1.00e-01,
14017,4.80e-02,3.00e-01,
14018,4.80e-02,3.00e-01,
14019,5.60e-02,3.00e-01,
14020,4.80e-02,-1.00e-01,
14021,4.80e-02,3.00e-01,
14022,4.80e-02,3.00e-01,
14023,5.60e-02,3.00e-01,
14024,4.80e-02,-1.00e-01,
14025,4.80e-02,-1.00e-01,
14026,4.80e-02,3.00e-01,
14027,5.60e-02,3.00e-01,
14028,4.80e-02,-1.00e-01,
14029,4.80e-02,3.00e-01,
14030,4.80e-02,3.00e-01,
14031,5.60e-02,3.00e-01,
14032,4.80e-02,-1.00e-01,
14033,4.80e-02,3.00e-01,
14034,4.80e-02,3.00e-01,
14035,5.60e-02,3.00e-01,
14036,4.80e-02,3.00e-01,
14037,5.60e-02,-1.00e-01,
14038,4.80e-02,3.00e-01,
14039,5.60e-02,3.00e-01,
14040,4.80e-02,-1.00e-01,
14041,5.60e-02,3.00e-01,
14042,4.80e-02,3.00e-01,
14043,5.60e-02,3.00e-01,
14044,4.80e-02,-1.00e-01,
14045,5.60e-02,-1.00e-01,
14046,4.80e-02,3.00e-01,
14047,5.60e-02,3.00e-01,
14048,5.60e-02,-5.00e-01,
14049,4.80e-02,3.00e-01,
14050,5.60e-02,3.00e-01,
14051,5.60e-02,3.00e-01,
14052,4.80e-02,-1.00e-01,
14053,5.60e-02,-1.00e-01,
14054,5.60e-02,3.00e-01,
14055,5.60e-02,3.00e-01,
14056,5.60e-02,-1.00e-01,
14057,5.60e-02,-1.00e-01,
14058,5.60e-02,3.00e-01,
14059,5.60e-02,3.00e-01,
14060,5.60e-02,-1.00e-01,
14061,5.60e-02,3.00e-01,
14062,5.60e-02,3.00e-01,
14063,5.60e-02,3.00e-01,
14064,5.60e-02,-1.00e-01,
14065,5.60e-02,3.00e-01,
14066,5.60e-02,3.00e-01,
14067,5.60e-02,3.00e-01,
14068,5.60e-02,-1.00e-01,
14069,5.60e-02,3.00e-01,
14070,5.60e-02,3.00e-01,
14071,5.60e-02,3.00e-01,
14072,5.60e-02,-1.00e-01,
14073,5.60e-02,3.00e-01,
14074,5.60e-02,3.00e-01,
14075,5.60e-02,3.00e-01,
14076,5.60e-02,-1.00e-01,
14077,5.60e-02,3.00e-01,
14078,5.60e-02,3.00e-01,
14079,5.60e-02,3.00e-01,
14080,5.60e-02,-1.00e-01,
14081,5.60e-02,3.00e-01,
14082,5.60e-02,3.00e-01,
14083,5.60e-02,3.00e-01,
14084,5.60e-02,-1.00e-01,
14085,5.60e-02,3.00e-01,
14086,5.60e-02,3.00e-01,
14087,6.40e-02,3.00e-01,
14088,5.60e-02,-1.00e-01,
14089,5.60e-02,3.00e-01,
14090,5.60e-02,3.00e-01,
14091,6.40e-02,3.00e-01,
14092,5.60e-02,-1.00e-01,
14093,5.60e-02,3.00e-01,
14094,5.60e-02,3.00e-01,
14095,5.60e-02,3.00e-01,
14096,5.60e-02,-1.00e-01,
14097,5.60e-02,3.00e-01,
14098,5.60e-02,3.00e-01,
14099,6.40e-02,3.00e-01,
14100,5.60e-02,-1.00e-01,
14101,5.60e-02,3.00e-01,
14102,5.60e-02,3.00e-01,
14103,6.40e-02,3.00e-01,
14104,5.60e-02,-1.00e-01,
14105,5.60e-02,-1.00e-01,
14106,5.60e-02,3.00e-01,
14107,6.40e-02,3.00e-01,
14108,5.60e-02,-1.00e-01,
14109,5.60e-02,-1.00e-01,
14110,5.60e-02,3.00e-01,
14111,6.40e-02,3.00e-01,
14112,5.60e-02,-1.00e-01,
14113,5.60e-02,3.00e-01,
14114,5.60e-02,3.00e-01,
14115,6.40e-02,3.00e-01,
14116,5.60e-02,-1.00e-01,
14117,5.60e-02,-1.00e-01,
14118,5.60e-02,3.00e-01,
14119,6.40e-02,3.00e-01,
14120,5.60e-02,-1.00e-01,
14121,6.40e-02,3.00e-01,
14122,5.60e-02,3.00e-01,
14123,6.40e-02,3.00e-01,
14124,5.60e-02,-1.00e-01,
14125,6.40e-02,3.00e-01,
14126,5.60e-02,3.00e-01,
14127,6.40e-02,3.00e-01,
14128,5.60e-02,-1.00e-01,
14129,5.60e-02,3.00e-01,
14130,6.40e-02,3.00e-01,
14131,6.40e-02,3.00e-01,
14132,5.60e-02,-1.00e-01,
14133,6.40e-02,3.00e-01,
14134,5.60e-02,3.00e-01,
14135,6.40e-02,3.00e-01,
14136,5.60e-02,-1.00e-01,
14137,6.40e-02,3.00e-01,
14138,6.40e-02,3.00e-01,
14139,6.40e-02,3.00e-01,
14140,5.60e-02,-1.00e-01,
14141,6.40e-02,3.00e-01,
14142,5.60e-02,3.00e-01,
14143,6.40e-02,3.00e-01,
14144,6.40e-02,-1.00e-01,
14145,6.40e-02,3.00e-01,
14146,6.40e-02,3.00e-01,
14147,6.40e-02,3.00e-01,
14148,6.40e-02,-1.00e-01,
14149,6.40e-02,3.00e-01,
14150,6.40e-02,3.00e-01,
14151,6.40e-02,3.00e-01,
14152,5.60e-02,-1.00e-01,
14153,6.40e-02,3.00e-01,
14154,6.40e-02,3.00e-01,
14155,6.40e-02,3.00e-01,
14156,6.40e-02,-1.00e-01,
14157,6.40e-02,3.00e-01,
14158,6.40e-02,3.00e-01,
14159,6.40e-02,3.00e-01,
14160,6.40e-02,-1.00e-01,
14161,6.40e-02,3.00e-01,
14162,6.40e-02,3.00e-01,
14163,6.40e-02,3.00e-01,
14164,6.40e-02,-1.00e-01,
14165,6.40e-02,3.00e-01,
14166,6.40e-02,3.00e-01,
14167,6.40e-02,-1.00e-01,
14168,6.40e-02,-1.00e-01,
14169,6.40e-02,3.00e-01,
14170,6.40e-02,3.00e-01,
14171,7.20e-02,3.00e-01,
14172,6.40e-02,-1.00e-01,
14173,6.40e-02,3.00e-01,
14174,6.40e-02,3.00e-01,
14175,6.40e-02,3.00e-01,
14176,6.40e-02,-1.00e-01,
14177,6.40e-02,3.00e-01,
14178,6.40e-02,3.00e-01,
14179,7.20e-02,3.00e-01,
14180,6.40e-02,-1.00e-01,
14181,6.40e-02,3.00e-01,
14182,6.40e-02,3.00e-01,
14183,7.20e-02,3.00e-01,
14184,6.40e-02,-1.00e-01,
14185,6.40e-02,3.00e-01,
14186,6.40e-02,3.00e-01,
14187,7.20e-02,3.00e-01,
14188,6.40e-02,-1.00e-01,
14189,6.40e-02,3.00e-01,
14190,6.40e-02,3.00e-01,
14191,7.20e-02,3.00e-01,
14192,6.40e-02,-1.00e-01,
14193,6.40e-02,3.00e-01,
14194,6.40e-02,3.00e-01,
14195,7.20e-02,3.00e-01,
14196,6.40e-02,-1.00e-01,
14197,6.40e-02,3.00e-01,
14198,6.40e-02,3.00e-01,
14199,7.20e-02,3.00e-01,
14200,6.40e-02,-1.00e-01,
14201,7.20e-02,3.00e-01,
14202,6.40e-02,3.00e-01,
14203,7.20e-02,3.00e-01,
14204,6.40e-02,-1.00e-01,
14205,6.40e-02,3.00e-01,
14206,6.40e-02,3.00e-01,
14207,7.20e-02,-1.00e-01,
14208,6.40e-02,-1.00e-01,
14209,7.20e-02,3.00e-01,
14210,6.40e-02,3.00e-01,
14211,7.20e-02,3.00e-01,
14212,6.40e-02,-1.00e-01,
14213,7.20e-02,3.00e-01,
14214,6.40e-02,3.00e-01,
14215,7.20e-02,3.00e-01,
14216,7.20e-02,-1.00e-01,
14217,7.20e-02,-1.00e-01,
14218,6.40e-02,3.00e-01,
14219,7.20e-02,3.00e-01,
14220,6.40e-02,-1.00e-01,
14221,6.40e-02,3.00e-01,
14222,7.20e-02,3.00e-01,
14223,7.20e-02,3.00e-01,
14224,7.20e-02,-1.00e-01,
14225,7.20e-02,-1.00e-01,
14226,7.20e-02,3.00e-01,
14227,7.20e-02,-1.00e-01,
14228,6.40e-02,-1.00e-01,
14229,7.20e-02,3.00e-01,
14230,7.20e-02,3.00e-01,
14231,7.20e-02,3.00e-01,
14232,6.40e-02,-1.00e-01,
14233,7.20e-02,3.00e-01,
14234,7.20e-02,3.00e-01,
14235,7.20e-02,3.00e-01,
14236,7.20e-02,-1.00e-01,
14237,7.20e-02,-1.00e-01,
14238,7.20e-02,3.00e-01,
14239,7.20e-02,3.00e-01,
14240,7.20e-02,-1.00e-01,
14241,7.20e-02,3.00e-01,
14242,7.20e-02,3.00e-01,
14243,7.20e-02,3.00e-01,
14244,6.40e-02,-1.00e-01,
14245,7.20e-02,-1.00e-01,
14246,7.20e-02,3.00e-01,
14247,7.20e-02,3.00e-01,
14248,7.20e-02,-5.00e-01,
14249,7.20e-02,7.00e-01,
14250,7.20e-02,-1.00e-01,
14251,7.20e-02,3.00e-01,
14252,7.20e-02,-1.00e-01,
14253,7.20e-02,-1.00e-01,
14254,7.20e-02,3.00e-01,
14255,7.20e-02,3.00e-01,
14256,7.20e-02,-1.00e-01,
14257,7.20e-02,3.00e-01,
14258,7.20e-02,3.00e-01,
14259,8.00e-02,3.00e-01,
14260,7.20e-02,-1.00e-01,
14261,7.20e-02,3.00e-01,
14262,7.20e-02,3.00e-01,
14263,7.20e-02,3.00e-01,
14264,7.20e-02,-1.00e-01,
14265,7.20e-02,-1.00e-01,
14266,7.20e-02,3.00e-01,
14267,7.20e-02,3.00e-01,
14268,7.20e-02,-1.00e-01,
14269,7.20e-02,3.00e-01,
14270,7.20e-02,3.00e-01,
14271,7.20e-02,3.00e-01,
14272,7.20e-02,-1.00e-01,
14273,7.20e-02,3.00e-01,
14274,7.20e-02,3.00e-01,
14275,7.20e-02,3.00e-01,
14276,7.20e-02,-1.00e-01,
14277,7.20e-02,3.00e-01,
14278,7.20e-02,3.00e-01,
14279,8.00e-02,3.00e-01,
14280,7.20e-02,-1.00e-01,
14281,7.20e-02,3.00e-01,
14282,7.20e-02,3.00e-01,
14283,8.00e-02,3.00e-01,
14284,7.20e-02,-1.00e-01,
14285,7.20e-02,3.00e-01,
14286,7.20e-02,3.00e-01,
14287,8.00e-02,3.00e-01,
14288,7.20e-02,-1.00e-01,
14289,7.20e-02,3.00e-01,
14290,7.20e-02,3.00e-01,
14291,8.00e-02,3.00e-01,
14292,7.20e-02,-1.00e-01,
14293,8.00e-02,3.00e-01,
14294,7.20e-02,3.00e-01,
14295,8.00e-02,3.00e-01,
14296,7.20e-02,-1.00e-01,
14297,7.20e-02,3.00e-01,
14298,7.20e-02,3.00e-01,
14299,8.00e-02,3.00e-01,
14300,7.20e-02,-1.00e-01,
14301,8.00e-02,3.00e-01,
14302,7.20e-02,3.00e-01,
14303,8.00e-02,3.00e-01,
14304,7.20e-02,-1.00e-01,
14305,8.00e-02,-1.00e-01,
14306,7.20e-02,3.00e-01,
14307,8.00e-02,3.00e-01,
14308,7.20e-02,-1.00e-01,
14309,8.00e-02,3.00e-01,
14310,8.00e-02,3.00e-01,
14311,8.00e-02,3.00e-01,
14312,7.20e-02,-1.00e-01,
14313,8.00e-02,3.00e-01,
14314,7.20e-02,3.00e-01,
14315,8.00e-02,3.00e-01,
14316,8.00e-02,-1.00e-01,
14317,8.00e-02,3.00e-01,
14318,8.00e-02,3.00e-01,
14319,8.00e-02,3.00e-01,
14320,7.20e-02,-1.00e-01,
14321,8.00e-02,3.00e-01,
14322,8.00e-02,3.00e-01,
14323,8.00e-02,3.00e-01,
14324,8.00e-02,-1.00e-01,
14325,8.00e-02,3.00e-01,
14326,8.00e-02,3.00e-01,
14327,8.00e-02,-1.00e-01,
14328,7.20e-02,-1.00e-01,
14329,8.00e-02,3.00e-01,
14330,8.00e-02,3.00e-01,
14331,8.00e-02,3.00e-01,
14332,8.00e-02,-1.00e-01,
14333,8.00e-02,3.00e-01,
14334,8.00e-02,3.00e-01,
14335,8.00e-02,3.00e-01,
14336,8.00e-02,-1.00e-01,
14337,8.00e-02,3.00e-01,
14338,8.00e-02,3.00e-01,
14339,8.00e-02,3.00e-01,
14340,8.00e-02,-1.00e-01,
14341,8.00e-02,3.00e-01,
14342,8.00e-02,3.00e-01,
14343,8.00e-02,3.00e-01,
14344,8.00e-02,-1.00e-01,
14345,8.00e-02,3.00e-01,
14346,8.00e-02,3.00e-01,
14347,8.80e-02,3.00e-01,
14348,8.00e-02,-1.00e-01,
14349,8.00e-02,3.00e-01,
14350,8.00e-02,3.00e-01,
14351,8.00e-02,3.00e-01,
14352,8.00e-02,-1.00e-01,
14353,8.00e-02,3.00e-01,
14354,8.00e-02,3.00e-01,
14355,8.00e-02,3.00e-01,
14356,8.00e-02,-1.00e-01,
14357,8.00e-02,3.00e-01,
14358,8.00e-02,3.00e-01,
14359,8.00e-02,3.00e-01,
14360,8.00e-02,-1.00e-01,
14361,8.00e-02,3.00e-01,
14362,8.00e-02,3.00e-01,
14363,8.80e-02,3.00e-01,
14364,8.00e-02,-1.00e-01,
14365,8.00e-02,3.00e-01,
14366,8.00e-02,3.00e-01,
14367,8.80e-02,3.00e-01,
14368,8.00e-02,-1.00e-01,
14369,8.00e-02,3.00e-01,
14370,8.00e-02,3.00e-01,
14371,8.80e-02,3.00e-01,
14372,8.00e-02,-1.00e-01,
14373,8.00e-02,3.00e-01,
14374,8.00e-02,3.00e-01,
14375,8.80e-02,3.00e-01,
14376,8.00e-02,-1.00e-01,
14377,8.00e-02,3.00e-01,
14378,8.00e-02,3.00e-01,
14379,8.80e-02,3.00e-01,
14380,8.00e-02,-1.00e-01,
14381,8.00e-02,3.00e-01,
14382,8.00e-02,3.00e-01,
14383,8.80e-02,3.00e-01,
14384,8.00e-02,-1.00e-01,
14385,8.80e-02,3.00e-01,
14386,8.00e-02,3.00e-01,
14387,8.80e-02,3.00e-01,
14388,8.00e-02,-1.00e-01,
14389,8.00e-02,3.00e-01,
14390,8.00e-02,3.00e-01,
14391,8.80e-02,3.00e-01,
14392,8.00e-02,-1.00e-01,
14393,8.00e-02,3.00e-01,
14394,8.00e-02,3.00e-01,
14395,8.80e-02,3.00e-01,
14396,8.00e-02,3.00e-01,
14397,8.80e-02,3.00e-01,
14398,8.00e-02,3.00e-01,
14399,8.80e-02,3.00e-01,
14400,8.00e-02,-1.00e-01,
14401,8.80e-02,3.00e-01,
14402,8.00e-02,3.00e-01,
14403,8.80e-02,3.00e-01,
14404,8.80e-02,-1.00e-01,
14405,8.00e-02,3.00e-01,
14406,8.80e-02,3.00e-01,
14407,8.80e-02,3.00e-01,
14408,8.00e-02,-1.00e-01,
14409,8.80e-02,3.00e-01,
14410,8.00e-02,3.00e-01,
14411,8.80e-02,3.00e-01,
14412,8.00e-02,-1.00e-01,
14413,8.80e-02,3.00e-01,
14414,8.00e-02,3.00e-01,
14415,8.80e-02,3.00e-01,
14416,8.00e-02,-1.00e-01,
14417,8.80e-02,3.00e-01,
14418,8.80e-02,3.00e-01,
14419,8.80e-02,3.00e-01,
14420,8.80e-02,-1.00e-01,
14421,8.80e-02,3.00e-01,
14422,8.80e-02,3.00e-01,
14423,8.80e-02,3.00e-01,
14424,8.80e-02,-1.00e-01,
14425,8.80e-02,3.00e-01,
14426,8.00e-02,3.00e-01,
14427,8.80e-02,3.00e-01,
14428,8.80e-02,-1.00e-01,
14429,8.80e-02,3.00e-01,
14430,8.80e-02,3.00e-01,
14431,8.80e-02,3.00e-01,
14432,8.80e-02,-1.00e-01,
14433,8.80e-02,3.00e-01,
14434,8.80e-02,3.00e-01,
14435,9.60e-02,3.00e-01,
14436,8.80e-02,-1.00e-01,
14437,8.80e-02,-1.00e-01,
14438,8.80e-02,3.00e-01,
14439,9.60e-02,3.00e-01,
14440,8.80e-02,-1.00e-01,
14441,8.80e-02,3.00e-01,
14442,8.80e-02,3.00e-01,
14443,8.80e-02,3.00e-01,
14444,8.80e-02,3.00e-01,
14445,8.80e-02,-1.00e-01,
14446,8.80e-02,3.00e-01,
14447,8.80e-02,3.00e-01,
14448,8.80e-02,-5.00e-01,
14449,8.80e-02,7.00e-01,
14450,8.80e-02,3.00e-01,
14451,9.60e-02,3.00e-01,
14452,8.80e-02,3.00e-01,
14453,8.80e-02,-1.00e-01,
14454,8.80e-02,3.00e-01,
14455,9.60e-02,3.00e-01,
14456,8.80e-02,-1.00e-01,
14457,8.80e-02,3.00e-01,
14458,8.80e-02,3.00e-01,
14459,9.60e-02,3.00e-01,
14460,8.80e-02,-1.00e-01,
14461,8.80e-02,3.00e-01,
14462,8.80e-02,3.00e-01,
14463,9.60e-02,3.00e-01,
14464,8.80e-02,-1.00e-01,
14465,8.80e-02,3.00e-01,
14466,8.80e-02,3.00e-01,
14467,9.60e-02,3.00e-01,
14468,8.80e-02,-1.00e-01,
14469,8.80e-02,3.00e-01,
14470,8.80e-02,3.00e-01,
14471,9.60e-02,3.00e-01,
14472,8.80e-02,-1.00e-01,
14473,9.60e-02,3.00e-01,
14474,8.80e-02,3.00e-01,
14475,9.60e-02,3.00e-01,
14476,8.80e-02,3.00e-01,
14477,8.80e-02,3.00e-01,
14478,8.80e-02,3.00e-01,
14479,9.60e-02,3.00e-01,
14480,8.80e-02,-1.00e-01,
14481,8.80e-02,3.00e-01,
14482,8.80e-02,3.00e-01,
14483,9.60e-02,3.00e-01,
14484,8.80e-02,-1.00e-01,
14485,9.60e-02,3.00e-01,
14486,8.80e-02,3.00e-01,
14487,9.60e-02,3.00e-01,
14488,8.80e-02,3.00e-01,
14489,9.60e-02,3.00e-01,
14490,8.80e-02,3.00e-01,
14491,9.60e-02,3.00e-01,
14492,8.80e-02,-1.00e-01,
14493,9.60e-02,3.00e-01,
14494,9.60e-02,3.00e-01,
14495,9.60e-02,3.00e-01,
14496,8.80e-02,-1.00e-01,
14497,9.60e-02,3.00e-01,
14498,8.80e-02,3.00e-01,
14499,9.60e-02,3.00e-01,
14500,8.80e-02,-1.00e-01,
14501,9.60e-02,3.00e-01,
14502,9.60e-02,3.00e-01,
14503,9.60e-02,3.00e-01,
14504,8.80e-02,-1.00e-01,
14505,9.60e-02,3.00e-01,
14506,8.80e-02,3.00e-01,
14507,9.60e-02,3.00e-01,
14508,9.60e-02,-1.00e-01,
14509,9.60e-02,3.00e-01,
14510,9.60e-02,3.00e-01,
14511,9.60e-02,3.00e-01,
14512,9.60e-02,-1.00e-01,
14513,9.60e-02,3.00e-01,
14514,9.60e-02,3.00e-01,
14515,9.60e-02,3.00e-01,
14516,9.60e-02,-1.00e-01,
14517,9.60e-02,3.00e-01,
14518,9.60e-02,3.00e-01,
14519,9.60e-02,3.00e-01,
14520,9.60e-02,-1.00e-01,
14521,9.60e-02,3.00e-01,
14522,9.60e-02,3.00e-01,
14523,9.60e-02,3.00e-01,
14524,9.60e-02,-1.00e-01,
14525,9.60e-02,3.00e-01,
14526,9.60e-02,3.00e-01,
14527,9.60e-02,3.00e-01,
14528,9.60e-02,-1.00e-01,
14529,9.60e-02,3.00e-01,
14530,9.60e-02,3.00e-01,
14531,1.04e-01,3.00e-01,
14532,9.60e-02,-1.00e-01,
14533,9.60e-02,3.00e-01,
14534,9.60e-02,3.00e-01,
14535,9.60e-02,3.00e-01,
14536,9.60e-02,-1.00e-01,
14537,9.60e-02,3.00e-01,
14538,9.60e-02,3.00e-01,
14539,1.04e-01,3.00e-01,
14540,9.60e-02,-1.00e-01,
14541,9.60e-02,3.00e-01,
14542,9.60e-02,3.00e-01,
14543,9.60e-02,3.00e-01,
14544,9.60e-02,-1.00e-01,
14545,9.60e-02,3.00e-01,
14546,9.60e-02,3.00e-01,
14547,1.04e-01,3.00e-01,
14548,9.60e-02,-1.00e-01,
14549,9.60e-02,3.00e-01,
14550,9.60e-02,3.00e-01,
14551,1.04e-01,3.00e-01,
14552,9.60e-02,-1.00e-01,
14553,9.60e-02,3.00e-01,
14554,9.60e-02,3.00e-01,
14555,1.04e-01,3.00e-01,
14556,9.60e-02,-1.00e-01,
14557,9.60e-02,3.00e-01,
14558,9.60e-02,3.00e-01,
14559,1.04e-01,3.00e-01,
14560,9.60e-02,-1.00e-01,
14561,9.60e-02,3.00e-01,
14562,9.60e-02,3.00e-01,
14563,9.60e-02,3.00e-01,
14564,9.60e-02,-1.00e-01,
14565,9.60e-02,3.00e-01,
14566,9.60e-02,3.00e-01,
14567,1.04e-01,3.00e-01,
14568,9.60e-02,-1.00e-01,
14569,1.04e-01,3.00e-01,
14570,9.60e-02,3.00e-01,
14571,1.04e-01,3.00e-01,
14572,9.60e-02,-1.00e-01,
14573,9.60e-02,3.00e-01,
14574,9.60e-02,3.00e-01,
14575,1.04e-01,3.00e-01,
14576,9.60e-02,-1.00e-01,
14577,1.04e-01,3.00e-01,
14578,9.60e-02,3.00e-01,
14579,1.04e-01,3.00e-01,
14580,9.60e-02,-1.00e-01,
14581,9.60e-02,3.00e-01,
14582,9.60e-02,3.00e-01,
14583,1.04e-01,3.00e-01,
14584,1.04e-01,-1.00e-01,
14585,1.04e-01,3.00e-01,
14586,9.60e-02,3.00e-01,
14587,1.04e-01,3.00e-01,
14588,9.60e-02,-1.00e-01,
14589,1.04e-01,3.00e-01,
14590,1.04e-01,3.00e-01,
14591,1.04e-01,3.00e-01,
14592,9.60e-02,-1.00e-01,
14593,1.04e-01,3.00e-01,
14594,9.60e-02,3.00e-01,
14595,1.04e-01,3.00e-01,
14596,9.60e-02,3.00e-01,
14597,1.04e-01,3.00e-01,
14598,9.60e-02,3.00e-01,
14599,1.04e-01,3.00e-01,
14600,1.04e-01,-1.00e-01,
14601,1.04e-01,3.00e-01,
14602,1.04e-01,3.00e-01,
14603,1.04e-01,3.00e-01,
14604,1.04e-01,-1.00e-01,
14605,1.04e-01,3.00e-01,
14606,1.04e-01,3.00e-01,
14607,1.04e-01,3.00e-01,
14608,1.04e-01,-1.00e-01,
14609,1.04e-01,3.00e-01,
14610,1.04e-01,3.00e-01,
14611,1.04e-01,3.00e-01,
14612,1.04e-01,-1.00e-01,
14613,1.04e-01,3.00e-01,
14614,1.04e-01,3.00e-01,
14615,1.04e-01,3.00e-01,
14616,1.04e-01,-1.00e-01,
14617,1.04e-01,3.00e-01,
14618,1.04e-01,3.00e-01,
14619,1.04e-01,3.00e-01,
14620,1.04e-01,-1.00e-01,
14621,1.04e-01,3.00e-01,
14622,1.04e-01,3.00e-01,
14623,1.04e-01,3.00e-01,
14624,1.04e-01,-1.00e-01,
14625,1.04e-01,-1.00e-01,
14626,1.04e-01,3.00e-01,
14627,1.12e-01,3.00e-01,
14628,1.04e-01,-1.00e-01,
14629,1.04e-01,3.00e-01,
14630,1.04e-01,3.00e-01,
14631,1.04e-01,3.00e-01,
14632,1.04e-01,-1.00e-01,
14633,1.04e-01,3.00e-01,
14634,1.04e-01,3.00e-01,
14635,1.12e-01,3.00e-01,
14636,1.04e-01,3.00e-01,
14637,1.04e-01,-1.00e-01,
14638,1.04e-01,3.00e-01,
14639,1.12e-01,3.00e-01,
14640,1.04e-01,-1.00e-01,
14641,1.04e-01,3.00e-01,
14642,1.04e-01,3.00e-01,
14643,1.12e-01,3.00e-01,
14644,1.04e-01,-1.00e-01,
14645,1.04e-01,-1.00e-01,
14646,1.04e-01,7.00e-01,
14647,1.12e-01,3.00e-01,
14648,1.04e-01,-1.00e-01,
14649,1.04e-01,3.00e-01,
14650,1.04e-01,3.00e-01,
14651,1.12e-01,3.00e-01,
14652,1.04e-01,-1.00e-01,
14653,1.04e-01,3.00e-01,
14654,1.04e-01,3.00e-01,
14655,1.12e-01,3.00e-01,
14656,1.04e-01,3.00e-01,
14657,1.04e-01,3.00e-01,
14658,1.04e-01,3.00e-01,
14659,1.12e-01,3.00e-01,
14660,1.04e-01,-1.00e-01,
14661,1.04e-01,3.00e-01,
14662,1.04e-01,3.00e-01,
14663,1.12e-01,3.00e-01,
14664,1.04e-01,-1.00e-01,
14665,1.04e-01,3.00e-01,
14666,1.04e-01,3.00e-01,
14667,1.12e-01,3.00e-01,
14668,1.04e-01,3.00e-01,
14669,1.12e-01,3.00e-01,
14670,1.04e-01,3.00e-01,
14671,1.12e-01,3.00e-01,
14672,1.04e-01,-1.00e-01,
14673,1.12e-01,3.00e-01,
14674,1.04e-01,3.00e-01,
14675,1.12e-01,3.00e-01,
14676,1.04e-01,3.00e-01,
14677,1.04e-01,3.00e-01,
14678,1.04e-01,3.00e-01,
14679,1.12e-01,3.00e-01,
14680,1.04e-01,-1.00e-01,
14681,1.12e-01,3.00e-01,
14682,1.12e-01,3.00e-01,
14683,1.12e-01,3.00e-01,
14684,1.04e-01,-1.00e-01,
14685,1.12e-01,3.00e-01,
14686,1.04e-01,3.00e-01,
14687,1.12e-01,3.00e-01,
14688,1.04e-01,-1.00e-01,
14689,1.12e-01,3.00e-01,
14690,1.12e-01,3.00e-01,
14691,1.12e-01,3.00e-01,
14692,1.04e-01,-1.00e-01,
14693,1.12e-01,3.00e-01,
14694,1.04e-01,3.00e-01,
14695,1.12e-01,3.00e-01,
14696,1.12e-01,3.00e-01,
14697,1.12e-01,3.00e-01,
14698,1.12e-01,3.00e-01,
14699,1.12e-01,3.00e-01,
14700,1.12e-01,3.00e-01,
14701,1.12e-01,3.00e-01,
14702,1.12e-01,3.00e-01,
14703,1.12e-01,3.00e-01,
14704,1.12e-01,-1.00e-01,
14705,1.12e-01,3.00e-01,
14706,1.12e-01,3.00e-01,
14707,1.12e-01,3.00e-01,
14708,1.12e-01,-1.00e-01,
14709,1.12e-01,3.00e-01,
14710,1.12e-01,3.00e-01,
14711,1.12e-01,3.00e-01,
14712,1.12e-01,-1.00e-01,
14713,1.12e-01,3.00e-01,
14714,1.12e-01,3.00e-01,
14715,1.20e-01,3.00e-01,
14716,1.12e-01,3.00e-01,
14717,1.12e-01,3.00e-01,
14718,1.12e-01,3.00e-01,
14719,1.12e-01,3.00e-01,
14720,1.12e-01,-1.00e-01,
14721,1.12e-01,3.00e-01,
14722,1.12e-01,3.00e-01,
14723,1.20e-01,3.00e-01,
14724,1.12e-01,-1.00e-01,
14725,1.12e-01,3.00e-01,
14726,1.12e-01,3.00e-01,
14727,1.20e-01,3.00e-01,
14728,1.12e-01,-1.00e-01,
14729,1.12e-01,3.00e-01,
14730,1.12e-01,3.00e-01,
14731,1.20e-01,3.00e-01,
14732,1.12e-01,-1.00e-01,
14733,1.12e-01,3.00e-01,
14734,1.12e-01,3.00e-01,
14735,1.20e-01,3.00e-01,
14736,1.12e-01,-1.00e-01,
14737,1.12e-01,3.00e-01,
14738,1.12e-01,3.00e-01,
14739,1.20e-01,3.00e-01,
14740,1.12e-01,-1.00e-01,
14741,1.12e-01,3.00e-01,
14742,1.12e-01,3.00e-01,
14743,1.20e-01,3.00e-01,
14744,1.12e-01,-1.00e-01,
14745,1.12e-01,3.00e-01,
14746,1.12e-01,3.00e-01,
14747,1.20e-01,3.00e-01,
14748,1.12e-01,-1.00e-01,
14749,1.20e-01,3.00e-01,
14750,1.12e-01,3.00e-01,
14751,1.20e-01,3.00e-01,
14752,1.12e-01,-1.00e-01,
14753,1.12e-01,3.00e-01,
14754,1.12e-01,3.00e-01,
14755,1.20e-01,3.00e-01,
14756,1.12e-01,3.00e-01,
14757,1.12e-01,3.00e-01,
14758,1.12e-01,3.00e-01,
14759,1.20e-01,3.00e-01,
14760,1.12e-01,-1.00e-01,
14761,1.12e-01,3.00e-01,
14762,1.12e-01,3.00e-01,
14763,1.20e-01,3.00e-01,
14764,1.12e-01,-1.00e-01,
14765,1.20e-01,3.00e-01,
14766,1.12e-01,3.00e-01,
14767,1.20e-01,3.00e-01,
14768,1.12e-01,3.00e-01,
14769,1.20e-01,3.00e-01,
14770,1.12e-01,3.00e-01,
14771,1.20e-01,3.00e-01,
14772,1.12e-01,3.00e-01,
14773,1.20e-01,3.00e-01,
14774,1.12e-01,3.00e-01,
14775,1.20e-01,3.00e-01,
14776,1.20e-01,3.00e-01,
14777,1.20e-01,3.00e-01,
14778,1.12e-01,3.00e-01,
14779,1.20e-01,3.00e-01,
14780,1.12e-01,-1.00e-01,
14781,1.20e-01,3.00e-01,
14782,1.12e-01,3.00e-01,
14783,1.20e-01,3.00e-01,
14784,1.20e-01,-1.00e-01,
14785,1.20e-01,3.00e-01,
14786,1.12e-01,3.00e-01,
14787,1.20e-01,3.00e-01,
14788,1.20e-01,-1.00e-01,
14789,1.20e-01,3.00e-01,
14790,1.12e-01,3.00e-01,
14791,1.20e-01,3.00e-01,
14792,1.20e-01,3.00e-01,
14793,1.20e-01,3.00e-01,
14794,1.20e-01,3.00e-01,
14795,1.20e-01,3.00e-01,
14796,1.20e-01,-1.00e-01,
14797,1.20e-01,3.00e-01,
14798,1.20e-01,3.00e-01,
14799,1.20e-01,3.00e-01,
14800,1.20e-01,-1.00e-01,
14801,1.20e-01,3.00e-01,
14802,1.20e-01,3.00e-01,
14803,1.20e-01,3.00e-01,
14804,1.20e-01,3.00e-01,
14805,1.20e-01,3.00e-01,
14806,1.20e-01,3.00e-01,
14807,1.28e-01,3.00e-01,
14808,1.20e-01,-1.00e-01,
14809,1.20e-01,3.00e-01,
14810,1.20e-01,3.00e-01,
14811,1.20e-01,3.00e-01,
14812,1.20e-01,-1.00e-01,
14813,1.20e-01,3.00e-01,
14814,1.20e-01,3.00e-01,
14815,1.28e-01,3.00e-01,
14816,1.20e-01,-1.00e-01,
14817,1.20e-01,3.00e-01,
14818,1.20e-01,3.00e-01,
14819,1.28e-01,3.00e-01,
14820,1.20e-01,-1.00e-01,
14821,1.20e-01,3.00e-01,
14822,1.20e-01,3.00e-01,
14823,1.28e-01,3.00e-01,
14824,1.20e-01,3.00e-01,
14825,1.20e-01,3.00e-01,
14826,1.20e-01,3.00e-01,
14827,1.28e-01,3.00e-01,
14828,1.20e-01,-1.00e-01,
14829,1.20e-01,3.00e-01,
14830,1.20e-01,3.00e-01,
14831,1.28e-01,3.00e-01,
14832,1.20e-01,-1.00e-01,
14833,1.20e-01,3.00e-01,
14834,1.20e-01,3.00e-01,
14835,1.28e-01,3.00e-01,
14836,1.20e-01,3.00e-01,
14837,1.20e-01,3.00e-01,
14838,1.20e-01,7.00e-01,
14839,1.28e-01,3.00e-01,
14840,1.20e-01,-1.00e-01,
14841,1.20e-01,3.00e-01,
14842,1.20e-01,3.00e-01,
14843,1.28e-01,3.00e-01,
14844,1.20e-01,-1.00e-01,
14845,1.28e-01,-1.00e-01,
14846,1.20e-01,7.00e-01,
14847,1.28e-01,3.00e-01,
14848,1.20e-01,-1.00e-01,
14849,1.20e-01,3.00e-01,
14850,1.20e-01,3.00e-01,
14851,1.28e-01,3.00e-01,
14852,1.20e-01,-1.00e-01,
14853,1.28e-01,3.00e-01,
14854,1.20e-01,3.00e-01,
14855,1.28e-01,3.00e-01,
14856,1.20e-01,3.00e-01,
14857,1.20e-01,3.00e-01,
14858,1.20e-01,3.00e-01,
14859,1.28e-01,3.00e-01,
14860,1.20e-01,-1.00e-01,
14861,1.20e-01,3.00e-01,
14862,1.20e-01,3.00e-01,
14863,1.28e-01,3.00e-01,
14864,1.20e-01,-1.00e-01,
14865,1.28e-01,3.00e-01,
14866,1.20e-01,3.00e-01,
14867,1.28e-01,3.00e-01,
14868,1.20e-01,-1.00e-01,
14869,1.28e-01,3.00e-01,
14870,1.20e-01,3.00e-01,
14871,1.28e-01,3.00e-01,
14872,1.28e-01,-1.00e-01,
14873,1.28e-01,3.00e-01,
14874,1.20e-01,3.00e-01,
14875,1.28e-01,3.00e-01,
14876,1.20e-01,-1.00e-01,
14877,1.28e-01,3.00e-01,
14878,1.28e-01,3.00e-01,
14879,1.28e-01,3.00e-01,
14880,1.28e-01,-1.00e-01,
14881,1.28e-01,3.00e-01,
14882,1.28e-01,3.00e-01,
14883,1.28e-01,3.00e-01,
14884,1.20e-01,-1.00e-01,
14885,1.28e-01,3.00e-01,
14886,1.28e-01,3.00e-01,
14887,1.28e-01,3.00e-01,
14888,1.28e-01,-1.00e-01,
14889,1.28e-01,3.00e-01,
14890,1.28e-01,3.00e-01,
14891,1.28e-01,3.00e-01,
14892,1.28e-01,-1.00e-01,
14893,1.28e-01,3.00e-01,
14894,1.28e-01,3.00e-01,
14895,1.28e-01,3.00e-01,
14896,1.28e-01,3.00e-01,
14897,1.28e-01,3.00e-01,
14898,1.28e-01,3.00e-01,
14899,1.28e-01,3.00e-01,
14900,1.28e-01,-1.00e-01,
14901,1.28e-01,3.00e-01,
14902,1.28e-01,3.00e-01,
14903,1.28e-01,3.00e-01,
14904,1.28e-01,-1.00e-01,
14905,1.28e-01,3.00e-01,
14906,1.28e-01,3.00e-01,
14907,1.28e-01,3.00e-01,
14908,1.28e-01,-1.00e-01,
14909,1.28e-01,3.00e-01,
14910,1.28e-01,3.00e-01,
14911,1.36e-01,3.00e-01,
14912,1.28e-01,-1.00e-01,
14913,1.28e-01,3.00e-01,
14914,1.28e-01,3.00e-01,
14915,1.36e-01,3.00e-01,
14916,1.28e-01,3.00e-01,
14917,1.28e-01,3.00e-01,
14918,1.28e-01,3.00e-01,
14919,1.36e-01,3.00e-01,
14920,1.28e-01,-1.00e-01,
14921,1.28e-01,3.00e-01,
14922,1.28e-01,3.00e-01,
14923,1.36e-01,3.00e-01,
14924,1.28e-01,-1.00e-01,
14925,1.28e-01,3.00e-01,
14926,1.28e-01,3.00e-01,
14927,1.36e-01,3.00e-01,
14928,1.28e-01,-1.00e-01,
14929,1.28e-01,3.00e-01,
14930,1.28e-01,3.00e-01,
14931,1.36e-01,3.00e-01,
14932,1.28e-01,-1.00e-01,
14933,1.28e-01,3.00e-01,
14934,1.28e-01,3.00e-01,
14935,1.36e-01,3.00e-01,
14936,1.28e-01,3.00e-01,
14937,1.28e-01,3.00e-01,
14938,1.28e-01,3.00e-01,
14939,1.36e-01,3.00e-01,
14940,1.28e-01,-1.00e-01,
14941,1.28e-01,3.00e-01,
14942,1.28e-01,3.00e-01,
14943,1.36e-01,3.00e-01,
14944,1.28e-01,3.00e-01,
14945,1.36e-01,3.00e-01,
14946,1.28e-01,3.00e-01,
14947,1.36e-01,3.00e-01,
14948,1.28e-01,-1.00e-01,
14949,1.28e-01,3.00e-01,
14950,1.28e-01,3.00e-01,
14951,1.36e-01,3.00e-01,
14952,1.28e-01,3.00e-01,
14953,1.36e-01,3.00e-01,
14954,1.28e-01,3.00e-01,
14955,1.36e-01,3.00e-01,
14956,1.28e-01,3.00e-01,
14957,1.36e-01,3.00e-01,
14958,1.28e-01,3.00e-01,
14959,1.36e-01,3.00e-01,
14960,1.28e-01,-1.00e-01,
14961,1.36e-01,3.00e-01,
14962,1.28e-01,3.00e-01,
14963,1.36e-01,3.00e-01,
14964,1.28e-01,-1.00e-01,
14965,1.36e-01,3.00e-01,
14966,1.28e-01,7.00e-01,
14967,1.36e-01,3.00e-01,
14968,1.28e-01,3.00e-01,
14969,1.36e-01,3.00e-01,
14970,1.36e-01,3.00e-01,
14971,1.36e-01,3.00e-01,
14972,1.36e-01,-1.00e-01,
14973,1.36e-01,3.00e-01,
14974,1.36e-01,3.00e-01,
14975,1.36e-01,3.00e-01,
14976,1.28e-01,3.00e-01,
14977,1.36e-01,3.00e-01,
14978,1.36e-01,3.00e-01,
14979,1.36e-01,3.00e-01,
14980,1.36e-01,3.00e-01,
14981,1.36e-01,3.00e-01,
14982,1.36e-01,3.00e-01,
14983,1.36e-01,3.00e-01,
14984,1.36e-01,-1.00e-01,
14985,1.36e-01,3.00e-01,
14986,1.36e-01,3.00e-01,
14987,1.36e-01,3.00e-01,
14988,1.28e-01,3.00e-01,
14989,1.36e-01,3.00e-01,
14990,1.36e-01,3.00e-01,
14991,1.36e-01,3.00e-01,
14992,1.36e-01,-1.00e-01,
14993,1.36e-01,3.00e-01,
14994,1.36e-01,3.00e-01,
14995,1.36e-01,3.00e-01,
14996,1.36e-01,3.00e-01,
14997,1.36e-01,3.00e-01,
14998,1.36e-01,3.00e-01,
14999,1.36e-01,3.00e-01,
15000,1.36e-01,-1.00e-01,
15001,1.36e-01,3.00e-01,
15002,1.36e-01,3.00e-01,
15003,1.44e-01,3.00e-01,
15004,1.36e-01,3.00e-01,
15005,1.36e-01,3.00e-01,
15006,1.36e-01,3.00e-01,
15007,1.44e-01,3.00e-01,
15008,1.36e-01,3.00e-01,
15009,1.36e-01,3.00e-01,
15010,1.36e-01,3.00e-01,
15011,1.44e-01,3.00e-01,
15012,1.36e-01,3.00e-01,
15013,1.36e-01,3.00e-01,
15014,1.36e-01,3.00e-01,
15015,1.44e-01,3.00e-01,
15016,1.36e-01,3.00e-01,
15017,1.44e-01,3.00e-01,
15018,1.36e-01,3.00e-01,
15019,1.44e-01,3.00e-01,
15020,1.36e-01,-1.00e-01,
15021,1.36e-01,3.00e-01,
15022,1.36e-01,3.00e-01,
15023,1.44e-01,3.00e-01,
15024,1.36e-01,-1.00e-01,
15025,1.36e-01,3.00e-01,
15026,1.36e-01,3.00e-01,
15027,1.44e-01,3.00e-01,
15028,1.36e-01,3.00e-01,
15029,1.36e-01,3.00e-01,
15030,1.36e-01,3.00e-01,
15031,1.44e-01,3.00e-01,
15032,1.36e-01,3.00e-01,
15033,1.44e-01,3.00e-01,
15034,1.36e-01,3.00e-01,
15035,1.44e-01,3.00e-01,
15036,1.36e-01,3.00e-01,
15037,1.36e-01,3.00e-01,
15038,1.36e-01,3.00e-01,
15039,1.44e-01,3.00e-01,
15040,1.36e-01,-1.00e-01,
15041,1.36e-01,3.00e-01,
15042,1.36e-01,3.00e-01,
15043,1.44e-01,3.00e-01,
15044,1.36e-01,3.00e-01,
15045,1.44e-01,-1.00e-01,
15046,1.36e-01,7.00e-01,
15047,1.44e-01,3.00e-01,
15048,1.44e-01,-1.00e-01,
15049,1.36e-01,7.00e-01,
15050,1.44e-01,3.00e-01,
15051,1.44e-01,3.00e-01,
15052,1.36e-01,3.00e-01,
15053,1.44e-01,3.00e-01,
15054,1.36e-01,7.00e-01,
15055,1.44e-01,3.00e-01,
15056,1.36e-01,3.00e-01,
15057,1.44e-01,3.00e-01,
15058,1.36e-01,3.00e-01,
15059,1.44e-01,3.00e-01,
15060,1.36e-01,-1.00e-01,
15061,1.44e-01,3.00e-01,
15062,1.36e-01,3.00e-01,
15063,1.44e-01,3.00e-01,
15064,1.44e-01,-1.00e-01,
15065,1.44e-01,3.00e-01,
15066,1.36e-01,3.00e-01,
15067,1.44e-01,3.00e-01,
15068,1.36e-01,3.00e-01,
15069,1.44e-01,3.00e-01,
15070,1.36e-01,3.00e-01,
15071,1.44e-01,3.00e-01,
15072,1.44e-01,-1.00e-01,
15073,1.44e-01,3.00e-01,
15074,1.36e-01,3.00e-01,
15075,1.44e-01,3.00e-01,
15076,1.36e-01,3.00e-01,
15077,1.44e-01,3.00e-01,
15078,1.36e-01,7.00e-01,
15079,1.44e-01,3.00e-01,
15080,1.44e-01,-1.00e-01,
15081,1.44e-01,3.00e-01,
15082,1.44e-01,3.00e-01,
15083,1.52e-01,3.00e-01,
15084,1.44e-01,-1.00e-01,
15085,1.44e-01,3.00e-01,
15086,1.44e-01,3.00e-01,
15087,1.44e-01,3.00e-01,
15088,1.44e-01,3.00e-01,
15089,1.44e-01,3.00e-01,
15090,1.44e-01,3.00e-01,
15091,1.44e-01,3.00e-01,
15092,1.44e-01,-1.00e-01,
15093,1.44e-01,3.00e-01,
15094,1.44e-01,3.00e-01,
15095,1.52e-01,3.00e-01,
15096,1.44e-01,3.00e-01,
15097,1.44e-01,3.00e-01,
15098,1.44e-01,3.00e-01,
15099,1.52e-01,3.00e-01,
15100,1.44e-01,3.00e-01,
15101,1.44e-01,3.00e-01,
15102,1.44e-01,3.00e-01,
15103,1.52e-01,3.00e-01,
15104,1.44e-01,-1.00e-01,
15105,1.44e-01,3.00e-01,
15106,1.44e-01,3.00e-01,
15107,1.52e-01,3.00e-01,
15108,1.44e-01,3.00e-01,
15109,1.44e-01,3.00e-01,
15110,1.44e-01,3.00e-01,
15111,1.52e-01,3.00e-01,
15112,1.44e-01,3.00e-01,
15113,1.44e-01,3.00e-01,
15114,1.44e-01,3.00e-01,
15115,1.52e-01,3.00e-01,
15116,1.44e-01,3.00e-01,
15117,1.44e-01,3.00e-01,
15118,1.44e-01,7.00e-01,
15119,1.52e-01,3.00e-01,
15120,1.44e-01,-1.00e-01,
15121,1.44e-01,3.00e-01,
15122,1.44e-01,3.00e-01,
15123,1.52e-01,3.00e-01,
15124,1.44e-01,-1.00e-01,
15125,1.44e-01,3.00e-01,
15126,1.44e-01,3.00e-01,
15127,1.52e-01,3.00e-01,
15128,1.44e-01,3.00e-01,
15129,1.44e-01,3.00e-01,
15130,1.44e-01,3.00e-01,
15131,1.52e-01,3.00e-01,
15132,1.44e-01,3.00e-01,
15133,1.52e-01,3.00e-01,
15134,1.44e-01,3.00e-01,
15135,1.52e-01,3.00e-01,
15136,1.44e-01,-1.00e-01,
15137,1.44e-01,3.00e-01,
15138,1.44e-01,3.00e-01,
15139,1.52e-01,3.00e-01,
15140,1.44e-01,-1.00e-01,
15141,1.44e-01,3.00e-01,
15142,1.44e-01,3.00e-01,
15143,1.52e-01,3.00e-01,
15144,1.44e-01,-1.00e-01,
15145,1.52e-01,3.00e-01,
15146,1.44e-01,3.00e-01,
15147,1.52e-01,3.00e-01,
15148,1.44e-01,3.00e-01,
15149,1.44e-01,3.00e-01,
15150,1.44e-01,3.00e-01,
15151,1.52e-01,3.00e-01,
15152,1.44e-01,-1.00e-01,
15153,1.52e-01,3.00e-01,
15154,1.44e-01,3.00e-01,
15155,1.52e-01,3.00e-01,
15156,1.44e-01,3.00e-01,
15157,1.52e-01,3.00e-01,
15158,1.44e-01,3.00e-01,
15159,1.52e-01,3.00e-01,
15160,1.44e-01,-1.00e-01,
15161,1.52e-01,3.00e-01,
15162,1.52e-01,3.00e-01,
15163,1.52e-01,3.00e-01,
15164,1.44e-01,3.00e-01,
15165,1.52e-01,3.00e-01,
15166,1.52e-01,7.00e-01,
15167,1.52e-01,3.00e-01,
15168,1.52e-01,-1.00e-01,
15169,1.52e-01,3.00e-01,
15170,1.52e-01,3.00e-01,
15171,1.52e-01,3.00e-01,
15172,1.52e-01,3.00e-01,
15173,1.52e-01,3.00e-01,
15174,1.52e-01,3.00e-01,
15175,1.52e-01,3.00e-01,
15176,1.52e-01,3.00e-01,
15177,1.52e-01,3.00e-01,
15178,1.52e-01,3.00e-01,
15179,1.52e-01,3.00e-01,
15180,1.52e-01,-1.00e-01,
15181,1.52e-01,3.00e-01,
15182,1.52e-01,3.00e-01,
15183,1.52e-01,3.00e-01,
15184,1.52e-01,3.00e-01,
15185,1.52e-01,3.00e-01,
15186,1.52e-01,3.00e-01,
15187,1.60e-01,3.00e-01,
15188,1.52e-01,3.00e-01,
15189,1.52e-01,3.00e-01,
15190,1.52e-01,3.00e-01,
15191,1.60e-01,3.00e-01,
15192,1.52e-01,-1.00e-01,
15193,1.52e-01,3.00e-01,
15194,1.52e-01,3.00e-01,
15195,1.60e-01,3.00e-01,
15196,1.52e-01,3.00e-01,
15197,1.52e-01,3.00e-01,
15198,1.52e-01,7.00e-01,
15199,1.60e-01,3.00e-01,
15200,1.52e-01,-1.00e-01,
15201,1.52e-01,3.00e-01,
15202,1.52e-01,3.00e-01,
15203,1.60e-01,3.00e-01,
15204,1.52e-01,-1.00e-01,
15205,1.52e-01,3.00e-01,
15206,1.52e-01,3.00e-01,
15207,1.60e-01,3.00e-01,
15208,1.52e-01,3.00e-01,
15209,1.52e-01,3.00e-01,
15210,1.52e-01,3.00e-01,
15211,1.60e-01,3.00e-01,
15212,1.52e-01,3.00e-01,
15213,1.52e-01,3.00e-01,
15214,1.52e-01,3.00e-01,
15215,1.60e-01,3.00e-01,
15216,1.52e-01,3.00e-01,
15217,1.52e-01,3.00e-01,
15218,1.52e-01,3.00e-01,
15219,1.60e-01,3.00e-01,
15220,1.52e-01,-1.00e-01,
15221,1.52e-01,3.00e-01,
15222,1.52e-01,3.00e-01,
15223,1.60e-01,3.00e-01,
15224,1.52e-01,3.00e-01,
15225,1.52e-01,3.00e-01,
15226,1.52e-01,7.00e-01,
15227,1.60e-01,3.00e-01,
15228,1.52e-01,3.00e-01,
15229,1.52e-01,3.00e-01,
15230,1.52e-01,3.00e-01,
15231,1.60e-01,3.00e-01,
15232,1.52e-01,3.00e-01,
15233,1.60e-01,3.00e-01,
15234,1.52e-01,3.00e-01,
15235,1.60e-01,3.00e-01,
15236,1.52e-01,3.00e-01,
15237,1.60e-01,3.00e-01,
15238,1.52e-01,7.00e-01,
15239,1.60e-01,3.00e-01,
15240,1.60e-01,-1.00e-01,
15241,1.52e-01,3.00e-01,
15242,1.52e-01,3.00e-01,
15243,1.60e-01,3.00e-01,
15244,1.52e-01,3.00e-01,
15245,1.60e-01,-1.00e-01,
15246,1.52e-01,7.00e-01,
15247,1.60e-01,3.00e-01,
15248,1.60e-01,-1.00e-01,
15249,1.60e-01,7.00e-01,
15250,1.60e-01,3.00e-01,
15251,1.60e-01,3.00e-01,
15252,1.52e-01,-1.00e-01,
15253,1.60e-01,3.00e-01,
15254,1.52e-01,7.00e-01,
15255,1.60e-01,3.00e-01,
15256,1.52e-01,-1.00e-01,
15257,1.60e-01,3.00e-01,
15258,1.52e-01,3.00e-01,
15259,1.60e-01,3.00e-01,
15260,1.60e-01,3.00e-01,
15261,1.60e-01,3.00e-01,
15262,1.52e-01,3.00e-01,
15263,1.60e-01,3.00e-01,
15264,1.52e-01,3.00e-01,
15265,1.60e-01,3.00e-01,
15266,1.52e-01,7.00e-01,
15267,1.60e-01,3.00e-01,
15268,1.52e-01,3.00e-01,
15269,1.60e-01,3.00e-01,
15270,1.60e-01,3.00e-01,
15271,1.60e-01,3.00e-01,
15272,1.60e-01,3.00e-01,
15273,1.60e-01,3.00e-01,
15274,1.60e-01,3.00e-01,
15275,1.68e-01,3.00e-01,
15276,1.60e-01,3.00e-01,
15277,1.60e-01,3.00e-01,
15278,1.60e-01,3.00e-01,
15279,1.60e-01,3.00e-01,
15280,1.60e-01,3.00e-01,
15281,1.60e-01,3.00e-01,
15282,1.60e-01,3.00e-01,
15283,1.60e-01,3.00e-01,
15284,1.60e-01,3.00e-01,
15285,1.60e-01,3.00e-01,
15286,1.60e-01,7.00e-01,
15287,1.68e-01,3.00e-01,
15288,1.60e-01,3.00e-01,
15289,1.60e-01,3.00e-01,
15290,1.60e-01,3.00e-01,
15291,1.68e-01,3.00e-01,
15292,1.60e-01,3.00e-01,
15293,1.60e-01,3.00e-01,
15294,1.60e-01,3.00e-01,
15295,1.60e-01,3.00e-01,
15296,1.60e-01,3.00e-01,
15297,1.60e-01,3.00e-01,
15298,1.60e-01,3.00e-01,
15299,1.68e-01,3.00e-01,
15300,1.60e-01,3.00e-01,
15301,1.60e-01,3.00e-01,
15302,1.60e-01,3.00e-01,
15303,1.68e-01,3.00e-01,
15304,1.60e-01,3.00e-01,
15305,1.60e-01,3.00e-01,
15306,1.60e-01,3.00e-01,
15307,1.68e-01,3.00e-01,
15308,1.60e-01,-1.00e-01,
15309,1.60e-01,3.00e-01,
15310,1.60e-01,7.00e-01,
15311,1.68e-01,3.00e-01,
15312,1.60e-01,3.00e-01,
15313,1.60e-01,3.00e-01,
15314,1.60e-01,3.00e-01,
15315,1.68e-01,3.00e-01,
15316,1.60e-01,3.00e-01,
15317,1.60e-01,3.00e-01,
15318,1.60e-01,3.00e-01,
15319,1.68e-01,3.00e-01,
15320,1.60e-01,-1.00e-01,
15321,1.60e-01,3.00e-01,
15322,1.60e-01,3.00e-01,
15323,1.68e-01,3.00e-01,
15324,1.60e-01,-1.00e-01,
15325,1.60e-01,3.00e-01,
15326,1.60e-01,3.00e-01,
15327,1.68e-01,3.00e-01,
15328,1.60e-01,3.00e-01,
15329,1.60e-01,3.00e-01,
15330,1.60e-01,3.00e-01,
15331,1.68e-01,3.00e-01,
15332,1.60e-01,-1.00e-01,
15333,1.68e-01,3.00e-01,
15334,1.60e-01,3.00e-01,
15335,1.68e-01,3.00e-01,
15336,1.60e-01,3.00e-01,
15337,1.68e-01,3.00e-01,
15338,1.60e-01,3.00e-01,
15339,1.68e-01,3.00e-01,
15340,1.60e-01,3.00e-01,
15341,1.68e-01,3.00e-01,
15342,1.60e-01,3.00e-01,
15343,1.68e-01,3.00e-01,
15344,1.60e-01,3.00e-01,
15345,1.68e-01,3.00e-01,
15346,1.60e-01,3.00e-01,
15347,1.68e-01,3.00e-01,
15348,1.60e-01,3.00e-01,
15349,1.68e-01,3.00e-01,
15350,1.60e-01,7.00e-01,
15351,1.68e-01,3.00e-01,
15352,1.68e-01,-1.00e-01,
15353,1.68e-01,3.00e-01,
15354,1.60e-01,3.00e-01,
15355,1.68e-01,3.00e-01,
15356,1.68e-01,3.00e-01,
15357,1.68e-01,3.00e-01,
15358,1.60e-01,7.00e-01,
15359,1.68e-01,3.00e-01,
15360,1.68e-01,-1.00e-01,
15361,1.68e-01,3.00e-01,
15362,1.68e-01,3.00e-01,
15363,1.68e-01,3.00e-01,
15364,1.68e-01,3.00e-01,
15365,1.68e-01,3.00e-01,
15366,1.68e-01,3.00e-01,
15367,1.68e-01,3.00e-01,
15368,1.68e-01,3.00e-01,
15369,1.68e-01,3.00e-01,
15370,1.68e-01,3.00e-01,
15371,1.68e-01,3.00e-01,
15372,1.68e-01,3.00e-01,
15373,1.68e-01,3.00e-01,
15374,1.68e-01,3.00e-01,
15375,1.68e-01,3.00e-01,
15376,1.68e-01,3.00e-01,
15377,1.68e-01,3.00e-01,
15378,1.68e-01,3.00e-01,
15379,1.68e-01,3.00e-01,
15380,1.68e-01,3.00e-01,
15381,1.68e-01,3.00e-01,
15382,1.68e-01,7.00e-01,
15383,1.76e-01,3.00e-01,
15384,1.68e-01,3.00e-01,
15385,1.68e-01,3.00e-01,
15386,1.68e-01,3.00e-01,
15387,1.76e-01,3.00e-01,
15388,1.68e-01,3.00e-01,
15389,1.68e-01,3.00e-01,
15390,1.68e-01,3.00e-01,
15391,1.76e-01,3.00e-01,
15392,1.68e-01,3.00e-01,
15393,1.68e-01,3.00e-01,
15394,1.68e-01,3.00e-01,
15395,1.76e-01,3.00e-01,
15396,1.68e-01,3.00e-01,
15397,1.68e-01,3.00e-01,
15398,1.68e-01,3.00e-01,
15399,1.76e-01,3.00e-01,
15400,1.68e-01,3.00e-01,
15401,1.68e-01,3.00e-01,
15402,1.68e-01,3.00e-01,
15403,1.76e-01,3.00e-01,
15404,1.68e-01,3.00e-01,
15405,1.68e-01,3.00e-01,
15406,1.68e-01,7.00e-01,
15407,1.76e-01,3.00e-01,
15408,1.68e-01,3.00e-01,
15409,1.68e-01,3.00e-01,
15410,1.68e-01,3.00e-01,
15411,1.76e-01,3.00e-01,
15412,1.68e-01,3.00e-01,
15413,1.68e-01,3.00e-01,
15414,1.68e-01,3.00e-01,
15415,1.76e-01,3.00e-01,
15416,1.68e-01,3.00e-01,
15417,1.68e-01,3.00e-01,
15418,1.68e-01,7.00e-01,
15419,1.76e-01,3.00e-01,
15420,1.68e-01,3.00e-01,
15421,1.68e-01,3.00e-01,
15422,1.68e-01,7.00e-01,
15423,1.76e-01,3.00e-01,
15424,1.68e-01,3.00e-01,
15425,1.76e-01,3.00e-01,
15426,1.68e-01,7.00e-01,
15427,1.76e-01,3.00e-01,
15428,1.68e-01,3.00e-01,
15429,1.76e-01,3.00e-01,
15430,1.68e-01,3.00e-01,
15431,1.76e-01,3.00e-01,
15432,1.68e-01,3.00e-01,
15433,1.76e-01,3.00e-01,
15434,1.68e-01,3.00e-01,
15435,1.76e-01,3.00e-01,
15436,1.68e-01,3.00e-01,
15437,1.76e-01,3.00e-01,
15438,1.68e-01,7.00e-01,
15439,1.76e-01,3.00e-01,
15440,1.68e-01,3.00e-01,
15441,1.76e-01,3.00e-01,
15442,1.68e-01,3.00e-01,
15443,1.76e-01,3.00e-01,
15444,1.68e-01,3.00e-01,
15445,1.76e-01,3.00e-01,
15446,1.68e-01,7.00e-01,
15447,1.76e-01,3.00e-01,
15448,1.76e-01,-1.00e-01,
15449,1.68e-01,7.00e-01,
15450,1.76e-01,3.00e-01,
15451,1.76e-01,3.00e-01,
15452,1.68e-01,3.00e-01,
15453,1.76e-01,3.00e-01,
15454,1.76e-01,7.00e-01,
15455,1.76e-01,3.00e-01,
15456,1.68e-01,3.00e-01,
15457,1.76e-01,3.00e-01,
15458,1.76e-01,3.00e-01,
15459,1.76e-01,3.00e-01,
15460,1.76e-01,3.00e-01,
15461,1.76e-01,3.00e-01,
15462,1.76e-01,3.00e-01,
15463,1.76e-01,3.00e-01,
15464,1.76e-01,3.00e-01,
15465,1.76e-01,3.00e-01,
15466,1.76e-01,7.00e-01,
15467,1.84e-01,3.00e-01,
15468,1.76e-01,3.00e-01,
15469,1.76e-01,3.00e-01,
15470,1.76e-01,3.00e-01,
15471,1.76e-01,3.00e-01,
15472,1.76e-01,3.00e-01,
15473,1.76e-01,3.00e-01,
15474,1.76e-01,3.00e-01,
15475,1.76e-01,3.00e-01,
15476,1.76e-01,3.00e-01,
15477,1.76e-01,3.00e-01,
15478,1.76e-01,3.00e-01,
15479,1.84e-01,3.00e-01,
15480,1.76e-01,3.00e-01,
15481,1.76e-01,3.00e-01,
15482,1.76e-01,3.00e-01,
15483,1.84e-01,3.00e-01,
15484,1.76e-01,3.00e-01,
15485,1.76e-01,3.00e-01,
15486,1.76e-01,3.00e-01,
15487,1.84e-01,3.00e-01,
15488,1.76e-01,3.00e-01,
15489,1.76e-01,3.00e-01,
15490,1.76e-01,3.00e-01,
15491,1.84e-01,3.00e-01,
15492,1.76e-01,3.00e-01,
15493,1.76e-01,3.00e-01,
15494,1.76e-01,3.00e-01,
15495,1.84e-01,3.00e-01,
15496,1.76e-01,3.00e-01,
15497,1.76e-01,3.00e-01,
15498,1.76e-01,3.00e-01,
15499,1.84e-01,3.00e-01,
15500,1.76e-01,3.00e-01,
15501,1.76e-01,3.00e-01,
15502,1.76e-01,3.00e-01,
15503,1.84e-01,3.00e-01,
15504,1.76e-01,3.00e-01,
15505,1.76e-01,3.00e-01,
15506,1.76e-01,3.00e-01,
15507,1.84e-01,3.00e-01,
15508,1.76e-01,3.00e-01,
15509,1.76e-01,3.00e-01,
15510,1.76e-01,3.00e-01,
15511,1.84e-01,3.00e-01,
15512,1.76e-01,3.00e-01,
15513,1.84e-01,3.00e-01,
15514,1.76e-01,3.00e-01,
15515,1.84e-01,3.00e-01,
15516,1.76e-01,3.00e-01,
15517,1.84e-01,3.00e-01,
15518,1.76e-01,3.00e-01,
15519,1.84e-01,3.00e-01,
15520,1.76e-01,3.00e-01,
15521,1.84e-01,3.00e-01,
15522,1.76e-01,3.00e-01,
15523,1.84e-01,3.00e-01,
15524,1.76e-01,3.00e-01,
15525,1.76e-01,3.00e-01,
15526,1.76e-01,7.00e-01,
15527,1.84e-01,3.00e-01,
15528,1.76e-01,3.00e-01,
15529,1.84e-01,3.00e-01,
15530,1.76e-01,3.00e-01,
15531,1.84e-01,3.00e-01,
15532,1.76e-01,3.00e-01,
15533,1.84e-01,3.00e-01,
15534,1.76e-01,7.00e-01,
15535,1.84e-01,3.00e-01,
15536,1.76e-01,3.00e-01,
15537,1.84e-01,3.00e-01,
15538,1.76e-01,3.00e-01,
15539,1.84e-01,3.00e-01,
15540,1.76e-01,3.00e-01,
15541,1.84e-01,3.00e-01,
15542,1.76e-01,7.00e-01,
15543,1.84e-01,3.00e-01,
15544,1.76e-01,3.00e-01,
15545,1.84e-01,3.00e-01,
15546,1.76e-01,3.00e-01,
15547,1.84e-01,3.00e-01,
15548,1.76e-01,3.00e-01,
15549,1.76e-01,3.00e-01,
15550,1.84e-01,3.00e-01,
15551,1.84e-01,3.00e-01,
15552,1.84e-01,-1.00e-01,
15553,1.84e-01,3.00e-01,
15554,1.84e-01,3.00e-01,
15555,1.84e-01,3.00e-01,
15556,1.84e-01,3.00e-01,
15557,1.84e-01,3.00e-01,
15558,1.84e-01,7.00e-01,
15559,1.84e-01,3.00e-01,
15560,1.84e-01,-1.00e-01,
15561,1.84e-01,3.00e-01,
15562,1.84e-01,3.00e-01,
15563,1.84e-01,3.00e-01,
15564,1.84e-01,3.00e-01,
15565,1.84e-01,3.00e-01,
15566,1.84e-01,7.00e-01,
15567,1.84e-01,3.00e-01,
15568,1.84e-01,3.00e-01,
15569,1.84e-01,3.00e-01,
15570,1.84e-01,3.00e-01,
15571,1.84e-01,3.00e-01,
15572,1.84e-01,-1.00e-01,
15573,1.84e-01,3.00e-01,
15574,1.84e-01,3.00e-01,
15575,1.92e-01,3.00e-01,
15576,1.84e-01,3.00e-01,
15577,1.84e-01,3.00e-01,
15578,1.84e-01,3.00e-01,
15579,1.92e-01,3.00e-01,
15580,1.84e-01,3.00e-01,
15581,1.84e-01,3.00e-01,
15582,1.84e-01,3.00e-01,
15583,1.92e-01,3.00e-01,
15584,1.84e-01,3.00e-01,
15585,1.84e-01,3.00e-01,
15586,1.84e-01,7.00e-01,
15587,1.92e-01,3.00e-01,
15588,1.84e-01,3.00e-01,
15589,1.84e-01,3.00e-01,
15590,1.84e-01,7.00e-01,
15591,1.92e-01,3.00e-01,
15592,1.84e-01,3.00e-01,
15593,1.84e-01,3.00e-01,
15594,1.84e-01,3.00e-01,
15595,1.92e-01,3.00e-01,
15596,1.84e-01,3.00e-01,
15597,1.84e-01,3.00e-01,
15598,1.84e-01,7.00e-01,
15599,1.92e-01,3.00e-01,
15600,1.84e-01,3.00e-01,
15601,1.84e-01,3.00e-01,
15602,1.84e-01,3.00e-01,
15603,1.92e-01,3.00e-01,
15604,1.84e-01,3.00e-01,
15605,1.84e-01,3.00e-01,
15606,1.84e-01,7.00e-01,
15607,1.92e-01,3.00e-01,
15608,1.84e-01,3.00e-01,
15609,1.84e-01,3.00e-01,
15610,1.84e-01,3.00e-01,
15611,1.92e-01,3.00e-01,
15612,1.84e-01,3.00e-01,
15613,1.84e-01,3.00e-01,
15614,1.84e-01,7.00e-01,
15615,1.92e-01,3.00e-01,
15616,1.84e-01,3.00e-01,
15617,1.92e-01,3.00e-01,
15618,1.84e-01,3.00e-01,
15619,1.92e-01,3.00e-01,
15620,1.84e-01,3.00e-01,
15621,1.84e-01,3.00e-01,
15622,1.84e-01,3.00e-01,
15623,1.92e-01,3.00e-01,
15624,1.84e-01,3.00e-01,
15625,1.84e-01,3.00e-01,
15626,1.84e-01,7.00e-01,
15627,1.92e-01,3.00e-01,
15628,1.84e-01,3.00e-01,
15629,1.92e-01,3.00e-01,
15630,1.84e-01,7.00e-01,
15631,1.92e-01,3.00e-01,
15632,1.92e-01,3.00e-01,
15633,1.92e-01,3.00e-01,
15634,1.84e-01,3.00e-01,
15635,1.92e-01,3.00e-01,
15636,1.84e-01,3.00e-01,
15637,1.92e-01,3.00e-01,
15638,1.84e-01,7.00e-01,
15639,1.92e-01,3.00e-01,
15640,1.92e-01,3.00e-01,
15641,1.92e-01,3.00e-01,
15642,1.92e-01,3.00e-01,
15643,1.92e-01,7.00e-01,
15644,1.84e-01,3.00e-01,
15645,1.92e-01,3.00e-01,
15646,1.84e-01,7.00e-01,
15647,1.92e-01,3.00e-01,
15648,1.92e-01,-1.00e-01,
15649,1.84e-01,7.00e-01,
15650,1.92e-01,3.00e-01,
15651,1.92e-01,3.00e-01,
15652,1.84e-01,3.00e-01,
15653,1.92e-01,3.00e-01,
15654,1.84e-01,7.00e-01,
15655,1.92e-01,3.00e-01,
15656,1.92e-01,3.00e-01,
15657,1.92e-01,3.00e-01,
15658,1.92e-01,3.00e-01,
15659,1.92e-01,3.00e-01,
15660,1.92e-01,3.00e-01,
15661,1.92e-01,3.00e-01,
15662,1.92e-01,7.00e-01,
15663,2.00e-01,3.00e-01,
15664,1.92e-01,3.00e-01,
15665,1.92e-01,3.00e-01,
15666,1.84e-01,7.00e-01,
15667,2.00e-01,3.00e-01,
15668,1.92e-01,3.00e-01,
15669,1.92e-01,3.00e-01,
15670,1.92e-01,3.00e-01,
15671,2.00e-01,3.00e-01,
15672,1.92e-01,3.00e-01,
15673,1.92e-01,3.00e-01,
15674,1.92e-01,3.00e-01,
15675,2.00e-01,3.00e-01,
15676,1.92e-01,3.00e-01,
15677,1.92e-01,3.00e-01,
15678,1.92e-01,7.00e-01,
15679,2.00e-01,3.00e-01,
15680,1.92e-01,3.00e-01,
15681,1.92e-01,3.00e-01,
15682,1.92e-01,3.00e-01,
15683,2.00e-01,3.00e-01,
15684,1.92e-01,3.00e-01,
15685,1.92e-01,3.00e-01,
15686,1.92e-01,7.00e-01,
15687,2.00e-01,3.00e-01,
15688,1.92e-01,3.00e-01,
15689,1.92e-01,3.00e-01,
15690,1.92e-01,7.00e-01,
15691,2.00e-01,3.00e-01,
15692,1.92e-01,3.00e-01,
15693,1.92e-01,3.00e-01,
15694,1.92e-01,7.00e-01,
15695,2.00e-01,3.00e-01,
15696,1.92e-01,3.00e-01,
15697,1.92e-01,3.00e-01,
15698,1.92e-01,3.00e-01,
15699,2.00e-01,3.00e-01,
15700,1.92e-01,3.00e-01,
15701,1.92e-01,3.00e-01,
15702,1.92e-01,7.00e-01,
15703,2.00e-01,3.00e-01,
15704,1.92e-01,3.00e-01,
15705,1.92e-01,3.00e-01,
15706,1.92e-01,7.00e-01,
15707,2.00e-01,3.00e-01,
15708,1.92e-01,3.00e-01,
15709,2.00e-01,3.00e-01,
15710,1.92e-01,3.00e-01,
15711,2.00e-01,3.00e-01,
15712,1.92e-01,3.00e-01,
15713,1.92e-01,3.00e-01,
15714,1.92e-01,7.00e-01,
15715,2.00e-01,3.00e-01,
15716,1.92e-01,3.00e-01,
15717,2.00e-01,3.00e-01,
15718,1.92e-01,7.00e-01,
15719,2.00e-01,3.00e-01,
15720,1.92e-01,3.00e-01,
15721,1.92e-01,3.00e-01,
15722,1.92e-01,3.00e-01,
15723,2.00e-01,3.00e-01,
15724,1.92e-01,3.00e-01,
15725,2.00e-01,3.00e-01,
15726,1.92e-01,7.00e-01,
15727,2.00e-01,3.00e-01,
15728,1.92e-01,3.00e-01,
15729,2.00e-01,3.00e-01,
15730,1.92e-01,3.00e-01,
15731,2.00e-01,3.00e-01,
15732,2.00e-01,3.00e-01,
15733,2.00e-01,3.00e-01,
15734,1.92e-01,7.00e-01,
15735,2.00e-01,3.00e-01,
15736,1.92e-01,3.00e-01,
15737,2.00e-01,3.00e-01,
15738,1.92e-01,3.00e-01,
15739,2.00e-01,3.00e-01,
15740,1.92e-01,3.00e-01,
15741,2.00e-01,3.00e-01,
15742,2.00e-01,7.00e-01,
15743,2.00e-01,3.00e-01,
15744,2.00e-01,3.00e-01,
15745,2.00e-01,3.00e-01,
15746,1.92e-01,7.00e-01,
15747,2.08e-01,3.00e-01,
15748,1.92e-01,3.00e-01,
15749,2.00e-01,3.00e-01,
15750,1.92e-01,3.00e-01,
15751,2.00e-01,3.00e-01,
15752,2.00e-01,3.00e-01,
15753,2.00e-01,3.00e-01,
15754,2.00e-01,3.00e-01,
15755,2.08e-01,3.00e-01,
15756,2.00e-01,3.00e-01,
15757,2.00e-01,3.00e-01,
15758,2.00e-01,7.00e-01,
15759,2.08e-01,3.00e-01,
15760,2.00e-01,3.00e-01,
15761,2.00e-01,3.00e-01,
15762,2.00e-01,3.00e-01,
15763,2.08e-01,3.00e-01,
15764,2.00e-01,3.00e-01,
15765,2.00e-01,3.00e-01,
15766,2.00e-01,7.00e-01,
15767,2.08e-01,3.00e-01,
15768,2.00e-01,3.00e-01,
15769,2.00e-01,3.00e-01,
15770,2.00e-01,3.00e-01,
15771,2.08e-01,3.00e-01,
15772,2.00e-01,3.00e-01,
15773,2.00e-01,3.00e-01,
15774,2.00e-01,7.00e-01,
15775,2.08e-01,3.00e-01,
15776,2.00e-01,3.00e-01,
15777,2.00e-01,3.00e-01,
15778,2.00e-01,7.00e-01,
15779,2.08e-01,3.00e-01,
15780,2.00e-01,3.00e-01,
15781,2.00e-01,3.00e-01,
15782,2.00e-01,7.00e-01,
15783,2.08e-01,3.00e-01,
15784,2.00e-01,3.00e-01,
15785,2.00e-01,3.00e-01,
15786,2.00e-01,3.00e-01,
15787,2.08e-01,3.00e-01,
15788,2.00e-01,3.00e-01,
15789,2.00e-01,3.00e-01,
15790,2.00e-01,7.00e-01,
15791,2.08e-01,3.00e-01,
15792,2.00e-01,3.00e-01,
15793,2.00e-01,3.00e-01,
15794,2.00e-01,7.00e-01,
15795,2.08e-01,3.00e-01,
15796,2.00e-01,3.00e-01,
15797,2.00e-01,3.00e-01,
15798,2.00e-01,7.00e-01,
15799,2.08e-01,3.00e-01,
15800,2.00e-01,3.00e-01,
15801,2.08e-01,3.00e-01,
15802,2.00e-01,3.00e-01,
15803,2.08e-01,3.00e-01,
15804,2.00e-01,3.00e-01,
15805,2.00e-01,3.00e-01,
15806,2.00e-01,7.00e-01,
15807,2.08e-01,3.00e-01,
15808,2.00e-01,3.00e-01,
15809,2.00e-01,3.00e-01,
15810,2.00e-01,7.00e-01,
15811,2.08e-01,3.00e-01,
15812,2.00e-01,3.00e-01,
15813,2.00e-01,3.00e-01,
15814,2.00e-01,7.00e-01,
15815,2.08e-01,3.00e-01,
15816,2.00e-01,3.00e-01,
15817,2.08e-01,3.00e-01,
15818,2.00e-01,7.00e-01,
15819,2.08e-01,3.00e-01,
15820,2.00e-01,3.00e-01,
15821,2.08e-01,3.00e-01,
15822,2.00e-01,7.00e-01,
15823,2.08e-01,3.00e-01,
15824,2.00e-01,3.00e-01,
15825,2.08e-01,3.00e-01,
15826,2.00e-01,7.00e-01,
15827,2.08e-01,3.00e-01,
15828,2.00e-01,3.00e-01,
15829,2.08e-01,3.00e-01,
15830,2.08e-01,7.00e-01,
15831,2.08e-01,3.00e-01,
15832,2.08e-01,3.00e-01,
15833,2.08e-01,3.00e-01,
15834,2.00e-01,7.00e-01,
15835,2.08e-01,3.00e-01,
15836,2.00e-01,3.00e-01,
15837,2.08e-01,3.00e-01,
15838,2.00e-01,7.00e-01,
15839,2.24e-01,3.00e-01,
15840,2.08e-01,3.00e-01,
15841,2.08e-01,3.00e-01,
15842,2.08e-01,3.00e-01,
15843,2.08e-01,3.00e-01,
15844,2.08e-01,3.00e-01,
15845,2.08e-01,3.00e-01,
15846,2.00e-01,7.00e-01,
15847,2.24e-01,7.00e-01,
15848,2.08e-01,-1.00e-01,
15849,2.08e-01,7.00e-01,
15850,2.08e-01,3.00e-01,
15851,2.24e-01,3.00e-01,
15852,2.08e-01,3.00e-01,
15853,2.08e-01,3.00e-01,
15854,2.00e-01,7.00e-01,
15855,2.24e-01,3.00e-01,
15856,2.08e-01,3.00e-01,
15857,2.08e-01,3.00e-01,
15858,2.08e-01,7.00e-01,
15859,2.24e-01,3.00e-01,
15860,2.08e-01,3.00e-01,
15861,2.08e-01,3.00e-01,
15862,2.00e-01,7.00e-01,
15863,2.24e-01,3.00e-01,
15864,2.08e-01,3.00e-01,
15865,2.08e-01,3.00e-01,
15866,2.08e-01,7.00e-01,
15867,2.24e-01,3.00e-01,
15868,2.08e-01,3.00e-01,
15869,2.08e-01,3.00e-01,
15870,2.08e-01,7.00e-01,
15871,2.24e-01,3.00e-01,
15872,2.08e-01,3.00e-01,
15873,2.08e-01,3.00e-01,
15874,2.08e-01,3.00e-01,
15875,2.24e-01,3.00e-01,
15876,2.08e-01,3.00e-01,
15877,2.08e-01,3.00e-01,
15878,2.08e-01,3.00e-01,
15879,2.24e-01,3.00e-01,
15880,2.08e-01,3.00e-01,
15881,2.08e-01,3.00e-01,
15882,2.08e-01,7.00e-01,
15883,2.24e-01,3.00e-01,
15884,2.08e-01,3.00e-01,
15885,2.08e-01,3.00e-01,
15886,2.08e-01,7.00e-01,
15887,2.24e-01,3.00e-01,
15888,2.08e-01,3.00e-01,
15889,2.08e-01,3.00e-01,
15890,2.08e-01,3.00e-01,
15891,2.24e-01,3.00e-01,
15892,2.08e-01,3.00e-01,
15893,2.08e-01,3.00e-01,
15894,2.08e-01,7.00e-01,
15895,2.24e-01,3.00e-01,
15896,2.08e-01,3.00e-01,
15897,2.08e-01,3.00e-01,
15898,2.08e-01,7.00e-01,
15899,2.24e-01,3.00e-01,
15900,2.08e-01,3.00e-01,
15901,2.08e-01,3.00e-01,
15902,2.08e-01,7.00e-01,
15903,2.24e-01,3.00e-01,
15904,2.08e-01,3.00e-01,
15905,2.24e-01,3.00e-01,
15906,2.08e-01,7.00e-01,
15907,2.24e-01,3.00e-01,
15908,2.08e-01,3.00e-01,
15909,2.08e-01,3.00e-01,
15910,2.08e-01,7.00e-01,
15911,2.24e-01,3.00e-01,
15912,2.08e-01,3.00e-01,
15913,2.24e-01,3.00e-01,
15914,2.08e-01,7.00e-01,
15915,2.24e-01,3.00e-01,
15916,2.08e-01,3.00e-01,
15917,2.08e-01,3.00e-01,
15918,2.08e-01,7.00e-01,
15919,2.24e-01,3.00e-01,
15920,2.08e-01,3.00e-01,
15921,2.24e-01,3.00e-01,
15922,2.08e-01,7.00e-01,
15923,2.24e-01,7.00e-01,
15924,2.08e-01,3.00e-01,
15925,2.24e-01,3.00e-01,
15926,2.08e-01,7.00e-01,
15927,2.24e-01,3.00e-01,
15928,2.24e-01,3.00e-01,
15929,2.24e-01,3.00e-01,
15930,2.08e-01,7.00e-01,
15931,2.24e-01,3.00e-01,
15932,2.08e-01,3.00e-01,
15933,2.24e-01,3.00e-01,
15934,2.08e-01,7.00e-01,
15935,2.32e-01,3.00e-01,
15936,2.08e-01,3.00e-01,
15937,2.24e-01,3.00e-01,
15938,2.08e-01,7.00e-01,
15939,2.24e-01,3.00e-01,
15940,2.24e-01,3.00e-01,
15941,2.24e-01,3.00e-01,
15942,2.08e-01,7.00e-01,
15943,2.32e-01,3.00e-01,
15944,2.24e-01,3.00e-01,
15945,2.24e-01,3.00e-01,
15946,2.08e-01,7.00e-01,
15947,2.24e-01,3.00e-01,
15948,2.24e-01,3.00e-01,
15949,2.24e-01,3.00e-01,
15950,2.24e-01,7.00e-01,
15951,2.32e-01,3.00e-01,
15952,2.24e-01,3.00e-01,
15953,2.24e-01,3.00e-01,
15954,2.24e-01,7.00e-01,
15955,2.32e-01,3.00e-01,
15956,2.24e-01,3.00e-01,
15957,2.24e-01,3.00e-01,
15958,2.24e-01,7.00e-01,
15959,2.32e-01,3.00e-01,
15960,2.24e-01,3.00e-01,
15961,2.24e-01,3.00e-01,
15962,2.24e-01,7.00e-01,
15963,2.32e-01,3.00e-01,
15964,2.24e-01,3.00e-01,
15965,2.24e-01,3.00e-01,
15966,2.24e-01,7.00e-01,
15967,2.32e-01,3.00e-01,
15968,2.24e-01,3.00e-01,
15969,2.24e-01,3.00e-01,
15970,2.24e-01,3.00e-01,
15971,2.32e-01,3.00e-01,
15972,2.24e-01,3.00e-01,
15973,2.24e-01,3.00e-01,
15974,2.24e-01,7.00e-01,
15975,2.32e-01,3.00e-01,
15976,2.24e-01,3.00e-01,
15977,2.24e-01,3.00e-01,
15978,2.24e-01,7.00e-01,
15979,2.32e-01,3.00e-01,
15980,2.24e-01,3.00e-01,
15981,2.24e-01,3.00e-01,
15982,2.24e-01,7.00e-01,
15983,2.32e-01,3.00e-01,
15984,2.24e-01,3.00e-01,
15985,2.24e-01,3.00e-01,
15986,2.24e-01,7.00e-01,
15987,2.32e-01,3.00e-01,
15988,2.24e-01,3.00e-01,
15989,2.24e-01,3.00e-01,
15990,2.24e-01,7.00e-01,
15991,2.32e-01,3.00e-01,
15992,2.24e-01,3.00e-01,
15993,2.24e-01,3.00e-01,
15994,2.24e-01,3.00e-01,
15995,2.32e-01,3.00e-01,
15996,2.24e-01,3.00e-01,
15997,2.32e-01,3.00e-01,
15998,2.24e-01,7.00e-01,
15999,2.32e-01,3.00e-01,
16000,2.24e-01,3.00e-01,
16001,2.24e-01,3.00e-01,
16002,2.24e-01,7.00e-01,
16003,2.32e-01,3.00e-01,
16004,2.24e-01,3.00e-01,
16005,2.24e-01,3.00e-01,
16006,2.24e-01,7.00e-01,
16007,2.32e-01,3.00e-01,
16008,2.24e-01,3.00e-01,
16009,2.32e-01,3.00e-01,
16010,2.24e-01,3.00e-01,
16011,2.32e-01,7.00e-01,
16012,2.24e-01,3.00e-01,
16013,2.24e-01,3.00e-01,
16014,2.24e-01,7.00e-01,
16015,2.32e-01,3.00e-01,
16016,2.24e-01,3.00e-01,
16017,2.32e-01,3.00e-01,
16018,2.24e-01,7.00e-01,
16019,2.32e-01,3.00e-01,
16020,2.24e-01,3.00e-01,
16021,2.32e-01,3.00e-01,
16022,2.24e-01,3.00e-01,
16023,2.32e-01,3.00e-01,
16024,2.24e-01,3.00e-01,
16025,2.32e-01,3.00e-01,
16026,2.24e-01,7.00e-01,
16027,2.32e-01,3.00e-01,
16028,2.24e-01,3.00e-01,
16029,2.32e-01,3.00e-01,
16030,2.24e-01,7.00e-01,
16031,2.32e-01,3.00e-01,
16032,2.24e-01,3.00e-01,
16033,2.32e-01,3.00e-01,
16034,2.24e-01,7.00e-01,
16035,2.32e-01,3.00e-01,
16036,2.24e-01,3.00e-01,
16037,2.32e-01,3.00e-01,
16038,2.24e-01,7.00e-01,
16039,2.32e-01,3.00e-01,
16040,2.32e-01,3.00e-01,
16041,2.32e-01,7.00e-01,
16042,2.32e-01,3.00e-01,
16043,2.32e-01,3.00e-01,
16044,2.32e-01,3.00e-01,
16045,2.32e-01,3.00e-01,
16046,2.24e-01,7.00e-01,
16047,2.32e-01,7.00e-01,
16048,2.32e-01,-1.00e-01,
16049,2.24e-01,7.00e-01,
16050,2.32e-01,3.00e-01,
16051,2.40e-01,3.00e-01,
16052,2.32e-01,3.00e-01,
16053,2.32e-01,3.00e-01,
16054,2.32e-01,7.00e-01,
16055,2.40e-01,3.00e-01,
16056,2.32e-01,3.00e-01,
16057,2.32e-01,3.00e-01,
16058,2.32e-01,7.00e-01,
16059,2.40e-01,3.00e-01,
16060,2.32e-01,3.00e-01,
16061,2.32e-01,3.00e-01,
16062,2.32e-01,7.00e-01,
16063,2.40e-01,3.00e-01,
16064,2.32e-01,3.00e-01,
16065,2.32e-01,3.00e-01,
16066,2.32e-01,7.00e-01,
16067,2.40e-01,3.00e-01,
16068,2.32e-01,3.00e-01,
16069,2.32e-01,3.00e-01,
16070,2.32e-01,7.00e-01,
16071,2.40e-01,3.00e-01,
16072,2.32e-01,3.00e-01,
16073,2.32e-01,3.00e-01,
16074,2.32e-01,3.00e-01,
16075,2.40e-01,3.00e-01,
16076,2.32e-01,3.00e-01,
16077,2.32e-01,3.00e-01,
16078,2.32e-01,7.00e-01,
16079,2.40e-01,3.00e-01,
16080,2.32e-01,3.00e-01,
16081,2.32e-01,3.00e-01,
16082,2.32e-01,7.00e-01,
16083,2.40e-01,3.00e-01,
16084,2.32e-01,3.00e-01,
16085,2.32e-01,3.00e-01,
16086,2.32e-01,7.00e-01,
16087,2.40e-01,3.00e-01,
16088,2.32e-01,3.00e-01,
16089,2.32e-01,3.00e-01,
16090,2.32e-01,7.00e-01,
16091,2.40e-01,3.00e-01,
16092,2.32e-01,3.00e-01,
16093,2.32e-01,3.00e-01,
16094,2.32e-01,7.00e-01,
16095,2.40e-01,3.00e-01,
16096,2.32e-01,3.00e-01,
16097,2.32e-01,3.00e-01,
16098,2.32e-01,7.00e-01,
16099,2.40e-01,3.00e-01,
16100,2.32e-01,3.00e-01,
16101,2.32e-01,3.00e-01,
16102,2.32e-01,7.00e-01,
16103,2.40e-01,3.00e-01,
16104,2.32e-01,3.00e-01,
16105,2.40e-01,7.00e-01,
16106,2.32e-01,7.00e-01,
16107,2.40e-01,3.00e-01,
16108,2.32e-01,3.00e-01,
16109,2.40e-01,3.00e-01,
16110,2.32e-01,7.00e-01,
16111,2.40e-01,3.00e-01,
16112,2.32e-01,3.00e-01,
16113,2.40e-01,3.00e-01,
16114,2.32e-01,7.00e-01,
16115,2.40e-01,7.00e-01,
16116,2.32e-01,3.00e-01,
16117,2.32e-01,3.00e-01,
16118,2.32e-01,7.00e-01,
16119,2.40e-01,7.00e-01,
16120,2.32e-01,3.00e-01,
16121,2.40e-01,3.00e-01,
16122,2.32e-01,7.00e-01,
16123,2.40e-01,7.00e-01,
16124,2.40e-01,3.00e-01,
16125,2.40e-01,3.00e-01,
16126,2.32e-01,7.00e-01,
16127,2.40e-01,3.00e-01,
16128,2.32e-01,3.00e-01,
16129,2.40e-01,3.00e-01,
16130,2.32e-01,7.00e-01,
16131,2.40e-01,3.00e-01,
16132,2.32e-01,3.00e-01,
16133,2.40e-01,7.00e-01,
16134,2.32e-01,7.00e-01,
16135,2.40e-01,3.00e-01,
16136,2.40e-01,3.00e-01,
16137,2.40e-01,3.00e-01,
16138,2.32e-01,7.00e-01,
16139,2.48e-01,3.00e-01,
16140,2.32e-01,3.00e-01,
16141,2.40e-01,3.00e-01,
16142,2.40e-01,7.00e-01,
16143,2.40e-01,3.00e-01,
16144,2.40e-01,3.00e-01,
16145,2.40e-01,3.00e-01,
16146,2.32e-01,7.00e-01,
16147,2.48e-01,3.00e-01,
16148,2.40e-01,3.00e-01,
16149,2.40e-01,3.00e-01,
16150,2.32e-01,7.00e-01,
16151,2.48e-01,3.00e-01,
16152,2.40e-01,3.00e-01,
16153,2.40e-01,3.00e-01,
16154,2.32e-01,7.00e-01,
16155,2.48e-01,3.00e-01,
16156,2.40e-01,3.00e-01,
16157,2.40e-01,3.00e-01,
16158,2.40e-01,7.00e-01,
16159,2.48e-01,3.00e-01,
16160,2.40e-01,3.00e-01,
16161,2.40e-01,3.00e-01,
16162,2.40e-01,7.00e-01,
16163,2.48e-01,7.00e-01,
16164,2.40e-01,3.00e-01,
16165,2.40e-01,3.00e-01,
16166,2.40e-01,7.00e-01,
16167,2.48e-01,3.00e-01,
16168,2.40e-01,3.00e-01,
16169,2.40e-01,7.00e-01,
16170,2.40e-01,7.00e-01,
16171,2.48e-01,7.00e-01,
16172,2.40e-01,3.00e-01,
16173,2.40e-01,3.00e-01,
16174,2.40e-01,7.00e-01,
16175,2.48e-01,3.00e-01,
16176,2.40e-01,3.00e-01,
16177,2.40e-01,3.00e-01,
16178,2.40e-01,7.00e-01,
16179,2.48e-01,7.00e-01,
16180,2.40e-01,3.00e-01,
16181,2.40e-01,3.00e-01,
16182,2.40e-01,7.00e-01,
16183,2.48e-01,3.00e-01,
16184,2.40e-01,3.00e-01,
16185,2.40e-01,3.00e-01,
16186,2.40e-01,3.00e-01,
16187,2.48e-01,3.00e-01,
16188,2.40e-01,3.00e-01,
16189,2.40e-01,3.00e-01,
16190,2.40e-01,7.00e-01,
16191,2.48e-01,3.00e-01,
16192,2.40e-01,3.00e-01,
16193,2.48e-01,7.00e-01,
16194,2.40e-01,7.00e-01,
16195,2.48e-01,3.00e-01,
16196,2.40e-01,3.00e-01,
16197,2.48e-01,3.00e-01,
16198,2.40e-01,7.00e-01,
16199,2.48e-01,3.00e-01,
16200,2.40e-01,3.00e-01,
16201,2.48e-01,7.00e-01,
16202,2.40e-01,7.00e-01,
16203,2.48e-01,7.00e-01,
16204,2.40e-01,3.00e-01,
16205,2.40e-01,7.00e-01,
16206,2.40e-01,7.00e-01,
16207,2.48e-01,3.00e-01,
16208,2.40e-01,3.00e-01,
16209,2.48e-01,3.00e-01,
16210,2.40e-01,7.00e-01,
16211,2.48e-01,7.00e-01,
16212,2.40e-01,3.00e-01,
16213,2.48e-01,7.00e-01,
16214,2.40e-01,7.00e-01,
16215,2.48e-01,3.00e-01,
16216,2.40e-01,3.00e-01,
16217,2.48e-01,7.00e-01,
16218,2.40e-01,7.00e-01,
16219,2.48e-01,3.00e-01,
16220,2.40e-01,3.00e-01,
16221,2.40e-01,3.00e-01,
16222,2.40e-01,7.00e-01,
16223,2.48e-01,3.00e-01,
16224,2.40e-01,3.00e-01,
16225,2.48e-01,3.00e-01,
16226,2.40e-01,7.00e-01,
16227,2.48e-01,3.00e-01,
16228,2.40e-01,3.00e-01,
16229,2.48e-01,3.00e-01,
16230,2.40e-01,7.00e-01,
16231,2.48e-01,7.00e-01,
16232,2.48e-01,3.00e-01,
16233,2.48e-01,3.00e-01,
16234,2.40e-01,7.00e-01,
16235,2.48e-01,7.00e-01,
16236,2.40e-01,3.00e-01,
16237,2.48e-01,3.00e-01,
16238,2.40e-01,7.00e-01,
16239,2.56e-01,7.00e-01,
16240,2.48e-01,3.00e-01,
16241,2.48e-01,3.00e-01,
16242,2.48e-01,7.00e-01,
16243,2.56e-01,3.00e-01,
16244,2.40e-01,3.00e-01,
16245,2.48e-01,3.00e-01,
16246,2.40e-01,7.00e-01,
16247,2.48e-01,7.00e-01,
16248,2.48e-01,-1.00e-01,
16249,2.40e-01,7.00e-01,
16250,2.48e-01,3.00e-01,
16251,2.56e-01,3.00e-01,
16252,2.48e-01,3.00e-01,
16253,2.48e-01,3.00e-01,
16254,2.40e-01,7.00e-01,
16255,2.56e-01,3.00e-01,
16256,2.48e-01,3.00e-01,
16257,2.48e-01,7.00e-01,
16258,2.48e-01,7.00e-01,
16259,2.56e-01,7.00e-01,
16260,2.48e-01,3.00e-01,
16261,2.48e-01,3.00e-01,
16262,2.48e-01,7.00e-01,
16263,2.56e-01,7.00e-01,
16264,2.48e-01,3.00e-01,
16265,2.48e-01,3.00e-01,
16266,2.48e-01,7.00e-01,
16267,2.56e-01,3.00e-01,
16268,2.48e-01,3.00e-01,
16269,2.48e-01,3.00e-01,
16270,2.48e-01,7.00e-01,
16271,2.56e-01,7.00e-01,
16272,2.48e-01,3.00e-01,
16273,2.48e-01,7.00e-01,
16274,2.48e-01,7.00e-01,
16275,2.56e-01,7.00e-01,
16276,2.48e-01,3.00e-01,
16277,2.48e-01,3.00e-01,
16278,2.48e-01,7.00e-01,
16279,2.56e-01,3.00e-01,
16280,2.48e-01,3.00e-01,
16281,2.48e-01,7.00e-01,
16282,2.48e-01,7.00e-01,
16283,2.56e-01,7.00e-01,
16284,2.48e-01,3.00e-01,
16285,2.48e-01,3.00e-01,
16286,2.48e-01,7.00e-01,
16287,2.56e-01,3.00e-01,
16288,2.48e-01,3.00e-01,
16289,2.48e-01,3.00e-01,
16290,2.48e-01,7.00e-01,
16291,2.56e-01,3.00e-01,
16292,2.48e-01,3.00e-01,
16293,2.56e-01,3.00e-01,
16294,2.48e-01,7.00e-01,
16295,2.56e-01,3.00e-01,
16296,2.48e-01,3.00e-01,
16297,2.48e-01,3.00e-01,
16298,2.48e-01,7.00e-01,
16299,2.56e-01,3.00e-01,
16300,2.48e-01,3.00e-01,
16301,2.48e-01,3.00e-01,
16302,2.48e-01,7.00e-01,
16303,2.56e-01,3.00e-01,
16304,2.48e-01,3.00e-01,
16305,2.56e-01,7.00e-01,
16306,2.48e-01,7.00e-01,
16307,2.56e-01,7.00e-01,
16308,2.48e-01,3.00e-01,
16309,2.56e-01,3.00e-01,
16310,2.48e-01,7.00e-01,
16311,2.56e-01,3.00e-01,
16312,2.48e-01,3.00e-01,
16313,2.56e-01,3.00e-01,
16314,2.48e-01,7.00e-01,
16315,2.56e-01,3.00e-01,
16316,2.48e-01,3.00e-01,
16317,2.56e-01,3.00e-01,
16318,2.48e-01,7.00e-01,
16319,2.56e-01,3.00e-01,
16320,2.48e-01,3.00e-01,
16321,2.56e-01,3.00e-01,
16322,2.48e-01,7.00e-01,
16323,2.64e-01,3.00e-01,
16324,2.56e-01,3.00e-01,
16325,2.56e-01,7.00e-01,
16326,2.48e-01,7.00e-01,
16327,2.56e-01,3.00e-01,
16328,2.56e-01,3.00e-01,
16329,2.56e-01,3.00e-01,
16330,2.48e-01,7.00e-01,
16331,2.56e-01,7.00e-01,
16332,2.56e-01,3.00e-01,
16333,2.56e-01,3.00e-01,
16334,2.56e-01,7.00e-01,
16335,2.56e-01,3.00e-01,
16336,2.56e-01,3.00e-01,
16337,2.56e-01,3.00e-01,
16338,2.48e-01,7.00e-01,
16339,2.64e-01,3.00e-01,
16340,2.56e-01,3.00e-01,
16341,2.56e-01,7.00e-01,
16342,2.48e-01,7.00e-01,
16343,2.64e-01,3.00e-01,
16344,2.56e-01,3.00e-01,
16345,2.56e-01,7.00e-01,
16346,2.56e-01,7.00e-01,
16347,2.64e-01,3.00e-01,
16348,2.56e-01,3.00e-01,
16349,2.56e-01,3.00e-01,
16350,2.56e-01,7.00e-01,
16351,2.64e-01,3.00e-01,
16352,2.56e-01,3.00e-01,
16353,2.56e-01,7.00e-01,
16354,2.56e-01,7.00e-01,
16355,2.64e-01,7.00e-01,
16356,2.56e-01,3.00e-01,
16357,2.56e-01,3.00e-01,
16358,2.48e-01,7.00e-01,
16359,2.64e-01,3.00e-01,
16360,2.56e-01,3.00e-01,
16361,2.56e-01,3.00e-01,
16362,2.56e-01,7.00e-01,
16363,2.64e-01,7.00e-01,
16364,2.56e-01,3.00e-01,
16365,2.56e-01,7.00e-01,
16366,2.56e-01,7.00e-01,
16367,2.64e-01,3.00e-01,
16368,2.56e-01,3.00e-01,
16369,2.56e-01,3.00e-01,
16370,2.56e-01,7.00e-01,
16371,2.64e-01,3.00e-01,
16372,2.56e-01,3.00e-01,
16373,2.56e-01,3.00e-01,
16374,2.56e-01,7.00e-01,
16375,2.64e-01,3.00e-01,
16376,2.56e-01,3.00e-01,
16377,2.56e-01,3.00e-01,
16378,2.56e-01,7.00e-01,
16379,2.64e-01,7.00e-01,
16380,2.56e-01,3.00e-01,
16381,2.56e-01,3.00e-01,
16382,2.56e-01,7.00e-01,
16383,2.64e-01,3.00e-01,
16384,2.56e-01,3.00e-01,
16385,2.56e-01,3.00e-01,
16386,2.56e-01,7.00e-01,
16387,2.64e-01,3.00e-01,
16388,2.56e-01,3.00e-01,
16389,2.56e-01,3.00e-01,
16390,2.56e-01,7.00e-01,
16391,2.64e-01,7.00e-01,
16392,2.56e-01,3.00e-01,
16393,2.56e-01,7.00e-01,
16394,2.56e-01,7.00e-01,
16395,2.64e-01,7.00e-01,
16396,2.56e-01,3.00e-01,
16397,2.64e-01,3.00e-01,
16398,2.56e-01,7.00e-01,
16399,2.64e-01,3.00e-01,
16400,2.56e-01,3.00e-01,
16401,2.56e-01,7.00e-01,
16402,2.56e-01,7.00e-01,
16403,2.64e-01,7.00e-01,
16404,2.56e-01,3.00e-01,
16405,2.64e-01,3.00e-01,
16406,2.56e-01,7.00e-01,
16407,2.64e-01,3.00e-01,
16408,2.56e-01,3.00e-01,
16409,2.64e-01,3.00e-01,
16410,2.56e-01,7.00e-01,
16411,2.64e-01,3.00e-01,
16412,2.56e-01,3.00e-01,
16413,2.56e-01,7.00e-01,
16414,2.56e-01,7.00e-01,
16415,2.64e-01,3.00e-01,
16416,2.56e-01,3.00e-01,
16417,2.64e-01,7.00e-01,
16418,2.56e-01,7.00e-01,
16419,2.64e-01,3.00e-01,
16420,2.56e-01,3.00e-01,
16421,2.64e-01,3.00e-01,
16422,2.56e-01,7.00e-01,
16423,2.72e-01,7.00e-01,
16424,2.64e-01,3.00e-01,
16425,2.64e-01,3.00e-01,
16426,2.56e-01,7.00e-01,
16427,2.64e-01,3.00e-01,
16428,2.64e-01,3.00e-01,
16429,2.64e-01,3.00e-01,
16430,2.56e-01,7.00e-01,
16431,2.64e-01,7.00e-01,
16432,2.64e-01,3.00e-01,
16433,2.64e-01,7.00e-01,
16434,2.56e-01,7.00e-01,
16435,2.64e-01,3.00e-01,
16436,2.64e-01,3.00e-01,
16437,2.64e-01,3.00e-01,
16438,2.56e-01,7.00e-01,
16439,2.64e-01,3.00e-01,
16440,2.64e-01,3.00e-01,
16441,2.64e-01,7.00e-01,
16442,2.64e-01,7.00e-01,
16443,2.72e-01,7.00e-01,
16444,2.64e-01,3.00e-01,
16445,2.64e-01,3.00e-01,
16446,2.56e-01,7.00e-01,
16447,2.64e-01,7.00e-01,
16448,2.64e-01,-1.00e-01,
16449,2.64e-01,7.00e-01,
16450,2.64e-01,3.00e-01,
16451,2.64e-01,7.00e-01,
16452,2.64e-01,3.00e-01,
16453,2.64e-01,3.00e-01,
16454,2.64e-01,7.00e-01,
16455,2.72e-01,3.00e-01,
16456,2.64e-01,3.00e-01,
16457,2.64e-01,7.00e-01,
16458,2.64e-01,7.00e-01,
16459,2.72e-01,7.00e-01,
16460,2.64e-01,3.00e-01,
16461,2.64e-01,3.00e-01,
16462,2.64e-01,7.00e-01,
16463,2.72e-01,3.00e-01,
16464,2.64e-01,3.00e-01,
16465,2.64e-01,3.00e-01,
16466,2.64e-01,7.00e-01,
16467,2.72e-01,3.00e-01,
16468,2.64e-01,3.00e-01,
16469,2.64e-01,7.00e-01,
16470,2.64e-01,7.00e-01,
16471,2.72e-01,7.00e-01,
16472,2.64e-01,3.00e-01,
16473,2.64e-01,7.00e-01,
16474,2.64e-01,7.00e-01,
16475,2.72e-01,7.00e-01,
16476,2.64e-01,3.00e-01,
16477,2.64e-01,3.00e-01,
16478,2.64e-01,7.00e-01,
16479,2.72e-01,7.00e-01,
16480,2.64e-01,3.00e-01,
16481,2.64e-01,7.00e-01,
16482,2.64e-01,7.00e-01,
16483,2.72e-01,3.00e-01,
16484,2.64e-01,3.00e-01,
16485,2.64e-01,3.00e-01,
16486,2.64e-01,7.00e-01,
16487,2.72e-01,7.00e-01,
16488,2.64e-01,3.00e-01,
16489,2.64e-01,7.00e-01,
16490,2.64e-01,7.00e-01,
16491,2.72e-01,7.00e-01,
16492,2.64e-01,3.00e-01,
16493,2.64e-01,7.00e-01,
16494,2.64e-01,7.00e-01,
16495,2.72e-01,3.00e-01,
16496,2.64e-01,3.00e-01,
16497,2.64e-01,7.00e-01,
16498,2.64e-01,7.00e-01,
16499,2.72e-01,7.00e-01,
16500,2.64e-01,3.00e-01,
16501,2.72e-01,7.00e-01,
16502,2.64e-01,7.00e-01,
16503,2.72e-01,3.00e-01,
16504,2.64e-01,3.00e-01,
16505,2.64e-01,3.00e-01,
16506,2.64e-01,7.00e-01,
16507,2.72e-01,7.00e-01,
16508,2.64e-01,3.00e-01,
16509,2.72e-01,3.00e-01,
16510,2.64e-01,7.00e-01,
16511,2.72e-01,7.00e-01,
16512,2.64e-01,3.00e-01,
16513,2.72e-01,7.00e-01,
16514,2.64e-01,7.00e-01,
16515,2.72e-01,3.00e-01,
16516,2.72e-01,3.00e-01,
16517,2.72e-01,3.00e-01,
16518,2.64e-01,7.00e-01,
16519,2.72e-01,7.00e-01,
16520,2.64e-01,3.00e-01,
16521,2.72e-01,7.00e-01,
16522,2.64e-01,7.00e-01,
16523,2.72e-01,7.00e-01,
16524,2.72e-01,3.00e-01,
16525,2.72e-01,3.00e-01,
16526,2.64e-01,7.00e-01,
16527,2.72e-01,3.00e-01,
16528,2.72e-01,3.00e-01,
16529,2.72e-01,7.00e-01,
16530,2.64e-01,7.00e-01,
16531,2.72e-01,7.00e-01,
16532,2.72e-01,3.00e-01,
16533,2.72e-01,3.00e-01,
16534,2.64e-01,7.00e-01,
16535,2.72e-01,7.00e-01,
16536,2.72e-01,3.00e-01,
16537,2.72e-01,3.00e-01,
16538,2.64e-01,7.00e-01,
16539,2.80e-01,7.00e-01,
16540,2.72e-01,3.00e-01,
16541,2.72e-01,7.00e-01,
16542,2.72e-01,7.00e-01,
16543,2.80e-01,3.00e-01,
16544,2.72e-01,3.00e-01,
16545,2.72e-01,7.00e-01,
16546,2.64e-01,7.00e-01,
16547,2.80e-01,7.00e-01,
16548,2.72e-01,3.00e-01,
16549,2.72e-01,7.00e-01,
16550,2.72e-01,7.00e-01,
16551,2.80e-01,3.00e-01,
16552,2.72e-01,3.00e-01,
16553,2.72e-01,7.00e-01,
16554,2.72e-01,7.00e-01,
16555,2.80e-01,7.00e-01,
16556,2.72e-01,3.00e-01,
16557,2.72e-01,3.00e-01,
16558,2.72e-01,7.00e-01,
16559,2.80e-01,3.00e-01,
16560,2.72e-01,3.00e-01,
16561,2.72e-01,7.00e-01,
16562,2.72e-01,7.00e-01,
16563,2.80e-01,7.00e-01,
16564,2.72e-01,3.00e-01,
16565,2.72e-01,3.00e-01,
16566,2.72e-01,7.00e-01,
16567,2.80e-01,3.00e-01,
16568,2.72e-01,3.00e-01,
16569,2.72e-01,3.00e-01,
16570,2.72e-01,7.00e-01,
16571,2.80e-01,7.00e-01,
16572,2.72e-01,3.00e-01,
16573,2.72e-01,3.00e-01,
16574,2.72e-01,7.00e-01,
16575,2.80e-01,3.00e-01,
16576,2.72e-01,3.00e-01,
16577,2.80e-01,7.00e-01,
16578,2.72e-01,7.00e-01,
16579,2.80e-01,7.00e-01,
16580,2.72e-01,3.00e-01,
16581,2.72e-01,7.00e-01,
16582,2.72e-01,7.00e-01,
16583,2.80e-01,7.00e-01,
16584,2.72e-01,3.00e-01,
16585,2.72e-01,7.00e-01,
16586,2.72e-01,7.00e-01,
16587,2.80e-01,7.00e-01,
16588,2.72e-01,3.00e-01,
16589,2.72e-01,3.00e-01,
16590,2.72e-01,7.00e-01,
16591,2.80e-01,3.00e-01,
16592,2.72e-01,3.00e-01,
16593,2.72e-01,7.00e-01,
16594,2.72e-01,7.00e-01,
16595,2.80e-01,7.00e-01,
16596,2.72e-01,3.00e-01,
16597,2.72e-01,3.00e-01,
16598,2.72e-01,7.00e-01,
16599,2.80e-01,7.00e-01,
16600,2.72e-01,3.00e-01,
16601,2.72e-01,7.00e-01,
16602,2.72e-01,7.00e-01,
16603,2.80e-01,7.00e-01,
16604,2.72e-01,3.00e-01,
16605,2.80e-01,7.00e-01,
16606,2.72e-01,7.00e-01,
16607,2.80e-01,3.00e-01,
16608,2.72e-01,3.00e-01,
16609,2.80e-01,7.00e-01,
16610,2.72e-01,7.00e-01,
16611,2.80e-01,7.00e-01,
16612,2.72e-01,3.00e-01,
16613,2.72e-01,7.00e-01,
16614,2.72e-01,7.00e-01,
16615,2.80e-01,3.00e-01,
16616,2.80e-01,3.00e-01,
16617,2.80e-01,3.00e-01,
16618,2.72e-01,7.00e-01,
16619,2.88e-01,7.00e-01,
16620,2.72e-01,3.00e-01,
16621,2.80e-01,7.00e-01,
16622,2.72e-01,7.00e-01,
16623,2.80e-01,7.00e-01,
16624,2.80e-01,3.00e-01,
16625,2.80e-01,3.00e-01,
16626,2.72e-01,7.00e-01,
16627,2.88e-01,7.00e-01,
16628,2.72e-01,3.00e-01,
16629,2.80e-01,7.00e-01,
16630,2.72e-01,7.00e-01,
16631,2.80e-01,7.00e-01,
16632,2.80e-01,3.00e-01,
16633,2.80e-01,7.00e-01,
16634,2.80e-01,7.00e-01,
16635,2.88e-01,7.00e-01,
16636,2.80e-01,3.00e-01,
16637,2.80e-01,3.00e-01,
16638,2.72e-01,7.00e-01,
16639,2.88e-01,3.00e-01,
16640,2.80e-01,3.00e-01,
16641,2.80e-01,7.00e-01,
16642,2.72e-01,7.00e-01,
16643,2.88e-01,7.00e-01,
16644,2.80e-01,3.00e-01,
16645,2.80e-01,3.00e-01,
16646,2.72e-01,7.00e-01,
16647,2.88e-01,7.00e-01,
16648,2.80e-01,-1.00e-01,
16649,2.80e-01,7.00e-01,
16650,2.80e-01,3.00e-01,
16651,2.88e-01,7.00e-01,
16652,2.80e-01,3.00e-01,
16653,2.80e-01,3.00e-01,
16654,2.72e-01,7.00e-01,
16655,2.88e-01,3.00e-01,
16656,2.80e-01,3.00e-01,
16657,2.80e-01,7.00e-01,
16658,2.80e-01,7.00e-01,
16659,2.88e-01,7.00e-01,
16660,2.80e-01,3.00e-01,
16661,2.80e-01,7.00e-01,
16662,2.80e-01,7.00e-01,
16663,2.88e-01,7.00e-01,
16664,2.80e-01,3.00e-01,
16665,2.80e-01,3.00e-01,
16666,2.80e-01,7.00e-01,
16667,2.88e-01,7.00e-01,
16668,2.80e-01,3.00e-01,
16669,2.80e-01,3.00e-01,
16670,2.80e-01,7.00e-01,
16671,2.88e-01,7.00e-01,
16672,2.80e-01,3.00e-01,
16673,2.80e-01,3.00e-01,
16674,2.80e-01,7.00e-01,
16675,2.88e-01,7.00e-01,
16676,2.80e-01,3.00e-01,
16677,2.80e-01,3.00e-01,
16678,2.80e-01,7.00e-01,
16679,2.88e-01,7.00e-01,
16680,2.80e-01,3.00e-01,
16681,2.80e-01,7.00e-01,
16682,2.80e-01,7.00e-01,
16683,2.88e-01,7.00e-01,
16684,2.80e-01,3.00e-01,
16685,2.80e-01,7.00e-01,
16686,2.80e-01,7.00e-01,
16687,2.88e-01,3.00e-01,
16688,2.80e-01,3.00e-01,
16689,2.88e-01,3.00e-01,
16690,2.80e-01,7.00e-01,
16691,2.88e-01,7.00e-01,
16692,2.80e-01,3.00e-01,
16693,2.80e-01,7.00e-01,
16694,2.80e-01,7.00e-01,
16695,2.88e-01,3.00e-01,
16696,2.80e-01,3.00e-01,
16697,2.88e-01,7.00e-01,
16698,2.80e-01,7.00e-01,
16699,2.88e-01,7.00e-01,
16700,2.80e-01,3.00e-01,
16701,2.80e-01,7.00e-01,
16702,2.80e-01,7.00e-01,
16703,2.88e-01,7.00e-01,
16704,2.80e-01,3.00e-01,
16705,2.80e-01,7.00e-01,
16706,2.80e-01,7.00e-01,
16707,2.88e-01,3.00e-01,
16708,2.80e-01,3.00e-01,
16709,2.88e-01,7.00e-01,
16710,2.80e-01,7.00e-01,
16711,2.88e-01,7.00e-01,
16712,2.88e-01,3.00e-01,
16713,2.88e-01,3.00e-01,
16714,2.80e-01,7.00e-01,
16715,2.96e-01,7.00e-01,
16716,2.80e-01,3.00e-01,
16717,2.88e-01,3.00e-01,
16718,2.80e-01,7.00e-01,
16719,2.96e-01,7.00e-01,
16720,2.80e-01,3.00e-01,
16721,2.88e-01,7.00e-01,
16722,2.80e-01,7.00e-01,
16723,2.88e-01,7.00e-01,
16724,2.80e-01,3.00e-01,
16725,2.88e-01,3.00e-01,
16726,2.80e-01,7.00e-01,
16727,2.96e-01,3.00e-01,
16728,2.80e-01,3.00e-01,
16729,2.88e-01,7.00e-01,
16730,2.80e-01,7.00e-01,
16731,2.96e-01,7.00e-01,
16732,2.88e-01,3.00e-01,
16733,2.88e-01,7.00e-01,
16734,2.80e-01,7.00e-01,
16735,2.96e-01,7.00e-01,
16736,2.88e-01,3.00e-01,
16737,2.88e-01,7.00e-01,
16738,2.80e-01,7.00e-01,
16739,2.96e-01,7.00e-01,
16740,2.88e-01,3.00e-01,
16741,2.88e-01,7.00e-01,
16742,2.80e-01,7.00e-01,
16743,2.96e-01,7.00e-01,
16744,2.88e-01,3.00e-01,
16745,2.88e-01,7.00e-01,
16746,2.80e-01,7.00e-01,
16747,2.96e-01,7.00e-01,
16748,2.88e-01,3.00e-01,
16749,2.88e-01,7.00e-01,
16750,2.88e-01,7.00e-01,
16751,2.96e-01,7.00e-01,
16752,2.88e-01,3.00e-01,
16753,2.88e-01,3.00e-01,
16754,2.88e-01,7.00e-01,
16755,2.96e-01,7.00e-01,
16756,2.88e-01,3.00e-01,
16757,2.88e-01,3.00e-01,
16758,2.80e-01,7.00e-01,
16759,2.96e-01,7.00e-01,
16760,2.88e-01,3.00e-01,
16761,2.88e-01,3.00e-01,
16762,2.88e-01,7.00e-01,
16763,2.96e-01,7.00e-01,
16764,2.88e-01,3.00e-01,
16765,2.88e-01,3.00e-01,
16766,2.88e-01,7.00e-01,
16767,2.96e-01,7.00e-01,
16768,2.88e-01,3.00e-01,
16769,2.88e-01,7.00e-01,
16770,2.88e-01,7.00e-01,
16771,2.96e-01,7.00e-01,
16772,2.88e-01,3.00e-01,
16773,2.88e-01,7.00e-01,
16774,2.88e-01,7.00e-01,
16775,2.96e-01,7.00e-01,
16776,2.88e-01,3.00e-01,
16777,2.88e-01,3.00e-01,
16778,2.88e-01,7.00e-01,
16779,2.96e-01,7.00e-01,
16780,2.88e-01,3.00e-01,
16781,2.88e-01,7.00e-01,
16782,2.88e-01,7.00e-01,
16783,2.96e-01,7.00e-01,
16784,2.88e-01,3.00e-01,
16785,2.88e-01,7.00e-01,
16786,2.88e-01,7.00e-01,
16787,2.96e-01,3.00e-01,
16788,2.88e-01,3.00e-01,
16789,2.88e-01,7.00e-01,
16790,2.88e-01,7.00e-01,
16791,2.96e-01,7.00e-01,
16792,2.88e-01,3.00e-01,
16793,2.88e-01,7.00e-01,
16794,2.88e-01,7.00e-01,
16795,2.96e-01,7.00e-01,
16796,2.88e-01,3.00e-01,
16797,2.88e-01,7.00e-01,
16798,2.88e-01,7.00e-01,
16799,2.96e-01,7.00e-01,
16800,2.88e-01,3.00e-01,
16801,2.96e-01,7.00e-01,
16802,2.88e-01,7.00e-01,
16803,2.96e-01,7.00e-01,
16804,2.88e-01,3.00e-01,
16805,2.88e-01,7.00e-01,
16806,2.88e-01,7.00e-01,
16807,2.96e-01,7.00e-01,
16808,2.88e-01,3.00e-01,
16809,2.96e-01,7.00e-01,
16810,2.88e-01,7.00e-01,
16811,2.96e-01,7.00e-01,
16812,2.88e-01,3.00e-01,
16813,2.88e-01,7.00e-01,
16814,2.88e-01,7.00e-01,
16815,2.96e-01,7.00e-01,
16816,2.88e-01,3.00e-01,
16817,2.96e-01,3.00e-01,
16818,2.88e-01,7.00e-01,
16819,2.96e-01,7.00e-01,
16820,2.88e-01,3.00e-01,
16821,2.96e-01,7.00e-01,
16822,2.88e-01,7.00e-01,
16823,2.96e-01,7.00e-01,
16824,2.96e-01,3.00e-01,
16825,2.96e-01,3.00e-01,
16826,2.88e-01,7.00e-01,
16827,3.04e-01,7.00e-01,
16828,2.88e-01,3.00e-01,
16829,2.96e-01,7.00e-01,
16830,2.88e-01,7.00e-01,
16831,2.96e-01,7.00e-01,
16832,2.88e-01,3.00e-01,
16833,2.96e-01,7.00e-01,
16834,2.96e-01,7.00e-01,
16835,3.04e-01,7.00e-01,
16836,2.88e-01,3.00e-01,
16837,2.96e-01,3.00e-01,
16838,2.88e-01,7.00e-01,
16839,3.04e-01,3.00e-01,
16840,2.96e-01,3.00e-01,
16841,2.96e-01,7.00e-01,
16842,2.88e-01,7.00e-01,
16843,3.04e-01,7.00e-01,
16844,2.96e-01,3.00e-01,
16845,2.96e-01,3.00e-01,
16846,2.88e-01,7.00e-01,
16847,3.04e-01,7.00e-01,
16848,2.96e-01,-1.00e-01,
16849,2.96e-01,7.00e-01,
16850,2.96e-01,3.00e-01,
16851,3.04e-01,7.00e-01,
16852,2.96e-01,3.00e-01,
16853,2.96e-01,3.00e-01,
16854,2.88e-01,7.00e-01,
16855,3.04e-01,7.00e-01,
16856,2.96e-01,3.00e-01,
16857,2.96e-01,7.00e-01,
16858,2.96e-01,7.00e-01,
16859,3.04e-01,7.00e-01,
16860,2.96e-01,3.00e-01,
16861,2.96e-01,7.00e-01,
16862,2.96e-01,7.00e-01,
16863,3.04e-01,7.00e-01,
16864,2.96e-01,3.00e-01,
16865,2.96e-01,7.00e-01,
16866,2.96e-01,7.00e-01,
16867,3.04e-01,7.00e-01,
16868,2.96e-01,3.00e-01,
16869,2.96e-01,7.00e-01,
16870,2.96e-01,7.00e-01,
16871,3.04e-01,7.00e-01,
16872,2.96e-01,3.00e-01,
16873,2.96e-01,7.00e-01,
16874,2.96e-01,7.00e-01,
16875,3.04e-01,7.00e-01,
16876,2.96e-01,3.00e-01,
16877,2.96e-01,7.00e-01,
16878,2.96e-01,7.00e-01,
16879,3.04e-01,7.00e-01,
16880,2.96e-01,3.00e-01,
16881,2.96e-01,7.00e-01,
16882,2.96e-01,7.00e-01,
16883,3.04e-01,7.00e-01,
16884,2.96e-01,3.00e-01,
16885,2.96e-01,7.00e-01,
16886,2.96e-01,7.00e-01,
16887,3.04e-01,7.00e-01,
16888,2.96e-01,3.00e-01,
16889,3.04e-01,7.00e-01,
16890,2.96e-01,7.00e-01,
16891,3.04e-01,7.00e-01,
16892,2.96e-01,3.00e-01,
16893,2.96e-01,7.00e-01,
16894,2.96e-01,7.00e-01,
16895,3.04e-01,7.00e-01,
16896,2.96e-01,3.00e-01,
16897,3.04e-01,7.00e-01,
16898,2.96e-01,7.00e-01,
16899,3.04e-01,7.00e-01,
16900,2.96e-01,3.00e-01,
16901,2.96e-01,7.00e-01,
16902,2.96e-01,7.00e-01,
16903,3.04e-01,7.00e-01,
16904,2.96e-01,3.00e-01,
16905,3.04e-01,7.00e-01,
16906,2.96e-01,7.00e-01,
16907,3.04e-01,7.00e-01,
16908,2.96e-01,3.00e-01,
16909,3.04e-01,7.00e-01,
16910,2.96e-01,7.00e-01,
16911,3.04e-01,7.00e-01,
16912,2.96e-01,3.00e-01,
16913,3.04e-01,7.00e-01,
16914,2.96e-01,7.00e-01,
16915,3.04e-01,7.00e-01,
16916,2.96e-01,3.00e-01,
16917,3.04e-01,7.00e-01,
16918,2.96e-01,7.00e-01,
16919,3.04e-01,7.00e-01,
16920,3.04e-01,3.00e-01,
16921,3.04e-01,7.00e-01,
16922,2.96e-01,7.00e-01,
16923,3.12e-01,7.00e-01,
16924,3.04e-01,3.00e-01,
16925,3.04e-01,7.00e-01,
16926,2.96e-01,7.00e-01,
16927,3.12e-01,7.00e-01,
16928,2.96e-01,3.00e-01,
16929,3.04e-01,7.00e-01,
16930,2.96e-01,7.00e-01,
16931,3.12e-01,7.00e-01,
16932,3.04e-01,3.00e-01,
16933,3.04e-01,7.00e-01,
16934,3.04e-01,7.00e-01,
16935,3.12e-01,7.00e-01,
16936,3.04e-01,3.00e-01,
16937,3.04e-01,7.00e-01,
16938,2.96e-01,7.00e-01,
16939,3.12e-01,7.00e-01,
16940,3.04e-01,3.00e-01,
16941,3.04e-01,7.00e-01,
16942,3.04e-01,7.00e-01,
16943,3.12e-01,7.00e-01,
16944,3.04e-01,3.00e-01,
16945,3.04e-01,7.00e-01,
16946,3.04e-01,7.00e-01,
16947,3.12e-01,7.00e-01,
16948,3.04e-01,3.00e-01,
16949,3.04e-01,3.00e-01,
16950,3.04e-01,7.00e-01,
16951,3.12e-01,7.00e-01,
16952,3.04e-01,3.00e-01,
16953,3.04e-01,7.00e-01,
16954,2.96e-01,7.00e-01,
16955,3.12e-01,7.00e-01,
16956,3.04e-01,3.00e-01,
16957,3.04e-01,7.00e-01,
16958,3.04e-01,7.00e-01,
16959,3.12e-01,7.00e-01,
16960,3.04e-01,3.00e-01,
16961,3.04e-01,7.00e-01,
16962,3.04e-01,7.00e-01,
16963,3.12e-01,7.00e-01,
16964,3.04e-01,3.00e-01,
16965,3.04e-01,7.00e-01,
16966,3.04e-01,7.00e-01,
16967,3.12e-01,7.00e-01,
16968,3.04e-01,3.00e-01,
16969,3.04e-01,7.00e-01,
16970,3.04e-01,7.00e-01,
16971,3.12e-01,7.00e-01,
16972,3.04e-01,3.00e-01,
16973,3.04e-01,7.00e-01,
16974,3.04e-01,7.00e-01,
16975,3.12e-01,7.00e-01,
16976,3.04e-01,7.00e-01,
16977,3.04e-01,7.00e-01,
16978,3.04e-01,7.00e-01,
16979,3.12e-01,7.00e-01,
16980,3.04e-01,3.00e-01,
16981,3.04e-01,7.00e-01,
16982,3.04e-01,7.00e-01,
16983,3.12e-01,7.00e-01,
16984,3.04e-01,3.00e-01,
16985,3.12e-01,7.00e-01,
16986,3.04e-01,7.00e-01,
16987,3.12e-01,7.00e-01,
16988,3.04e-01,3.00e-01,
16989,3.04e-01,3.00e-01,
16990,3.04e-01,7.00e-01,
16991,3.12e-01,7.00e-01,
16992,3.12e-01,3.00e-01,
16993,3.12e-01,7.00e-01,
16994,3.04e-01,7.00e-01,
16995,3.12e-01,7.00e-01,
16996,3.04e-01,3.00e-01,
16997,3.04e-01,7.00e-01,
16998,3.04e-01,7.00e-01,
16999,3.12e-01,7.00e-01,
17000,3.04e-01,3.00e-01,
17001,3.12e-01,7.00e-01,
17002,3.04e-01,7.00e-01,
17003,3.12e-01,7.00e-01,
17004,3.04e-01,3.00e-01,
17005,3.12e-01,7.00e-01,
17006,3.04e-01,7.00e-01,
17007,3.12e-01,7.00e-01,
17008,3.04e-01,3.00e-01,
17009,3.12e-01,7.00e-01,
17010,3.04e-01,7.00e-01,
17011,3.12e-01,7.00e-01,
17012,3.04e-01,3.00e-01,
17013,3.12e-01,7.00e-01,
17014,3.04e-01,7.00e-01,
17015,3.12e-01,7.00e-01,
17016,3.04e-01,3.00e-01,
17017,3.12e-01,7.00e-01,
17018,3.04e-01,7.00e-01,
17019,3.20e-01,7.00e-01,
17020,3.12e-01,3.00e-01,
17021,3.12e-01,7.00e-01,
17022,3.04e-01,7.00e-01,
17023,3.12e-01,7.00e-01,
17024,3.12e-01,3.00e-01,
17025,3.12e-01,7.00e-01,
17026,3.04e-01,7.00e-01,
17027,3.20e-01,7.00e-01,
17028,3.12e-01,3.00e-01,
17029,3.12e-01,7.00e-01,
17030,3.04e-01,7.00e-01,
17031,3.20e-01,7.00e-01,
17032,3.12e-01,3.00e-01,
17033,3.12e-01,7.00e-01,
17034,3.04e-01,7.00e-01,
17035,3.20e-01,7.00e-01,
17036,3.12e-01,3.00e-01,
17037,3.12e-01,3.00e-01,
17038,3.04e-01,7.00e-01,
17039,3.20e-01,7.00e-01,
17040,3.12e-01,3.00e-01,
17041,3.12e-01,7.00e-01,
17042,3.12e-01,7.00e-01,
17043,3.20e-01,7.00e-01,
17044,3.04e-01,3.00e-01,
17045,3.12e-01,3.00e-01,
17046,3.04e-01,7.00e-01,
17047,3.20e-01,7.00e-01,
17048,3.12e-01,3.00e-01,
17049,3.04e-01,7.00e-01,
17050,3.12e-01,7.00e-01,
17051,3.20e-01,7.00e-01,
17052,3.12e-01,3.00e-01,
17053,3.12e-01,7.00e-01,
17054,3.12e-01,7.00e-01,
17055,3.20e-01,3.00e-01,
17056,3.12e-01,3.00e-01,
17057,3.12e-01,7.00e-01,
17058,3.12e-01,7.00e-01,
17059,3.20e-01,7.00e-01,
17060,3.12e-01,3.00e-01,
17061,3.12e-01,7.00e-01,
17062,3.12e-01,7.00e-01,
17063,3.20e-01,7.00e-01,
17064,3.12e-01,3.00e-01,
17065,3.12e-01,7.00e-01,
17066,3.12e-01,7.00e-01,
17067,3.20e-01,7.00e-01,
17068,3.12e-01,3.00e-01,
17069,3.12e-01,7.00e-01,
17070,3.12e-01,7.00e-01,
17071,3.20e-01,7.00e-01,
17072,3.12e-01,3.00e-01,
17073,3.12e-01,7.00e-01,
17074,3.12e-01,7.00e-01,
17075,3.20e-01,7.00e-01,
17076,3.12e-01,7.00e-01,
17077,3.12e-01,7.00e-01,
17078,3.12e-01,7.00e-01,
17079,3.20e-01,7.00e-01,
17080,3.12e-01,3.00e-01,
17081,3.12e-01,7.00e-01,
17082,3.12e-01,7.00e-01,
17083,3.20e-01,7.00e-01,
17084,3.12e-01,3.00e-01,
17085,3.12e-01,7.00e-01,
17086,3.12e-01,7.00e-01,
17087,3.20e-01,7.00e-01,
17088,3.12e-01,3.00e-01,
17089,3.12e-01,7.00e-01,
17090,3.12e-01,7.00e-01,
17091,3.20e-01,7.00e-01,
17092,3.12e-01,3.00e-01,
17093,3.12e-01,7.00e-01,
17094,3.12e-01,7.00e-01,
17095,3.20e-01,7.00e-01,
17096,3.12e-01,3.00e-01,
17097,3.20e-01,3.00e-01,
17098,3.12e-01,7.00e-01,
17099,3.20e-01,7.00e-01,
17100,3.12e-01,3.00e-01,
17101,3.12e-01,7.00e-01,
17102,3.12e-01,7.00e-01,
17103,3.20e-01,7.00e-01,
17104,3.12e-01,3.00e-01,
17105,3.20e-01,7.00e-01,
17106,3.12e-01,7.00e-01,
17107,3.20e-01,7.00e-01,
17108,3.12e-01,3.00e-01,
17109,3.20e-01,7.00e-01,
17110,3.12e-01,7.00e-01,
17111,3.20e-01,7.00e-01,
17112,3.12e-01,3.00e-01,
17113,3.20e-01,7.00e-01,
17114,3.12e-01,7.00e-01,
17115,3.20e-01,7.00e-01,
17116,3.12e-01,3.00e-01,
17117,3.20e-01,7.00e-01,
17118,3.12e-01,7.00e-01,
17119,3.20e-01,7.00e-01,
17120,3.20e-01,3.00e-01,
17121,3.20e-01,7.00e-01,
17122,3.12e-01,7.00e-01,
17123,3.20e-01,7.00e-01,
17124,3.12e-01,3.00e-01,
17125,3.20e-01,3.00e-01,
17126,3.12e-01,7.00e-01,
17127,3.28e-01,7.00e-01,
17128,3.12e-01,3.00e-01,
17129,3.20e-01,7.00e-01,
17130,3.12e-01,7.00e-01,
17131,3.28e-01,7.00e-01,
17132,3.12e-01,3.00e-01,
17133,3.20e-01,7.00e-01,
17134,3.12e-01,7.00e-01,
17135,3.28e-01,7.00e-01,
17136,3.20e-01,7.00e-01,
17137,3.20e-01,7.00e-01,
17138,3.12e-01,7.00e-01,
17139,3.28e-01,7.00e-01,
17140,3.20e-01,3.00e-01,
17141,3.20e-01,7.00e-01,
17142,3.12e-01,7.00e-01,
17143,3.28e-01,7.00e-01,
17144,3.20e-01,3.00e-01,
17145,3.20e-01,7.00e-01,
17146,3.12e-01,7.00e-01,
17147,3.28e-01,7.00e-01,
17148,3.20e-01,3.00e-01,
17149,3.20e-01,7.00e-01,
17150,3.20e-01,7.00e-01,
17151,3.28e-01,7.00e-01,
17152,3.20e-01,3.00e-01,
17153,3.20e-01,7.00e-01,
17154,3.20e-01,7.00e-01,
17155,3.28e-01,7.00e-01,
17156,3.20e-01,3.00e-01,
17157,3.20e-01,3.00e-01,
17158,3.20e-01,7.00e-01,
17159,3.28e-01,7.00e-01,
17160,3.20e-01,3.00e-01,
17161,3.20e-01,7.00e-01,
17162,3.20e-01,7.00e-01,
17163,3.28e-01,7.00e-01,
17164,3.20e-01,3.00e-01,
17165,3.20e-01,7.00e-01,
17166,3.20e-01,7.00e-01,
17167,3.28e-01,7.00e-01,
17168,3.20e-01,3.00e-01,
17169,3.20e-01,7.00e-01,
17170,3.20e-01,7.00e-01,
17171,3.28e-01,7.00e-01,
17172,3.20e-01,3.00e-01,
17173,3.20e-01,7.00e-01,
17174,3.20e-01,7.00e-01,
17175,3.28e-01,7.00e-01,
17176,3.20e-01,7.00e-01,
17177,3.20e-01,7.00e-01,
17178,3.20e-01,7.00e-01,
17179,3.28e-01,7.00e-01,
17180,3.20e-01,3.00e-01,
17181,3.20e-01,7.00e-01,
17182,3.20e-01,7.00e-01,
17183,3.28e-01,7.00e-01,
17184,3.20e-01,3.00e-01,
17185,3.20e-01,7.00e-01,
17186,3.20e-01,7.00e-01,
17187,3.28e-01,7.00e-01,
17188,3.20e-01,3.00e-01,
17189,3.20e-01,7.00e-01,
17190,3.20e-01,7.00e-01,
17191,3.28e-01,7.00e-01,
17192,3.20e-01,3.00e-01,
17193,3.20e-01,7.00e-01,
17194,3.20e-01,7.00e-01,
17195,3.28e-01,7.00e-01,
17196,3.20e-01,3.00e-01,
17197,3.28e-01,7.00e-01,
17198,3.20e-01,7.00e-01,
17199,3.28e-01,7.00e-01,
17200,3.20e-01,3.00e-01,
17201,3.28e-01,7.00e-01,
17202,3.20e-01,7.00e-01,
17203,3.28e-01,7.00e-01,
17204,3.20e-01,7.00e-01,
17205,3.28e-01,7.00e-01,
17206,3.20e-01,7.00e-01,
17207,3.36e-01,7.00e-01,
17208,3.20e-01,3.00e-01,
17209,3.28e-01,7.00e-01,
17210,3.20e-01,7.00e-01,
17211,3.28e-01,7.00e-01,
17212,3.20e-01,3.00e-01,
17213,3.28e-01,7.00e-01,
17214,3.20e-01,7.00e-01,
17215,3.36e-01,7.00e-01,
17216,3.20e-01,3.00e-01,
17217,3.28e-01,7.00e-01,
17218,3.20e-01,7.00e-01,
17219,3.28e-01,7.00e-01,
17220,3.20e-01,3.00e-01,
17221,3.28e-01,7.00e-01,
17222,3.20e-01,7.00e-01,
17223,3.28e-01,7.00e-01,
17224,3.20e-01,3.00e-01,
17225,3.28e-01,7.00e-01,
17226,3.20e-01,7.00e-01,
17227,3.36e-01,7.00e-01,
17228,3.20e-01,3.00e-01,
17229,3.28e-01,7.00e-01,
17230,3.20e-01,7.00e-01,
17231,3.36e-01,7.00e-01,
17232,3.28e-01,3.00e-01,
17233,3.28e-01,7.00e-01,
17234,3.20e-01,7.00e-01,
17235,3.36e-01,7.00e-01,
17236,3.28e-01,7.00e-01,
17237,3.28e-01,3.00e-01,
17238,3.20e-01,7.00e-01,
17239,3.36e-01,7.00e-01,
17240,3.28e-01,3.00e-01,
17241,3.28e-01,7.00e-01,
17242,3.20e-01,7.00e-01,
17243,3.36e-01,7.00e-01,
17244,3.28e-01,3.00e-01,
17245,3.28e-01,3.00e-01,
17246,3.20e-01,7.00e-01,
17247,3.28e-01,7.00e-01,
17248,3.28e-01,3.00e-01,
17249,3.20e-01,7.00e-01,
17250,3.28e-01,7.00e-01,
17251,3.36e-01,7.00e-01,
17252,3.28e-01,3.00e-01,
17253,3.28e-01,3.00e-01,
17254,3.20e-01,7.00e-01,
17255,3.36e-01,7.00e-01,
17256,3.28e-01,3.00e-01,
17257,3.28e-01,7.00e-01,
17258,3.28e-01,7.00e-01,
17259,3.36e-01,7.00e-01,
17260,3.28e-01,3.00e-01,
17261,3.28e-01,7.00e-01,
17262,3.28e-01,7.00e-01,
17263,3.36e-01,7.00e-01,
17264,3.28e-01,3.00e-01,
17265,3.28e-01,7.00e-01,
17266,3.20e-01,7.00e-01,
17267,3.36e-01,7.00e-01,
17268,3.28e-01,3.00e-01,
17269,3.28e-01,7.00e-01,
17270,3.28e-01,7.00e-01,
17271,3.36e-01,7.00e-01,
17272,3.28e-01,3.00e-01,
17273,3.28e-01,7.00e-01,
17274,3.28e-01,7.00e-01,
17275,3.36e-01,7.00e-01,
17276,3.28e-01,7.00e-01,
17277,3.28e-01,7.00e-01,
17278,3.28e-01,7.00e-01,
17279,3.36e-01,7.00e-01,
17280,3.28e-01,3.00e-01,
17281,3.28e-01,7.00e-01,
17282,3.28e-01,7.00e-01,
17283,3.36e-01,7.00e-01,
17284,3.28e-01,3.00e-01,
17285,3.28e-01,7.00e-01,
17286,3.28e-01,7.00e-01,
17287,3.36e-01,7.00e-01,
17288,3.28e-01,3.00e-01,
17289,3.28e-01,7.00e-01,
17290,3.28e-01,7.00e-01,
17291,3.36e-01,7.00e-01,
17292,3.28e-01,3.00e-01,
17293,3.36e-01,7.00e-01,
17294,3.28e-01,7.00e-01,
17295,3.36e-01,7.00e-01,
17296,3.28e-01,7.00e-01,
17297,3.36e-01,7.00e-01,
17298,3.28e-01,7.00e-01,
17299,3.36e-01,7.00e-01,
17300,3.28e-01,3.00e-01,
17301,3.28e-01,7.00e-01,
17302,3.28e-01,7.00e-01,
17303,3.36e-01,7.00e-01,
17304,3.28e-01,7.00e-01,
17305,3.28e-01,7.00e-01,
17306,3.28e-01,7.00e-01,
17307,3.36e-01,7.00e-01,
17308,3.28e-01,3.00e-01,
17309,3.36e-01,7.00e-01,
17310,3.28e-01,7.00e-01,
17311,3.36e-01,7.00e-01,
17312,3.36e-01,3.00e-01,
17313,3.36e-01,7.00e-01,
17314,3.28e-01,7.00e-01,
17315,3.36e-01,7.00e-01,
17316,3.36e-01,7.00e-01,
17317,3.36e-01,7.00e-01,
17318,3.28e-01,7.00e-01,
17319,3.44e-01,7.00e-01,
17320,3.28e-01,3.00e-01,
17321,3.36e-01,7.00e-01,
17322,3.28e-01,7.00e-01,
17323,3.44e-01,7.00e-01,
17324,3.28e-01,3.00e-01,
17325,3.36e-01,7.00e-01,
17326,3.28e-01,7.00e-01,
17327,3.44e-01,7.00e-01,
17328,3.28e-01,3.00e-01,
17329,3.36e-01,7.00e-01,
17330,3.28e-01,7.00e-01,
17331,3.44e-01,7.00e-01,
17332,3.28e-01,3.00e-01,
17333,3.36e-01,7.00e-01,
17334,3.28e-01,7.00e-01,
17335,3.36e-01,7.00e-01,
17336,3.28e-01,3.00e-01,
17337,3.20e-01,3.00e-01,
17338,3.04e-01,7.00e-01,
17339,2.96e-01,3.00e-01,
17340,2.72e-01,3.00e-01,
17341,2.64e-01,3.00e-01,
17342,2.56e-01,7.00e-01,
17343,2.64e-01,7.00e-01,
17344,2.72e-01,3.00e-01,
17345,2.88e-01,7.00e-01,
17346,2.96e-01,7.00e-01,
17347,3.12e-01,7.00e-01,
17348,3.04e-01,3.00e-01,
17349,3.12e-01,7.00e-01,
17350,3.12e-01,7.00e-01,
17351,3.28e-01,7.00e-01,
17352,3.12e-01,3.00e-01,
17353,3.20e-01,7.00e-01,
17354,3.12e-01,7.00e-01,
17355,3.28e-01,7.00e-01,
17356,3.12e-01,7.00e-01,
17357,3.20e-01,7.00e-01,
17358,3.20e-01,7.00e-01,
17359,3.28e-01,7.00e-01,
17360,3.20e-01,3.00e-01,
17361,3.20e-01,7.00e-01,
17362,3.20e-01,7.00e-01,
17363,3.28e-01,7.00e-01,
17364,3.20e-01,3.00e-01,
17365,3.20e-01,7.00e-01,
17366,3.20e-01,7.00e-01,
17367,3.28e-01,7.00e-01,
17368,3.20e-01,7.00e-01,
17369,3.28e-01,7.00e-01,
17370,3.20e-01,7.00e-01,
17371,3.36e-01,7.00e-01,
17372,3.28e-01,7.00e-01,
17373,3.28e-01,7.00e-01,
17374,3.20e-01,7.00e-01,
17375,3.36e-01,7.00e-01,
17376,3.20e-01,3.00e-01,
17377,3.28e-01,7.00e-01,
17378,3.20e-01,7.00e-01,
17379,3.36e-01,7.00e-01,
17380,3.28e-01,3.00e-01,
17381,3.28e-01,7.00e-01,
17382,3.28e-01,7.00e-01,
17383,3.36e-01,7.00e-01,
17384,3.28e-01,7.00e-01,
17385,3.28e-01,7.00e-01,
17386,3.28e-01,7.00e-01,
17387,3.36e-01,7.00e-01,
17388,3.20e-01,7.00e-01,
17389,3.28e-01,7.00e-01,
17390,3.28e-01,7.00e-01,
17391,3.36e-01,7.00e-01,
17392,3.28e-01,3.00e-01,
17393,3.28e-01,7.00e-01,
17394,3.28e-01,7.00e-01,
17395,3.36e-01,7.00e-01,
17396,3.28e-01,3.00e-01,
17397,3.28e-01,7.00e-01,
17398,3.28e-01,7.00e-01,
17399,3.36e-01,7.00e-01,
17400,3.28e-01,3.00e-01,
17401,3.36e-01,7.00e-01,
17402,3.28e-01,7.00e-01,
17403,3.36e-01,7.00e-01,
17404,3.28e-01,3.00e-01,
17405,3.36e-01,7.00e-01,
17406,3.28e-01,1.10e+00,
17407,3.44e-01,7.00e-01,
17408,3.28e-01,3.00e-01,
17409,3.36e-01,7.00e-01,
17410,3.28e-01,7.00e-01,
17411,3.36e-01,7.00e-01,
17412,3.28e-01,3.00e-01,
17413,3.36e-01,7.00e-01,
17414,3.28e-01,7.00e-01,
17415,3.44e-01,7.00e-01,
17416,3.36e-01,7.00e-01,
17417,3.36e-01,7.00e-01,
17418,3.28e-01,7.00e-01,
17419,3.36e-01,7.00e-01,
17420,3.36e-01,3.00e-01,
17421,3.36e-01,7.00e-01,
17422,3.28e-01,7.00e-01,
17423,3.44e-01,7.00e-01,
17424,3.36e-01,7.00e-01,
17425,3.36e-01,7.00e-01,
17426,3.28e-01,7.00e-01,
17427,3.44e-01,7.00e-01,
17428,3.36e-01,7.00e-01,
17429,3.36e-01,7.00e-01,
17430,3.36e-01,7.00e-01,
17431,3.44e-01,7.00e-01,
17432,3.36e-01,7.00e-01,
17433,3.36e-01,7.00e-01,
17434,3.36e-01,7.00e-01,
17435,3.44e-01,7.00e-01,
17436,3.36e-01,7.00e-01,
17437,3.36e-01,7.00e-01,
17438,3.28e-01,1.10e+00,
17439,3.44e-01,1.10e+00,
17440,3.28e-01,7.00e-01,
17441,3.28e-01,1.10e+00,
17442,3.28e-01,1.10e+00,
17443,3.36e-01,1.50e+00,
17444,3.28e-01,1.10e+00,
17445,3.36e-01,1.10e+00,
17446,3.28e-01,1.90e+00,
17447,3.36e-01,1.90e+00,
17448,3.36e-01,1.50e+00,
17449,3.28e-01,2.30e+00,
17450,3.36e-01,1.90e+00,
17451,3.36e-01,2.30e+00,
17452,3.28e-01,2.30e+00,
17453,3.36e-01,2.30e+00,
17454,3.28e-01,2.70e+00,
17455,3.44e-01,2.30e+00,
17456,3.28e-01,2.70e+00,
17457,3.36e-01,2.70e+00,
17458,3.28e-01,3.10e+00,
17459,3.36e-01,3.10e+00,
17460,3.36e-01,3.10e+00,
17461,3.36e-01,3.10e+00,
17462,3.28e-01,3.50e+00,
17463,3.36e-01,3.50e+00,
17464,3.28e-01,3.50e+00,
17465,3.36e-01,3.50e+00,
17466,3.28e-01,4.70e+00,
17467,3.44e-01,3.90e+00,
17468,3.28e-01,3.90e+00,
17469,3.36e-01,4.70e+00,
17470,3.28e-01,5.10e+00,
17471,3.44e-01,5.10e+00,
17472,3.36e-01,4.70e+00,
17473,3.36e-01,5.10e+00,
17474,3.28e-01,5.50e+00,
17475,3.36e-01,5.50e+00,
17476,3.28e-01,5.50e+00,
17477,3.36e-01,5.90e+00,
17478,3.28e-01,5.90e+00,
17479,3.36e-01,6.30e+00,
17480,3.28e-01,6.30e+00,
17481,3.36e-01,6.70e+00,
17482,3.28e-01,6.70e+00,
17483,3.36e-01,7.10e+00,
17484,3.28e-01,7.10e+00,
17485,3.28e-01,7.50e+00,
17486,3.20e-01,7.90e+00,
17487,3.28e-01,8.30e+00,
17488,3.20e-01,8.70e+00,
17489,3.20e-01,9.50e+00,
17490,3.12e-01,1.07e+01,
17491,3.20e-01,1.15e+01,
17492,3.04e-01,1.23e+01,
17493,3.04e-01,1.31e+01,
17494,2.96e-01,1.47e+01,
17495,2.96e-01,1.59e+01,
17496,2.80e-01,1.79e+01,
17497,2.72e-01,1.99e+01,
17498,2.56e-01,2.27e+01,
17499,2.48e-01,2.51e+01,
17500,2.24e-01,2.79e+01,
17501,2.00e-01,3.11e+01,
17502,1.76e-01,3.47e+01,
17503,1.60e-01,3.71e+01,
17504,1.04e-01,3.87e+01,
17505,-5.60e-02,3.95e+01,
17506,-3.92e-01,3.99e+01,
17507,-6.32e-01,4.07e+01,
17508,-7.52e-01,4.07e+01,
17509,-8.24e-01,3.99e+01,
17510,-8.40e-01,3.95e+01,
17511,-8.32e-01,3.95e+01,
17512,-7.76e-01,3.95e+01,
17513,-7.04e-01,3.91e+01,
17514,-6.16e-01,3.91e+01,
17515,-5.20e-01,3.87e+01,
17516,-4.08e-01,3.91e+01,
17517,-2.96e-01,3.91e+01,
17518,-1.92e-01,3.91e+01,
17519,-1.04e-01,3.95e+01,
17520,-2.40e-02,3.99e+01,
17521,2.40e-02,4.11e+01,
17522,5.60e-02,4.19e+01,
17523,4.80e-02,4.23e+01,
17524,8.00e-03,4.31e+01,
17525,-3.20e-02,4.35e+01,
17526,-7.20e-02,4.43e+01,
17527,-1.04e-01,4.43e+01,
17528,-1.04e-01,4.47e+01,
17529,-8.80e-02,4.47e+01,
17530,-5.60e-02,4.51e+01,
17531,-1.60e-02,4.51e+01,
17532,8.00e-03,4.59e+01,
17533,2.40e-02,4.67e+01,
17534,1.60e-02,4.71e+01,
17535,0.00e+00,4.79e+01,
17536,-3.20e-02,4.83e+01,
17537,-6.40e-02,4.83e+01,
17538,-8.00e-02,4.83e+01,
17539,-8.80e-02,4.83e+01,
17540,-7.20e-02,4.87e+01,
17541,-4.80e-02,4.87e+01,
17542,-2.40e-02,4.87e+01,
17543,0.00e+00,4.91e+01,
17544,8.00e-03,4.95e+01,
17545,0.00e+00,4.95e+01,
17546,-1.60e-02,4.95e+01,
17547,-4.00e-02,4.95e+01,
17548,-6.40e-02,4.99e+01,
17549,-7.20e-02,4.95e+01,
17550,-7.20e-02,4.95e+01,
17551,-6.40e-02,4.91e+01,
17552,-4.80e-02,4.91e+01,
17553,-2.40e-02,4.87e+01,
17554,-8.00e-03,4.87e+01,
17555,0.00e+00,4.87e+01,
17556,-1.60e-02,4.87e+01,
17557,-2.40e-02,4.83e+01,
17558,-4.00e-02,4.83e+01,
17559,-4.80e-02,4.79e+01,
17560,-6.40e-02,4.75e+01,
17561,-5.60e-02,4.71e+01,
17562,-4.80e-02,4.67e+01,
17563,-3.20e-02,4.59e+01,
17564,-2.40e-02,4.59e+01,
17565,-1.60e-02,4.51e+01,
17566,-1.60e-02,4.47e+01,
17567,-1.60e-02,4.39e+01,
17568,-4.00e-02,3.95e+01,
17569,-1.36e-01,3.51e+01,
17570,-6.40e-01,3.15e+01,
17571,-1.06e+00,2.79e+01,
17572,-6.72e-01,2.31e+01,
17573,7.20e-02,1.83e+01,
17574,2.24e-01,1.51e+01,
17575,-8.00e-02,1.35e+01,
17576,-1.76e-01,1.19e+01,
17577,5.60e-02,9.90e+00,
17578,1.60e-01,9.10e+00,
17579,1.28e-01,8.30e+00,
17580,1.60e-01,7.50e+00,
17581,2.40e-01,7.50e+00,
17582,2.40e-01,7.50e+00,
17583,2.40e-01,7.10e+00,
17584,2.48e-01,7.50e+00,
17585,2.72e-01,7.90e+00,
17586,2.72e-01,8.70e+00,
17587,2.72e-01,9.10e+00,
17588,2.64e-01,1.07e+01,
17589,2.64e-01,1.15e+01,
17590,2.56e-01,1.35e+01,
17591,2.40e-01,1.51e+01,
17592,2.00e-01,1.79e+01,
17593,1.84e-01,2.03e+01,
17594,1.44e-01,2.35e+01,
17595,1.12e-01,2.67e+01,
17596,6.40e-02,3.07e+01,
17597,8.00e-03,3.39e+01,
17598,-3.20e-02,3.75e+01,
17599,-8.00e-02,4.07e+01,
17600,-1.20e-01,4.35e+01,
17601,-1.60e-01,4.55e+01,
17602,-1.92e-01,4.71e+01,
17603,-2.24e-01,4.75e+01,
17604,-2.72e-01,4.71e+01,
17605,-3.84e-01,4.55e+01,
17606,-3.92e-01,4.43e+01,
17607,-2.96e-01,4.35e+01,
17608,-1.20e-01,4.27e+01,
17609,5.60e-02,4.23e+01,
17610,1.84e-01,4.27e+01,
17611,2.56e-01,4.07e+01,
17612,2.00e-01,3.67e+01,
17613,-2.16e-01,3.99e+01,
17614,-1.06e+00,3.67e+01,
17615,1.92e-01,3.11e+01,
17616,4.64e-01,3.15e+01,
17617,-4.48e-01,3.03e+01,
17618,-1.68e-01,2.67e+01,
17619,2.56e-01,2.59e+01,
17620,-8.80e-02,2.51e+01,
17621,-7.20e-02,2.31e+01,
17622,1.04e-01,2.31e+01,
17623,6.40e-02,2.19e+01,
17624,5.60e-02,2.11e+01,
17625,1.04e-01,2.11e+01,
17626,6.40e-02,2.07e+01,
17627,1.12e-01,2.07e+01,
17628,1.20e-01,2.11e+01,
17629,8.00e-02,2.11e+01,
17630,1.12e-01,2.19e+01,
17631,9.60e-02,2.27e+01,
17632,9.60e-02,2.31e+01,
17633,8.80e-02,2.43e+01,
17634,6.40e-02,2.51e+01,
17635,7.20e-02,2.59e+01,
17636,5.60e-02,2.67e+01,
17637,4.80e-02,2.79e+01,
17638,1.60e-02,2.95e+01,
17639,1.60e-02,3.03e+01,
17640,0.00e+00,3.15e+01,
17641,-2.40e-02,3.23e+01,
17642,-3.20e-02,3.31e+01,
17643,-3.20e-02,3.39e+01,
17644,-5.60e-02,3.47e+01,
17645,-6.40e-02,3.51e+01,
17646,-6.40e-02,3.55e+01,
17647,-7.20e-02,3.55e+01,
17648,-7.20e-02,3.55e+01,
17649,-8.00e-02,3.51e+01,
17650,-7.20e-02,3.51e+01,
17651,-7.20e-02,3.39e+01,
17652,-7.20e-02,3.35e+01,
17653,-6.40e-02,3.31e+01,
17654,-5.60e-02,3.23e+01,
17655,-5.60e-02,3.19e+01,
17656,-4.80e-02,3.11e+01,
17657,-3.20e-02,3.07e+01,
17658,-3.20e-02,2.99e+01,
17659,-2.40e-02,2.91e+01,
17660,-1.60e-02,2.87e+01,
17661,-8.00e-03,2.79e+01,
17662,-8.00e-03,2.75e+01,
17663,8.00e-03,2.71e+01,
17664,8.00e-03,2.67e+01,
17665,1.60e-02,2.67e+01,
17666,1.60e-02,2.67e+01,
17667,2.40e-02,2.63e+01,
17668,2.40e-02,2.63e+01,
17669,2.40e-02,2.63e+01,
17670,2.40e-02,2.67e+01,
17671,4.00e-02,2.67e+01,
17672,1.60e-02,2.67e+01,
17673,2.40e-02,2.71e+01,
17674,2.40e-02,2.75e+01,
17675,1.60e-02,2.79e+01,
17676,8.00e-03,2.87e+01,
17677,8.00e-03,2.87e+01,
17678,0.00e+00,2.91e+01,
17679,0.00e+00,2.95e+01,
17680,-8.00e-03,2.99e+01,
17681,-8.00e-03,3.03e+01,
17682,-1.60e-02,3.07e+01,
17683,-1.60e-02,3.07e+01,
17684,-1.60e-02,3.11e+01,
17685,-2.40e-02,3.11e+01,
17686,-2.40e-02,3.15e+01,
17687,-2.40e-02,3.11e+01,
17688,-3.20e-02,3.15e+01,
17689,-3.20e-02,3.15e+01,
17690,-3.20e-02,3.15e+01,
17691,-2.40e-02,3.11e+01,
17692,-3.20e-02,3.11e+01,
17693,-2.40e-02,3.07e+01,
17694,-2.40e-02,3.07e+01,
17695,-2.40e-02,3.03e+01,
17696,-2.40e-02,3.03e+01,
17697,-2.40e-02,2.99e+01,
17698,-1.60e-02,2.99e+01,
17699,-1.60e-02,2.95e+01,
17700,-1.60e-02,2.95e+01,
17701,-8.00e-03,2.95e+01,
17702,-8.00e-03,2.91e+01,
17703,0.00e+00,2.91e+01,
17704,0.00e+00,2.87e+01,
17705,0.00e+00,2.87e+01,
17706,0.00e+00,2.87e+01,
17707,8.00e-03,2.87e+01,
17708,0.00e+00,2.87e+01,
17709,0.00e+00,2.87e+01,
17710,0.00e+00,2.87e+01,
17711,8.00e-03,2.87e+01,
17712,0.00e+00,2.87e+01,
17713,0.00e+00,2.87e+01,
17714,0.00e+00,2.91e+01,
17715,8.00e-03,2.91e+01,
17716,0.00e+00,2.91e+01,
17717,0.00e+00,2.91e+01,
17718,0.00e+00,2.91e+01,
17719,0.00e+00,2.95e+01,
17720,-8.00e-03,2.95e+01,
17721,-8.00e-03,2.95e+01,
17722,-8.00e-03,2.99e+01,
17723,-8.00e-03,2.99e+01,
17724,-1.60e-02,2.99e+01,
17725,-8.00e-03,2.99e+01,
17726,-8.00e-03,2.99e+01,
17727,-1.60e-02,2.99e+01,
17728,-1.60e-02,2.99e+01,
17729,-1.60e-02,2.99e+01,
17730,-1.60e-02,3.03e+01,
17731,-8.00e-03,2.99e+01,
17732,-1.60e-02,2.99e+01,
17733,-1.60e-02,2.99e+01,
17734,-1.60e-02,2.99e+01,
17735,-1.60e-02,2.99e+01,
17736,-1.60e-02,2.99e+01,
17737,-8.00e-03,2.99e+01,
17738,-8.00e-03,2.95e+01,
17739,-8.00e-03,2.95e+01,
17740,-8.00e-03,2.95e+01,
17741,-8.00e-03,2.95e+01,
17742,-8.00e-03,2.95e+01,
17743,-8.00e-03,2.95e+01,
17744,-8.00e-03,2.95e+01,
17745,-8.00e-03,2.91e+01,
17746,-8.00e-03,2.91e+01,
17747,0.00e+00,2.91e+01,
17748,-8.00e-03,2.91e+01,
17749,0.00e+00,2.91e+01,
17750,0.00e+00,2.91e+01,
17751,0.00e+00,2.91e+01,
17752,0.00e+00,2.91e+01,
17753,0.00e+00,2.91e+01,
17754,0.00e+00,2.91e+01,
17755,0.00e+00,2.91e+01,
17756,-8.00e-03,2.95e+01,
17757,0.00e+00,2.91e+01,
17758,-8.00e-03,2.95e+01,
17759,0.00e+00,2.95e+01,
17760,0.00e+00,2.95e+01,
17761,-8.00e-03,2.95e+01,
17762,-8.00e-03,2.95e+01,
17763,0.00e+00,2.95e+01,
17764,-8.00e-03,2.95e+01,
17765,-8.00e-03,2.95e+01,
17766,-8.00e-03,2.95e+01,
17767,-8.00e-03,2.95e+01,
17768,-8.00e-03,2.95e+01,
17769,-8.00e-03,2.95e+01,
17770,-8.00e-03,2.95e+01,
17771,-8.00e-03,2.95e+01,
17772,-8.00e-03,2.95e+01,
17773,-8.00e-03,2.95e+01,
17774,-8.00e-03,2.95e+01,
17775,-8.00e-03,2.95e+01,
17776,-8.00e-03,2.95e+01,
17777,-8.00e-03,2.95e+01,
17778,-8.00e-03,2.95e+01,
17779,0.00e+00,2.95e+01,
17780,-8.00e-03,2.95e+01,
17781,-8.00e-03,2.95e+01,
17782,-8.00e-03,2.95e+01,
17783,0.00e+00,2.95e+01,
17784,-8.00e-03,2.95e+01,
17785,-8.00e-03,2.91e+01,
17786,-8.00e-03,2.95e+01,
17787,0.00e+00,2.95e+01,
17788,-8.00e-03,2.95e+01,
17789,-8.00e-03,2.91e+01,
17790,-8.00e-03,2.95e+01,
17791,0.00e+00,2.95e+01,
17792,-8.00e-03,2.91e+01,
17793,-8.00e-03,2.95e+01,
17794,-8.00e-03,2.95e+01,
17795,0.00e+00,2.91e+01,
17796,-8.00e-03,2.91e+01,
17797,-8.00e-03,2.91e+01,
17798,-8.00e-03,2.95e+01,
17799,0.00e+00,2.95e+01,
17800,-8.00e-03,2.95e+01,
17801,-8.00e-03,2.91e+01,
17802,-8.00e-03,2.95e+01,
17803,-8.00e-03,2.95e+01,
17804,-8.00e-03,2.95e+01,
17805,-8.00e-03,2.95e+01,
17806,-8.00e-03,2.95e+01,
17807,-8.00e-03,2.95e+01,
17808,-8.00e-03,2.95e+01,
17809,-8.00e-03,2.95e+01,
17810,-8.00e-03,2.95e+01,
17811,-8.00e-03,2.95e+01,
17812,-8.00e-03,2.95e+01,
17813,-8.00e-03,2.95e+01,
17814,-8.00e-03,2.95e+01,
17815,-8.00e-03,2.95e+01,
17816,-8.00e-03,2.95e+01,
17817,-8.00e-03,2.95e+01,
17818,-8.00e-03,2.95e+01,
17819,-8.00e-03,2.95e+01,
17820,-8.00e-03,2.95e+01,
17821,-8.00e-03,2.95e+01,
17822,-8.00e-03,2.95e+01,
17823,-8.00e-03,2.91e+01,
17824,-8.00e-03,2.95e+01,
17825,-8.00e-03,2.91e+01,
17826,-8.00e-03,2.95e+01,
17827,-8.00e-03,2.95e+01,
17828,-8.00e-03,2.91e+01,
17829,-8.00e-03,2.91e+01,
17830,-8.00e-03,2.91e+01,
17831,-8.00e-03,2.95e+01,
17832,-8.00e-03,2.95e+01,
17833,-8.00e-03,2.91e+01,
17834,-8.00e-03,2.95e+01,
17835,0.00e+00,2.95e+01,
17836,-8.00e-03,2.95e+01,
17837,-8.00e-03,2.91e+01,
17838,-8.00e-03,2.95e+01,
17839,0.00e+00,2.95e+01,
17840,-8.00e-03,2.95e+01,
17841,-8.00e-03,2.95e+01,
17842,-8.00e-03,2.95e+01,
17843,-8.00e-03,2.95e+01,
17844,-8.00e-03,2.91e+01,
17845,-8.00e-03,2.91e+01,
17846,-8.00e-03,2.95e+01,
17847,-8.00e-03,2.95e+01,
17848,-8.00e-03,2.95e+01,
17849,-8.00e-03,2.91e+01,
17850,-8.00e-03,2.95e+01,
17851,0.00e+00,2.95e+01,
17852,-8.00e-03,2.91e+01,
17853,-8.00e-03,2.95e+01,
17854,-8.00e-03,2.95e+01,
17855,-8.00e-03,2.91e+01,
17856,-8.00e-03,2.95e+01,
17857,-8.00e-03,2.95e+01,
17858,-8.00e-03,2.95e+01,
17859,0.00e+00,2.95e+01,
17860,-8.00e-03,2.95e+01,
17861,-8.00e-03,2.91e+01,
17862,-8.00e-03,2.95e+01,
17863,0.00e+00,2.95e+01,
17864,-8.00e-03,2.91e+01,
17865,-8.00e-03,2.91e+01,
17866,-8.00e-03,2.95e+01,
17867,-8.00e-03,2.95e+01,
17868,-8.00e-03,2.91e+01,
17869,-8.00e-03,2.91e+01,
17870,-8.00e-03,2.95e+01,
17871,0.00e+00,2.91e+01,
17872,-8.00e-03,2.91e+01,
17873,-8.00e-03,2.91e+01,
17874,-8.00e-03,2.95e+01,
17875,0.00e+00,2.95e+01,
17876,-8.00e-03,2.91e+01,
17877,-8.00e-03,2.91e+01,
17878,-8.00e-03,2.95e+01,
17879,0.00e+00,2.91e+01,
17880,-8.00e-03,2.91e+01,
17881,-8.00e-03,2.95e+01,
17882,-8.00e-03,2.95e+01,
17883,0.00e+00,2.95e+01,
17884,-8.00e-03,2.91e+01,
17885,-8.00e-03,2.91e+01,
17886,-8.00e-03,2.91e+01,
17887,0.00e+00,2.91e+01,
17888,-8.00e-03,2.95e+01,
17889,-8.00e-03,2.95e+01,
17890,-8.00e-03,2.95e+01,
17891,0.00e+00,2.91e+01,
17892,-8.00e-03,2.91e+01,
17893,-8.00e-03,2.91e+01,
17894,-8.00e-03,2.95e+01,
17895,-8.00e-03,2.91e+01,
17896,-8.00e-03,2.91e+01,
17897,0.00e+00,2.91e+01,
17898,-8.00e-03,2.95e+01,
17899,0.00e+00,2.91e+01,
17900,-8.00e-03,2.91e+01,
17901,-8.00e-03,2.91e+01,
17902,-8.00e-03,2.95e+01,
17903,0.00e+00,2.91e+01,
17904,-8.00e-03,2.91e+01,
17905,-8.00e-03,2.91e+01,
17906,-8.00e-03,2.91e+01,
17907,0.00e+00,2.95e+01,
17908,-8.00e-03,2.95e+01,
17909,-8.00e-03,2.91e+01,
17910,-8.00e-03,2.95e+01,
17911,0.00e+00,2.91e+01,
17912,-8.00e-03,2.91e+01,
17913,-8.00e-03,2.91e+01,
17914,-8.00e-03,2.95e+01,
17915,0.00e+00,2.91e+01,
17916,-8.00e-03,2.91e+01,
17917,-8.00e-03,2.91e+01,
17918,-8.00e-03,2.91e+01,
17919,-8.00e-03,2.91e+01,
17920,-8.00e-03,2.91e+01,
17921,-8.00e-03,2.95e+01,
17922,-8.00e-03,2.95e+01,
17923,-8.00e-03,2.95e+01,
17924,-8.00e-03,2.91e+01,
17925,-8.00e-03,2.91e+01,
17926,-8.00e-03,2.91e+01,
17927,-8.00e-03,2.91e+01,
17928,-8.00e-03,2.91e+01,
17929,-8.00e-03,2.91e+01,
17930,-8.00e-03,2.95e+01,
17931,0.00e+00,2.91e+01,
17932,-8.00e-03,2.91e+01,
17933,-8.00e-03,2.91e+01,
17934,-8.00e-03,2.95e+01,
17935,0.00e+00,2.91e+01,
17936,-8.00e-03,2.91e+01,
17937,-8.00e-03,2.91e+01,
17938,-8.00e-03,2.91e+01,
17939,0.00e+00,2.91e+01,
17940,-8.00e-03,2.91e+01,
17941,-8.00e-03,2.91e+01,
17942,-8.00e-03,2.91e+01,
17943,-8.00e-03,2.91e+01,
17944,-8.00e-03,2.91e+01,
17945,-8.00e-03,2.91e+01,
17946,-8.00e-03,2.95e+01,
17947,0.00e+00,2.95e+01,
17948,-8.00e-03,2.91e+01,
17949,-8.00e-03,2.91e+01,
17950,-8.00e-03,2.91e+01,
17951,-8.00e-03,2.91e+01,
17952,-8.00e-03,2.91e+01,
17953,-8.00e-03,2.91e+01,
17954,-8.00e-03,2.91e+01,
17955,-8.00e-03,2.91e+01,
17956,-8.00e-03,2.91e+01,
17957,-8.00e-03,2.91e+01,
17958,-8.00e-03,2.91e+01,
17959,-8.00e-03,2.91e+01,
17960,-8.00e-03,2.91e+01,
17961,-8.00e-03,2.91e+01,
17962,-8.00e-03,2.95e+01,
17963,-8.00e-03,2.91e+01,
17964,-8.00e-03,2.91e+01,
17965,-8.00e-03,2.91e+01,
17966,-8.00e-03,2.95e+01,
17967,-8.00e-03,2.95e+01,
17968,-8.00e-03,2.91e+01,
17969,-8.00e-03,2.95e+01,
17970,-8.00e-03,2.91e+01,
17971,-8.00e-03,2.91e+01,
17972,-8.00e-03,2.91e+01,
17973,-8.00e-03,2.91e+01,
17974,-8.00e-03,2.91e+01,
17975,-8.00e-03,2.91e+01,
17976,-8.00e-03,2.91e+01,
17977,-8.00e-03,2.91e+01,
17978,-8.00e-03,2.91e+01,
17979,-8.00e-03,2.91e+01,
17980,-8.00e-03,2.91e+01,
17981,-8.00e-03,2.91e+01,
17982,-8.00e-03,2.91e+01,
17983,0.00e+00,2.91e+01,
17984,-8.00e-03,2.91e+01,
17985,-8.00e-03,2.91e+01,
17986,-8.00e-03,2.95e+01,
17987,-8.00e-03,2.91e+01,
17988,-8.00e-03,2.91e+01,
17989,-8.00e-03,2.91e+01,
17990,-8.00e-03,2.95e+01,
17991,-8.00e-03,2.91e+01,
17992,-8.00e-03,2.91e+01,
17993,-8.00e-03,2.95e+01,
17994,-8.00e-03,2.95e+01,
17995,0.00e+00,2.91e+01,
17996,-8.00e-03,2.91e+01,
17997,-8.00e-03,2.91e+01,
17998,-8.00e-03,2.95e+01,
17999,-8.00e-03,2.91e+01,
18000,-8.00e-03,2.91e+01,
18001,-8.00e-03,2.91e+01,
18002,-8.00e-03,2.91e+01,
18003,-8.00e-03,2.91e+01,
18004,-8.00e-03,2.91e+01,
18005,-8.00e-03,2.91e+01,
18006,-8.00e-03,2.91e+01,
18007,-8.00e-03,2.91e+01,
18008,-8.00e-03,2.91e+01,
18009,-8.00e-03,2.91e+01,
18010,-8.00e-03,2.95e+01,
18011,-8.00e-03,2.95e+01,
18012,-8.00e-03,2.91e+01,
18013,-8.00e-03,2.91e+01,
18014,-8.00e-03,2.91e+01,
18015,0.00e+00,2.91e+01,
18016,-8.00e-03,2.91e+01,
18017,-8.00e-03,2.91e+01,
18018,-8.00e-03,2.91e+01,
18019,0.00e+00,2.91e+01,
18020,-8.00e-03,2.91e+01,
18021,-8.00e-03,2.91e+01,
18022,-8.00e-03,2.91e+01,
18023,-8.00e-03,2.91e+01,
18024,-8.00e-03,2.91e+01,
18025,-8.00e-03,2.91e+01,
18026,-8.00e-03,2.91e+01,
18027,0.00e+00,2.91e+01,
18028,-8.00e-03,2.91e+01,
18029,-8.00e-03,2.91e+01,
18030,-8.00e-03,2.95e+01,
18031,-8.00e-03,2.91e+01,
18032,-8.00e-03,2.91e+01,
18033,-8.00e-03,2.91e+01,
18034,-8.00e-03,2.91e+01,
18035,0.00e+00,2.95e+01,
18036,-8.00e-03,2.91e+01,
18037,-8.00e-03,2.91e+01,
18038,-8.00e-03,2.91e+01,
18039,0.00e+00,2.91e+01,
18040,-8.00e-03,2.91e+01,
18041,-8.00e-03,2.91e+01,
18042,-8.00e-03,2.95e+01,
18043,0.00e+00,2.91e+01,
18044,-8.00e-03,2.91e+01,
18045,-8.00e-03,2.91e+01,
18046,-8.00e-03,2.91e+01,
18047,0.00e+00,2.91e+01,
18048,-8.00e-03,2.91e+01,
18049,-8.00e-03,2.91e+01,
18050,-8.00e-03,2.95e+01,
18051,0.00e+00,2.91e+01,
18052,-8.00e-03,2.91e+01,
18053,-8.00e-03,2.91e+01,
18054,-8.00e-03,2.95e+01,
18055,-8.00e-03,2.91e+01,
18056,-8.00e-03,2.91e+01,
18057,-8.00e-03,2.95e+01,
18058,-8.00e-03,2.95e+01,
18059,0.00e+00,2.91e+01,
18060,-8.00e-03,2.91e+01,
18061,-8.00e-03,2.91e+01,
18062,-8.00e-03,2.91e+01,
18063,-8.00e-03,2.91e+01,
18064,-8.00e-03,2.91e+01,
18065,-8.00e-03,2.91e+01,
18066,-8.00e-03,2.95e+01,
18067,0.00e+00,2.91e+01,
18068,-8.00e-03,2.91e+01,
18069,-8.00e-03,2.91e+01,
18070,-8.00e-03,2.95e+01,
18071,0.00e+00,2.95e+01,
18072,-8.00e-03,2.91e+01,
18073,-8.00e-03,2.91e+01,
18074,-8.00e-03,2.91e+01,
18075,0.00e+00,2.91e+01,
18076,-8.00e-03,2.91e+01,
18077,-8.00e-03,2.91e+01,
18078,-8.00e-03,2.91e+01,
18079,-8.00e-03,2.91e+01,
18080,-8.00e-03,2.91e+01,
18081,-8.00e-03,2.91e+01,
18082,-8.00e-03,2.91e+01,
18083,0.00e+00,2.95e+01,
18084,-8.00e-03,2.91e+01,
18085,-8.00e-03,2.91e+01,
18086,-8.00e-03,2.95e+01,
18087,-8.00e-03,2.91e+01,
18088,-8.00e-03,2.91e+01,
18089,-8.00e-03,2.91e+01,
18090,-8.00e-03,2.91e+01,
18091,-8.00e-03,2.91e+01,
18092,-8.00e-03,2.91e+01,
18093,-8.00e-03,2.91e+01,
18094,-8.00e-03,2.91e+01,
18095,-8.00e-03,2.91e+01,
18096,-8.00e-03,2.91e+01,
18097,-8.00e-03,2.91e+01,
18098,-8.00e-03,2.91e+01,
18099,0.00e+00,2.95e+01,
18100,-8.00e-03,2.91e+01,
18101,-8.00e-03,2.91e+01,
18102,-8.00e-03,2.95e+01,
18103,0.00e+00,2.95e+01,
18104,-8.00e-03,2.91e+01,
18105,-8.00e-03,2.91e+01,
18106,-8.00e-03,2.91e+01,
18107,-8.00e-03,2.91e+01,
18108,-8.00e-03,2.91e+01,
18109,-8.00e-03,2.91e+01,
18110,-8.00e-03,2.95e+01,
18111,-8.00e-03,2.95e+01,
18112,-8.00e-03,2.95e+01,
18113,-8.00e-03,2.91e+01,
18114,-8.00e-03,2.95e+01,
18115,0.00e+00,2.91e+01,
18116,-8.00e-03,2.91e+01,
18117,-8.00e-03,2.91e+01,
18118,-8.00e-03,2.95e+01,
18119,-8.00e-03,2.91e+01,
18120,-8.00e-03,2.91e+01,
18121,-8.00e-03,2.91e+01,
18122,-8.00e-03,2.91e+01,
18123,0.00e+00,2.91e+01,
18124,-8.00e-03,2.91e+01,
18125,-8.00e-03,2.91e+01,
18126,-8.00e-03,2.95e+01,
18127,0.00e+00,2.91e+01,
18128,-8.00e-03,2.91e+01,
18129,-8.00e-03,2.91e+01,
18130,-8.00e-03,2.95e+01,
18131,-8.00e-03,2.95e+01,
18132,-8.00e-03,2.91e+01,
18133,-8.00e-03,2.91e+01,
18134,-8.00e-03,2.95e+01,
18135,-8.00e-03,2.91e+01,
18136,-8.00e-03,2.91e+01,
18137,-8.00e-03,2.91e+01,
18138,-8.00e-03,2.95e+01,
18139,-8.00e-03,2.95e+01,
18140,-8.00e-03,2.91e+01,
18141,-8.00e-03,2.91e+01,
18142,-8.00e-03,2.95e+01,
18143,-8.00e-03,2.91e+01,
18144,-8.00e-03,2.91e+01,
18145,-8.00e-03,2.91e+01,
18146,-8.00e-03,2.95e+01,
18147,-8.00e-03,2.91e+01,
18148,-8.00e-03,2.95e+01,
18149,-8.00e-03,2.91e+01,
18150,-8.00e-03,2.91e+01,
18151,-8.00e-03,2.91e+01,
18152,-8.00e-03,2.91e+01,
18153,-8.00e-03,2.91e+01,
18154,-8.00e-03,2.91e+01,
18155,-8.00e-03,2.91e+01,
18156,-8.00e-03,2.91e+01,
18157,-8.00e-03,2.91e+01,
18158,-8.00e-03,2.95e+01,
18159,0.00e+00,2.91e+01,
18160,-8.00e-03,2.91e+01,
18161,-8.00e-03,2.91e+01,
18162,-8.00e-03,2.95e+01,
18163,-8.00e-03,2.95e+01,
18164,-8.00e-03,2.91e+01,
18165,-8.00e-03,2.91e+01,
18166,-8.00e-03,2.91e+01,
18167,-8.00e-03,2.91e+01,
18168,-8.00e-03,2.91e+01,
18169,-8.00e-03,2.91e+01,
18170,-8.00e-03,2.91e+01,
18171,-8.00e-03,2.91e+01,
18172,-8.00e-03,2.91e+01,
18173,-8.00e-03,2.91e+01,
18174,-8.00e-03,2.91e+01,
18175,0.00e+00,2.91e+01,
18176,-8.00e-03,2.91e+01,
18177,-8.00e-03,2.91e+01,
18178,-8.00e-03,2.91e+01,
18179,-8.00e-03,2.95e+01,
18180,-8.00e-03,2.95e+01,
18181,-8.00e-03,2.91e+01,
18182,-8.00e-03,2.91e+01,
18183,0.00e+00,2.91e+01,
18184,-8.00e-03,2.91e+01,
18185,-8.00e-03,2.91e+01,
18186,-8.00e-03,2.95e+01,
18187,-8.00e-03,2.95e+01,
18188,-8.00e-03,2.91e+01,
18189,-8.00e-03,2.91e+01,
18190,-8.00e-03,2.95e+01,
18191,-8.00e-03,2.95e+01,
18192,-8.00e-03,2.91e+01,
18193,-8.00e-03,2.91e+01,
18194,-8.00e-03,2.91e+01,
18195,-8.00e-03,2.91e+01,
18196,-8.00e-03,2.91e+01,
18197,-8.00e-03,2.91e+01,
18198,-8.00e-03,2.91e+01,
18199,-8.00e-03,2.91e+01,
18200,-8.00e-03,2.91e+01,
18201,-8.00e-03,2.91e+01,
18202,-8.00e-03,2.95e+01,
18203,0.00e+00,2.91e+01,
18204,-8.00e-03,2.91e+01,
18205,-8.00e-03,2.91e+01,
18206,-8.00e-03,2.91e+01,
18207,0.00e+00,2.91e+01,
18208,-8.00e-03,2.91e+01,
18209,-8.00e-03,2.91e+01,
18210,-8.00e-03,2.91e+01,
18211,-8.00e-03,2.91e+01,
18212,-8.00e-03,2.91e+01,
18213,-8.00e-03,2.91e+01,
18214,-8.00e-03,2.95e+01,
18215,0.00e+00,2.95e+01,
18216,-8.00e-03,2.91e+01,
18217,-8.00e-03,2.91e+01,
18218,-8.00e-03,2.95e+01,
18219,-8.00e-03,2.95e+01,
18220,-8.00e-03,2.91e+01,
18221,-8.00e-03,2.91e+01,
18222,-8.00e-03,2.91e+01,
18223,-8.00e-03,2.91e+01,
18224,-8.00e-03,2.91e+01,
18225,-8.00e-03,2.95e+01,
18226,-8.00e-03,2.95e+01,
18227,-8.00e-03,2.91e+01,
18228,-8.00e-03,2.91e+01,
18229,-8.00e-03,2.91e+01,
18230,-8.00e-03,2.95e+01,
18231,-8.00e-03,2.95e+01,
18232,-8.00e-03,2.91e+01,
18233,-8.00e-03,2.91e+01,
18234,-8.00e-03,2.95e+01,
18235,-8.00e-03,2.95e+01,
18236,-8.00e-03,2.91e+01,
18237,-8.00e-03,2.91e+01,
18238,-8.00e-03,2.95e+01,
18239,-8.00e-03,2.91e+01,
18240,-8.00e-03,2.91e+01,
18241,-8.00e-03,2.91e+01,
18242,-8.00e-03,2.91e+01,
18243,-8.00e-03,2.91e+01,
18244,-8.00e-03,2.91e+01,
18245,-8.00e-03,2.91e+01,
18246,-8.00e-03,2.91e+01,
18247,-8.00e-03,2.91e+01,
18248,-8.00e-03,2.91e+01,
18249,-8.00e-03,2.91e+01,
18250,-8.00e-03,2.91e+01,
18251,-8.00e-03,2.91e+01,
18252,-8.00e-03,2.91e+01,
18253,-8.00e-03,2.91e+01,
18254,-8.00e-03,2.95e+01,
18255,-8.00e-03,2.91e+01,
18256,-8.00e-03,2.91e+01,
18257,-8.00e-03,2.91e+01,
18258,-8.00e-03,2.91e+01,
18259,-8.00e-03,2.95e+01,
18260,-8.00e-03,2.91e+01,
18261,-8.00e-03,2.91e+01,
18262,-8.00e-03,2.95e+01,
18263,-8.00e-03,2.91e+01,
18264,-8.00e-03,2.91e+01,
18265,-8.00e-03,2.91e+01,
18266,-8.00e-03,2.91e+01,
18267,-8.00e-03,2.91e+01,
18268,-8.00e-03,2.91e+01,
18269,-8.00e-03,2.91e+01,
18270,-8.00e-03,2.95e+01,
18271,-8.00e-03,2.91e+01,
18272,-8.00e-03,2.91e+01,
18273,-8.00e-03,2.91e+01,
18274,-8.00e-03,2.95e+01,
18275,-8.00e-03,2.91e+01,
18276,-8.00e-03,2.91e+01,
18277,-8.00e-03,2.91e+01,
18278,-8.00e-03,2.95e+01,
18279,-8.00e-03,2.95e+01,
18280,-8.00e-03,2.91e+01,
18281,-8.00e-03,2.91e+01,
18282,-8.00e-03,2.91e+01,
18283,-8.00e-03,2.95e+01,
18284,-8.00e-03,2.91e+01,
18285,-8.00e-03,2.91e+01,
18286,-8.00e-03,2.95e+01,
18287,-8.00e-03,2.91e+01,
18288,-8.00e-03,2.91e+01,
18289,-8.00e-03,2.95e+01,
18290,-8.00e-03,2.91e+01,
18291,-8.00e-03,2.91e+01,
18292,-8.00e-03,2.91e+01,
18293,-8.00e-03,2.91e+01,
18294,-8.00e-03,2.95e+01,
18295,-8.00e-03,2.91e+01,
18296,-8.00e-03,2.91e+01,
18297,-8.00e-03,2.91e+01,
18298,-8.00e-03,2.91e+01,
18299,-8.00e-03,2.91e+01,
18300,-8.00e-03,2.91e+01,
18301,-8.00e-03,2.91e+01,
18302,-8.00e-03,2.95e+01,
18303,-8.00e-03,2.95e+01,
18304,-8.00e-03,2.91e+01,
18305,-8.00e-03,2.91e+01,
18306,-8.00e-03,2.95e+01,
18307,-8.00e-03,2.91e+01,
18308,-8.00e-03,2.91e+01,
18309,-8.00e-03,2.91e+01,
18310,-8.00e-03,2.95e+01,
18311,-8.00e-03,2.91e+01,
18312,-8.00e-03,2.91e+01,
18313,-8.00e-03,2.91e+01,
18314,-8.00e-03,2.91e+01,
18315,-8.00e-03,2.91e+01,
18316,-8.00e-03,2.91e+01,
18317,-8.00e-03,2.91e+01,
18318,-8.00e-03,2.95e+01,
18319,-8.00e-03,2.91e+01,
18320,-8.00e-03,2.91e+01,
18321,-8.00e-03,2.91e+01,
18322,-8.00e-03,2.95e+01,
18323,-8.00e-03,2.91e+01,
18324,-8.00e-03,2.91e+01,
18325,-8.00e-03,2.91e+01,
18326,-8.00e-03,2.95e+01,
18327,-8.00e-03,2.91e+01,
18328,-8.00e-03,2.91e+01,
18329,-8.00e-03,2.91e+01,
18330,-8.00e-03,2.95e+01,
18331,-8.00e-03,2.91e+01,
18332,-8.00e-03,2.91e+01,
18333,-8.00e-03,2.91e+01,
18334,-8.00e-03,2.95e+01,
18335,-8.00e-03,2.91e+01,
18336,-8.00e-03,2.91e+01,
18337,-8.00e-03,2.91e+01,
18338,-8.00e-03,2.91e+01,
18339,-8.00e-03,2.95e+01,
18340,-8.00e-03,2.95e+01,
18341,-8.00e-03,2.91e+01,
18342,-8.00e-03,2.95e+01,
18343,-8.00e-03,2.95e+01,
18344,-8.00e-03,2.91e+01,
18345,-8.00e-03,2.91e+01,
18346,-8.00e-03,2.91e+01,
18347,0.00e+00,2.91e+01,
18348,-8.00e-03,2.91e+01,
18349,-8.00e-03,2.91e+01,
18350,-8.00e-03,2.95e+01,
18351,-8.00e-03,2.91e+01,
18352,-8.00e-03,2.91e+01,
18353,-8.00e-03,2.91e+01,
18354,-8.00e-03,2.91e+01,
18355,-8.00e-03,2.91e+01,
18356,-8.00e-03,2.91e+01,
18357,-8.00e-03,2.91e+01,
18358,-8.00e-03,2.95e+01,
18359,-8.00e-03,2.95e+01,
18360,-8.00e-03,2.91e+01,
18361,-8.00e-03,2.91e+01,
18362,-8.00e-03,2.95e+01,
18363,-8.00e-03,2.91e+01,
18364,-8.00e-03,2.91e+01,
18365,-8.00e-03,2.91e+01,
18366,-8.00e-03,2.95e+01,
18367,-8.00e-03,2.95e+01,
18368,-8.00e-03,2.91e+01,
18369,-8.00e-03,2.95e+01,
18370,-8.00e-03,2.91e+01,
18371,-8.00e-03,2.91e+01,
18372,-8.00e-03,2.91e+01,
18373,-8.00e-03,2.91e+01,
18374,-8.00e-03,2.91e+01,
18375,-8.00e-03,2.91e+01,
18376,-8.00e-03,2.91e+01,
18377,-8.00e-03,2.91e+01,
18378,-8.00e-03,2.95e+01,
18379,-8.00e-03,2.91e+01,
18380,-8.00e-03,2.91e+01,
18381,-8.00e-03,2.91e+01,
18382,-8.00e-03,2.91e+01,
18383,-8.00e-03,2.91e+01,
18384,-8.00e-03,2.91e+01,
18385,-8.00e-03,2.91e+01,
18386,-8.00e-03,2.95e+01,
18387,-8.00e-03,2.91e+01,
18388,-8.00e-03,2.91e+01,
18389,-8.00e-03,2.91e+01,
18390,-8.00e-03,2.91e+01,
18391,-8.00e-03,2.91e+01,
18392,-8.00e-03,2.91e+01,
18393,-8.00e-03,2.95e+01,
18394,-8.00e-03,2.95e+01,
18395,-8.00e-03,2.95e+01,
18396,-8.00e-03,2.91e+01,
18397,-8.00e-03,2.91e+01,
18398,-8.00e-03,2.91e+01,
18399,-8.00e-03,2.91e+01,
18400,-8.00e-03,2.91e+01,
18401,-8.00e-03,2.91e+01,
18402,-8.00e-03,2.91e+01,
18403,-8.00e-03,2.95e+01,
18404,-8.00e-03,2.91e+01,
18405,-8.00e-03,2.91e+01,
18406,-8.00e-03,2.95e+01,
18407,-8.00e-03,2.95e+01,
18408,-8.00e-03,2.91e+01,
18409,-8.00e-03,2.95e+01,
18410,-8.00e-03,2.95e+01,
18411,-8.00e-03,2.91e+01,
18412,-8.00e-03,2.91e+01,
18413,-8.00e-03,2.95e+01,
18414,-8.00e-03,2.95e+01,
18415,-8.00e-03,2.91e+01,
18416,-8.00e-03,2.91e+01,
18417,-8.00e-03,2.95e+01,
18418,-8.00e-03,2.95e+01,
18419,-8.00e-03,2.91e+01,
18420,-8.00e-03,2.91e+01,
18421,-8.00e-03,2.91e+01,
18422,-8.00e-03,2.91e+01,
18423,-8.00e-03,2.91e+01,
18424,-8.00e-03,2.91e+01,
18425,-8.00e-03,2.91e+01,
18426,-8.00e-03,2.95e+01,
18427,-8.00e-03,2.91e+01,
18428,-8.00e-03,2.91e+01,
18429,-8.00e-03,2.95e+01,
18430,-8.00e-03,2.95e+01,
18431,-8.00e-03,2.95e+01,
18432,-8.00e-03,2.91e+01,
18433,-8.00e-03,2.91e+01,
18434,-8.00e-03,2.91e+01,
18435,-8.00e-03,2.91e+01,
18436,-8.00e-03,2.95e+01,
18437,-8.00e-03,2.91e+01,
18438,-8.00e-03,2.91e+01,
18439,-8.00e-03,2.91e+01,
18440,-8.00e-03,2.91e+01,
18441,-8.00e-03,2.91e+01,
18442,-8.00e-03,2.95e+01,
18443,-8.00e-03,2.95e+01,
18444,-8.00e-03,2.91e+01,
18445,-8.00e-03,2.91e+01,
18446,-8.00e-03,2.95e+01,
18447,-8.00e-03,2.91e+01,
18448,-8.00e-03,2.91e+01,
18449,-8.00e-03,2.91e+01,
18450,-8.00e-03,2.95e+01,
18451,-8.00e-03,2.91e+01,
18452,-8.00e-03,2.91e+01,
18453,-8.00e-03,2.91e+01,
18454,-8.00e-03,2.91e+01,
18455,-8.00e-03,2.91e+01,
18456,-8.00e-03,2.91e+01,
18457,-8.00e-03,2.91e+01,
18458,-8.00e-03,2.91e+01,
18459,-8.00e-03,2.91e+01,
18460,-8.00e-03,2.95e+01,
18461,-8.00e-03,2.91e+01,
18462,-8.00e-03,2.95e+01,
18463,-8.00e-03,2.91e+01,
18464,-8.00e-03,2.91e+01,
18465,-8.00e-03,2.91e+01,
18466,-8.00e-03,2.95e+01,
18467,-8.00e-03,2.91e+01,
18468,-8.00e-03,2.91e+01,
18469,-8.00e-03,2.95e+01,
18470,-8.00e-03,2.95e+01,
18471,-8.00e-03,2.95e+01,
18472,-8.00e-03,2.91e+01,
18473,-8.00e-03,2.91e+01,
18474,-8.00e-03,2.95e+01,
18475,-8.00e-03,2.95e+01,
18476,-8.00e-03,2.91e+01,
18477,-8.00e-03,2.91e+01,
18478,-8.00e-03,2.95e+01,
18479,-8.00e-03,2.91e+01,
18480,-8.00e-03,2.91e+01,
18481,-8.00e-03,2.91e+01,
18482,-8.00e-03,2.95e+01,
18483,-8.00e-03,2.95e+01,
18484,-8.00e-03,2.91e+01,
18485,-8.00e-03,2.95e+01,
18486,-8.00e-03,2.95e+01,
18487,-8.00e-03,2.91e+01,
18488,-8.00e-03,2.91e+01,
18489,-8.00e-03,2.91e+01,
18490,-8.00e-03,2.95e+01,
18491,-8.00e-03,2.95e+01,
18492,-8.00e-03,2.95e+01,
18493,-8.00e-03,2.91e+01,
18494,-8.00e-03,2.91e+01,
18495,-8.00e-03,2.91e+01,
18496,-8.00e-03,2.95e+01,
18497,-8.00e-03,2.91e+01,
18498,-8.00e-03,2.95e+01,
18499,-8.00e-03,2.91e+01,
18500,-8.00e-03,2.91e+01,
18501,-8.00e-03,2.95e+01,
18502,-8.00e-03,2.91e+01,
18503,-8.00e-03,2.91e+01,
18504,-8.00e-03,2.91e+01,
18505,-8.00e-03,2.91e+01,
18506,-8.00e-03,2.95e+01,
18507,-8.00e-03,2.95e+01,
18508,-8.00e-03,2.91e+01,
18509,-8.00e-03,2.91e+01,
18510,-8.00e-03,2.95e+01,
18511,-8.00e-03,2.95e+01,
18512,-8.00e-03,2.91e+01,
18513,-8.00e-03,2.95e+01,
18514,-8.00e-03,2.95e+01,
18515,-8.00e-03,2.95e+01,
18516,-8.00e-03,2.91e+01,
18517,-8.00e-03,2.91e+01,
18518,-8.00e-03,2.91e+01,
18519,-8.00e-03,2.95e+01,
18520,-1.60e-02,2.91e+01,
18521,-8.00e-03,2.95e+01,
18522,-8.00e-03,2.95e+01,
18523,-8.00e-03,2.91e+01,
18524,-8.00e-03,2.95e+01,
18525,-8.00e-03,2.95e+01,
18526,-8.00e-03,2.95e+01,
18527,-8.00e-03,2.91e+01,
18528,-8.00e-03,2.91e+01,
18529,-8.00e-03,2.95e+01,
18530,-8.00e-03,2.95e+01,
18531,-8.00e-03,2.91e+01,
18532,-8.00e-03,2.91e+01,
18533,-8.00e-03,2.91e+01,
18534,-8.00e-03,2.91e+01,
18535,-8.00e-03,2.91e+01,
18536,-8.00e-03,2.95e+01,
18537,-8.00e-03,2.91e+01,
18538,-8.00e-03,2.95e+01,
18539,-8.00e-03,2.95e+01,
18540,-8.00e-03,2.95e+01,
18541,-8.00e-03,2.91e+01,
18542,-8.00e-03,2.95e+01,
18543,-8.00e-03,2.91e+01,
18544,-8.00e-03,2.95e+01,
18545,-8.00e-03,2.91e+01,
18546,-8.00e-03,2.91e+01,
18547,-8.00e-03,2.91e+01,
18548,-8.00e-03,2.91e+01,
18549,-8.00e-03,2.91e+01,
18550,-8.00e-03,2.91e+01,
18551,-8.00e-03,2.91e+01,
18552,-8.00e-03,2.91e+01,
18553,-8.00e-03,2.91e+01,
18554,-8.00e-03,2.95e+01,
18555,-8.00e-03,2.91e+01,
18556,-8.00e-03,2.91e+01,
18557,-8.00e-03,2.91e+01,
18558,-8.00e-03,2.95e+01,
18559,-8.00e-03,2.91e+01,
18560,-8.00e-03,2.91e+01,
18561,-8.00e-03,2.91e+01,
18562,-8.00e-03,2.91e+01,
18563,-8.00e-03,2.91e+01,
18564,-8.00e-03,2.95e+01,
18565,-8.00e-03,2.95e+01,
18566,-8.00e-03,2.95e+01,
18567,-8.00e-03,2.91e+01,
18568,-8.00e-03,2.95e+01,
18569,-8.00e-03,2.95e+01,
18570,-8.00e-03,2.95e+01,
18571,-8.00e-03,2.95e+01,
18572,-8.00e-03,2.95e+01,
18573,-8.00e-03,2.91e+01,
18574,-8.00e-03,2.95e+01,
18575,-8.00e-03,2.95e+01,
18576,-8.00e-03,2.91e+01,
18577,-8.00e-03,2.95e+01,
18578,-8.00e-03,2.95e+01,
18579,-8.00e-03,2.95e+01,
18580,-8.00e-03,2.91e+01,
18581,-8.00e-03,2.91e+01,
18582,-8.00e-03,2.95e+01,
18583,-8.00e-03,2.95e+01,
18584,-8.00e-03,2.91e+01,
18585,-8.00e-03,2.95e+01,
18586,-8.00e-03,2.95e+01,
18587,-8.00e-03,2.91e+01,
18588,-8.00e-03,2.91e+01,
18589,-8.00e-03,2.91e+01,
18590,-8.00e-03,2.91e+01,
18591,-8.00e-03,2.91e+01,
18592,-8.00e-03,2.91e+01,
18593,-8.00e-03,2.91e+01,
18594,-8.00e-03,2.95e+01,
18595,-8.00e-03,2.95e+01,
18596,-8.00e-03,2.91e+01,
18597,-8.00e-03,2.91e+01,
18598,-8.00e-03,2.95e+01,
18599,-8.00e-03,2.91e+01,
18600,-8.00e-03,2.91e+01,
18601,-8.00e-03,2.95e+01,
18602,-8.00e-03,2.91e+01,
18603,-8.00e-03,2.95e+01,
18604,-8.00e-03,2.91e+01,
18605,-8.00e-03,2.91e+01,
18606,-8.00e-03,2.95e+01,
18607,-8.00e-03,2.91e+01,
18608,-8.00e-03,2.91e+01,
18609,-8.00e-03,2.95e+01,
18610,-8.00e-03,2.95e+01,
18611,-8.00e-03,2.95e+01,
18612,-8.00e-03,2.95e+01,
18613,-8.00e-03,2.95e+01,
18614,-8.00e-03,2.95e+01,
18615,-8.00e-03,2.95e+01,
18616,-8.00e-03,2.95e+01,
18617,-8.00e-03,2.95e+01,
18618,-8.00e-03,2.95e+01,
18619,-8.00e-03,2.95e+01,
18620,-8.00e-03,2.91e+01,
18621,-8.00e-03,2.91e+01,
18622,-8.00e-03,2.91e+01,
18623,-8.00e-03,2.91e+01,
18624,-8.00e-03,2.95e+01,
18625,-8.00e-03,2.91e+01,
18626,-8.00e-03,2.95e+01,
18627,-8.00e-03,2.95e+01,
18628,-8.00e-03,2.95e+01,
18629,-8.00e-03,2.91e+01,
18630,-8.00e-03,2.95e+01,
18631,-8.00e-03,2.91e+01,
18632,-8.00e-03,2.95e+01,
18633,-8.00e-03,2.91e+01,
18634,-8.00e-03,2.95e+01,
18635,-8.00e-03,2.95e+01,
18636,-8.00e-03,2.91e+01,
18637,-8.00e-03,2.91e+01,
18638,-8.00e-03,2.95e+01,
18639,-8.00e-03,2.91e+01,
18640,-8.00e-03,2.91e+01,
18641,-8.00e-03,2.95e+01,
18642,-8.00e-03,2.95e+01,
18643,-8.00e-03,2.91e+01,
18644,-8.00e-03,2.91e+01,
18645,-8.00e-03,2.91e+01,
18646,-8.00e-03,2.95e+01,
18647,-8.00e-03,2.91e+01,
18648,-8.00e-03,2.91e+01,
18649,-8.00e-03,2.91e+01,
18650,-8.00e-03,2.95e+01,
18651,-8.00e-03,2.91e+01,
18652,-8.00e-03,2.91e+01,
18653,-8.00e-03,2.91e+01,
18654,-8.00e-03,2.95e+01,
18655,-8.00e-03,2.91e+01,
18656,-8.00e-03,2.91e+01,
18657,-8.00e-03,2.95e+01,
18658,-8.00e-03,2.95e+01,
18659,-8.00e-03,2.95e+01,
18660,-8.00e-03,2.91e+01,
18661,-8.00e-03,2.91e+01,
18662,-8.00e-03,2.95e+01,
18663,-8.00e-03,2.95e+01,
18664,-8.00e-03,2.91e+01,
18665,-8.00e-03,2.91e+01,
18666,-8.00e-03,2.95e+01,
18667,-8.00e-03,2.95e+01,
18668,-8.00e-03,2.91e+01,
18669,-8.00e-03,2.91e+01,
18670,-8.00e-03,2.95e+01,
18671,-8.00e-03,2.95e+01,
18672,-8.00e-03,2.91e+01,
18673,-8.00e-03,2.95e+01,
18674,-8.00e-03,2.95e+01,
18675,-8.00e-03,2.95e+01,
18676,-8.00e-03,2.91e+01,
18677,-8.00e-03,2.91e+01,
18678,-8.00e-03,2.95e+01,
18679,-8.00e-03,2.91e+01,
18680,-8.00e-03,2.91e+01,
18681,-8.00e-03,2.91e+01,
18682,-8.00e-03,2.91e+01,
18683,-8.00e-03,2.95e+01,
18684,-8.00e-03,2.95e+01,
18685,-8.00e-03,2.91e+01,
18686,-8.00e-03,2.95e+01,
18687,-8.00e-03,2.95e+01,
18688,-8.00e-03,2.91e+01,
18689,-8.00e-03,2.95e+01,
18690,-8.00e-03,2.95e+01,
18691,-8.00e-03,2.91e+01,
18692,-8.00e-03,2.91e+01,
18693,-8.00e-03,2.91e+01,
18694,-8.00e-03,2.95e+01,
18695,-8.00e-03,2.91e+01,
18696,-8.00e-03,2.91e+01,
18697,-8.00e-03,2.91e+01,
18698,-8.00e-03,2.91e+01,
18699,-8.00e-03,2.91e+01,
18700,-8.00e-03,2.95e+01,
18701,-8.00e-03,2.91e+01,
18702,-8.00e-03,2.95e+01,
18703,-8.00e-03,2.91e+01,
18704,-8.00e-03,2.91e+01,
18705,-8.00e-03,2.95e+01,
18706,-8.00e-03,2.95e+01,
18707,-8.00e-03,2.95e+01,
18708,-8.00e-03,2.91e+01,
18709,-8.00e-03,2.91e+01,
18710,-8.00e-03,2.95e+01,
18711,-8.00e-03,2.91e+01,
18712,-8.00e-03,2.91e+01,
18713,-8.00e-03,2.95e+01,
18714,-8.00e-03,2.95e+01,
18715,-8.00e-03,2.95e+01,
18716,-8.00e-03,2.91e+01,
18717,-8.00e-03,2.91e+01,
18718,-8.00e-03,2.95e+01,
18719,-8.00e-03,2.91e+01,
18720,-8.00e-03,2.95e+01,
18721,-8.00e-03,2.95e+01,
18722,-8.00e-03,2.95e+01,
18723,-8.00e-03,2.91e+01,
18724,-8.00e-03,2.95e+01,
18725,-8.00e-03,2.91e+01,
18726,-8.00e-03,2.95e+01,
18727,-8.00e-03,2.91e+01,
18728,-8.00e-03,2.91e+01,
18729,-8.00e-03,2.91e+01,
18730,-8.00e-03,2.95e+01,
18731,-8.00e-03,2.95e+01,
18732,-8.00e-03,2.91e+01,
18733,-8.00e-03,2.91e+01,
18734,-8.00e-03,2.95e+01,
18735,-8.00e-03,2.91e+01,
18736,-8.00e-03,2.95e+01,
18737,-8.00e-03,2.95e+01,
18738,-8.00e-03,2.95e+01,
18739,-8.00e-03,2.95e+01,
18740,-8.00e-03,2.95e+01,
18741,-8.00e-03,2.91e+01,
18742,-8.00e-03,2.95e+01,
18743,-8.00e-03,2.95e+01,
18744,-8.00e-03,2.91e+01,
18745,-8.00e-03,2.91e+01,
18746,-8.00e-03,2.95e+01,
18747,-8.00e-03,2.91e+01,
18748,-8.00e-03,2.95e+01,
18749,-8.00e-03,2.91e+01,
18750,-8.00e-03,2.95e+01,
18751,-8.00e-03,2.91e+01,
18752,-8.00e-03,2.95e+01,
18753,-8.00e-03,2.91e+01,
18754,-8.00e-03,2.95e+01,
18755,-8.00e-03,2.95e+01,
18756,-8.00e-03,2.95e+01,
18757,-8.00e-03,2.91e+01,
18758,-8.00e-03,2.95e+01,
18759,-8.00e-03,2.91e+01,
18760,-8.00e-03,2.91e+01,
18761,-8.00e-03,2.95e+01,
18762,-8.00e-03,2.95e+01,
18763,-8.00e-03,2.95e+01,
18764,-8.00e-03,2.95e+01,
18765,-8.00e-03,2.91e+01,
18766,-8.00e-03,2.95e+01,
18767,-8.00e-03,2.95e+01,
18768,-1.60e-02,2.91e+01,
18769,-8.00e-03,2.91e+01,
18770,-8.00e-03,2.95e+01,
18771,-8.00e-03,2.91e+01,
18772,-8.00e-03,2.91e+01,
18773,-8.00e-03,2.91e+01,
18774,-8.00e-03,2.95e+01,
18775,-8.00e-03,2.95e+01,
18776,-8.00e-03,2.91e+01,
18777,-8.00e-03,2.95e+01,
18778,-8.00e-03,2.95e+01,
18779,-8.00e-03,2.95e+01,
18780,-8.00e-03,2.91e+01,
18781,-8.00e-03,2.91e+01,
18782,-8.00e-03,2.95e+01,
18783,-8.00e-03,2.91e+01,
18784,-8.00e-03,2.91e+01,
18785,-8.00e-03,2.95e+01,
18786,-8.00e-03,2.91e+01,
18787,-8.00e-03,2.91e+01,
18788,-8.00e-03,2.91e+01,
18789,-8.00e-03,2.95e+01,
18790,-8.00e-03,2.95e+01,
18791,-8.00e-03,2.95e+01,
18792,-8.00e-03,2.95e+01,
18793,-8.00e-03,2.95e+01,
18794,-8.00e-03,2.95e+01,
18795,-8.00e-03,2.95e+01,
18796,-8.00e-03,2.95e+01,
18797,-8.00e-03,2.95e+01,
18798,-8.00e-03,2.95e+01,
18799,-8.00e-03,2.95e+01,
18800,-8.00e-03,2.95e+01,
18801,-8.00e-03,2.91e+01,
18802,-8.00e-03,2.95e+01,
18803,-8.00e-03,2.91e+01,
18804,-8.00e-03,2.91e+01,
18805,-8.00e-03,2.91e+01,
18806,-8.00e-03,2.95e+01,
18807,-8.00e-03,2.95e+01,
18808,-8.00e-03,2.91e+01,
18809,-8.00e-03,2.95e+01,
18810,-8.00e-03,2.95e+01,
18811,-8.00e-03,2.95e+01,
18812,-8.00e-03,2.95e+01,
18813,-8.00e-03,2.91e+01,
18814,-8.00e-03,2.95e+01,
18815,-8.00e-03,2.91e+01,
18816,-8.00e-03,2.91e+01,
18817,-8.00e-03,2.91e+01,
18818,-8.00e-03,2.95e+01,
18819,-8.00e-03,2.91e+01,
18820,-8.00e-03,2.95e+01,
18821,-8.00e-03,2.91e+01,
18822,-8.00e-03,2.95e+01,
18823,-8.00e-03,2.95e+01,
18824,-1.60e-02,2.91e+01,
18825,-8.00e-03,2.91e+01,
18826,-8.00e-03,2.95e+01,
18827,-8.00e-03,2.95e+01,
18828,-8.00e-03,2.95e+01,
18829,-8.00e-03,2.91e+01,
18830,-8.00e-03,2.95e+01,
18831,-8.00e-03,2.95e+01,
18832,-8.00e-03,2.95e+01,
18833,-8.00e-03,2.95e+01,
18834,-8.00e-03,2.95e+01,
18835,-8.00e-03,2.95e+01,
18836,-8.00e-03,2.95e+01,
18837,-8.00e-03,2.95e+01,
18838,-8.00e-03,2.95e+01,
18839,-8.00e-03,2.95e+01,
18840,-8.00e-03,2.91e+01,
18841,-8.00e-03,2.95e+01,
18842,-8.00e-03,2.95e+01,
18843,-8.00e-03,2.95e+01,
18844,-8.00e-03,2.95e+01,
18845,-8.00e-03,2.91e+01,
18846,-8.00e-03,2.95e+01,
18847,-8.00e-03,2.91e+01,
18848,-8.00e-03,2.91e+01,
18849,-8.00e-03,2.95e+01,
18850,-8.00e-03,2.95e+01,
18851,-8.00e-03,2.91e+01,
18852,-8.00e-03,2.95e+01,
18853,-8.00e-03,2.91e+01,
18854,-8.00e-03,2.95e+01,
18855,-8.00e-03,2.91e+01,
18856,-8.00e-03,2.95e+01,
18857,-8.00e-03,2.95e+01,
18858,-8.00e-03,2.95e+01,
18859,-8.00e-03,2.95e+01,
18860,-8.00e-03,2.91e+01,
18861,-8.00e-03,2.91e+01,
18862,-8.00e-03,2.95e+01,
18863,-8.00e-03,2.91e+01,
18864,-8.00e-03,2.95e+01,
18865,-8.00e-03,2.91e+01,
18866,-8.00e-03,2.95e+01,
18867,-8.00e-03,2.95e+01,
18868,-8.00e-03,2.91e+01,
18869,-8.00e-03,2.91e+01,
18870,-8.00e-03,2.95e+01,
18871,-8.00e-03,2.91e+01,
18872,-8.00e-03,2.91e+01,
18873,-8.00e-03,2.95e+01,
18874,-8.00e-03,2.95e+01,
18875,-8.00e-03,2.91e+01,
18876,-8.00e-03,2.95e+01,
18877,-8.00e-03,2.91e+01,
18878,-8.00e-03,2.95e+01,
18879,-8.00e-03,2.91e+01,
18880,-8.00e-03,2.95e+01,
18881,-8.00e-03,2.95e+01,
18882,-8.00e-03,2.95e+01,
18883,-8.00e-03,2.91e+01,
18884,-8.00e-03,2.91e+01,
18885,-8.00e-03,2.91e+01,
18886,-8.00e-03,2.95e+01,
18887,-8.00e-03,2.91e+01,
18888,-8.00e-03,2.91e+01,
18889,-8.00e-03,2.95e+01,
18890,-8.00e-03,2.95e+01,
18891,-8.00e-03,2.95e+01,
18892,-8.00e-03,2.95e+01,
18893,-8.00e-03,2.91e+01,
18894,-8.00e-03,2.95e+01,
18895,-8.00e-03,2.95e+01,
18896,-8.00e-03,2.95e+01,
18897,-8.00e-03,2.95e+01,
18898,-8.00e-03,2.95e+01,
18899,-8.00e-03,2.95e+01,
18900,-8.00e-03,2.91e+01,
18901,-8.00e-03,2.91e+01,
18902,-8.00e-03,2.95e+01,
18903,-8.00e-03,2.91e+01,
18904,-8.00e-03,2.95e+01,
18905,-8.00e-03,2.95e+01,
18906,-8.00e-03,2.95e+01,
18907,-8.00e-03,2.95e+01,
18908,-8.00e-03,2.95e+01,
18909,-8.00e-03,2.95e+01,
18910,-8.00e-03,2.95e+01,
18911,-8.00e-03,2.91e+01,
18912,-1.60e-02,2.95e+01,
18913,-8.00e-03,2.95e+01,
18914,-8.00e-03,2.91e+01,
18915,-8.00e-03,2.95e+01,
18916,-8.00e-03,2.95e+01,
18917,-8.00e-03,2.91e+01,
18918,-8.00e-03,2.95e+01,
18919,-8.00e-03,2.95e+01,
18920,-8.00e-03,2.91e+01,
18921,-8.00e-03,2.95e+01,
18922,-8.00e-03,2.95e+01,
18923,-8.00e-03,2.95e+01,
18924,-8.00e-03,2.91e+01,
18925,-8.00e-03,2.91e+01,
18926,-8.00e-03,2.95e+01,
18927,-8.00e-03,2.91e+01,
18928,-8.00e-03,2.91e+01,
18929,-8.00e-03,2.91e+01,
18930,-8.00e-03,2.95e+01,
18931,-8.00e-03,2.95e+01,
18932,-8.00e-03,2.95e+01,
18933,-8.00e-03,2.91e+01,
18934,-8.00e-03,2.95e+01,
18935,-8.00e-03,2.91e+01,
18936,-8.00e-03,2.95e+01,
18937,-8.00e-03,2.95e+01,
18938,-8.00e-03,2.95e+01,
18939,-8.00e-03,2.95e+01,
18940,-8.00e-03,2.95e+01,
18941,-8.00e-03,2.91e+01,
18942,-8.00e-03,2.95e+01,
18943,-8.00e-03,2.95e+01,
18944,-8.00e-03,2.95e+01,
18945,-8.00e-03,2.91e+01,
18946,-1.60e-02,2.95e+01,
18947,-8.00e-03,2.95e+01,
18948,-8.00e-03,2.91e+01,
18949,-8.00e-03,2.91e+01,
18950,-8.00e-03,2.95e+01,
18951,-8.00e-03,2.91e+01,
18952,-8.00e-03,2.95e+01,
18953,-8.00e-03,2.95e+01,
18954,-8.00e-03,2.95e+01,
18955,-8.00e-03,2.95e+01,
18956,-1.60e-02,2.95e+01,
18957,-8.00e-03,2.91e+01,
18958,-1.60e-02,2.95e+01,
18959,-8.00e-03,2.95e+01,
18960,-8.00e-03,2.95e+01,
18961,-8.00e-03,2.95e+01,
18962,-8.00e-03,2.95e+01,
18963,-8.00e-03,2.95e+01,
18964,-1.60e-02,2.95e+01,
18965,-8.00e-03,2.91e+01,
18966,-8.00e-03,2.95e+01,
18967,-8.00e-03,2.91e+01,
18968,-1.60e-02,2.95e+01,
18969,-8.00e-03,2.95e+01,
18970,-8.00e-03,2.95e+01,
18971,-8.00e-03,2.95e+01,
18972,-1.60e-02,2.91e+01,
18973,-8.00e-03,2.91e+01,
18974,-8.00e-03,2.95e+01,
18975,-8.00e-03,2.95e+01,
18976,-8.00e-03,2.91e+01,
18977,-8.00e-03,2.95e+01,
18978,-8.00e-03,2.95e+01,
18979,-8.00e-03,2.95e+01,
18980,-1.60e-02,2.91e+01,
18981,-8.00e-03,2.95e+01,
18982,-8.00e-03,2.95e+01,
18983,-8.00e-03,2.91e+01,
18984,-8.00e-03,2.91e+01,
18985,-8.00e-03,2.95e+01,
18986,-8.00e-03,2.95e+01,
18987,-8.00e-03,2.95e+01,
18988,-8.00e-03,2.91e+01,
18989,-8.00e-03,2.91e+01,
18990,-8.00e-03,2.95e+01,
18991,-8.00e-03,2.95e+01,
18992,-8.00e-03,2.91e+01,
18993,-8.00e-03,2.91e+01,
18994,-8.00e-03,2.95e+01,
18995,-8.00e-03,2.95e+01,
18996,-8.00e-03,2.95e+01,
18997,-8.00e-03,2.95e+01,
18998,-8.00e-03,2.95e+01,
18999,-8.00e-03,2.95e+01,
19000,-8.00e-03,2.95e+01,
19001,-8.00e-03,2.95e+01,
19002,-8.00e-03,2.95e+01,
19003,-8.00e-03,2.95e+01,
19004,-8.00e-03,2.91e+01,
19005,-8.00e-03,2.91e+01,
19006,-8.00e-03,2.95e+01,
19007,-8.00e-03,2.95e+01,
19008,-1.60e-02,2.91e+01,
19009,-8.00e-03,2.95e+01,
19010,-8.00e-03,2.95e+01,
19011,-8.00e-03,2.95e+01,
19012,-1.60e-02,2.91e+01,
19013,-8.00e-03,2.91e+01,
19014,-8.00e-03,2.95e+01,
19015,-8.00e-03,2.95e+01,
19016,-8.00e-03,2.91e+01,
19017,-8.00e-03,2.91e+01,
19018,-8.00e-03,2.95e+01,
19019,-8.00e-03,2.95e+01,
19020,-8.00e-03,2.95e+01,
19021,-8.00e-03,2.91e+01,
19022,-8.00e-03,2.95e+01,
19023,-8.00e-03,2.95e+01,
19024,-8.00e-03,2.95e+01,
19025,-8.00e-03,2.91e+01,
19026,-8.00e-03,2.95e+01,
19027,-8.00e-03,2.95e+01,
19028,-1.60e-02,2.95e+01,
19029,-8.00e-03,2.95e+01,
19030,-8.00e-03,2.95e+01,
19031,-8.00e-03,2.95e+01,
19032,-8.00e-03,2.91e+01,
19033,-8.00e-03,2.95e+01,
19034,-8.00e-03,2.95e+01,
19035,-8.00e-03,2.95e+01,
19036,-8.00e-03,2.95e+01,
19037,-8.00e-03,2.95e+01,
19038,-8.00e-03,2.95e+01,
19039,-8.00e-03,2.95e+01,
19040,-8.00e-03,2.95e+01,
19041,-8.00e-03,2.95e+01,
19042,-8.00e-03,2.95e+01,
19043,-8.00e-03,2.95e+01,
19044,-8.00e-03,2.95e+01,
19045,-8.00e-03,2.95e+01,
19046,-8.00e-03,2.95e+01,
19047,-8.00e-03,2.95e+01,
19048,-8.00e-03,2.95e+01,
19049,-8.00e-03,2.95e+01,
19050,-8.00e-03,2.95e+01,
19051,-8.00e-03,2.95e+01,
19052,-1.60e-02,2.91e+01,
19053,-8.00e-03,2.95e+01,
19054,-8.00e-03,2.95e+01,
19055,-8.00e-03,2.95e+01,
19056,-8.00e-03,2.95e+01,
19057,-8.00e-03,2.95e+01,
19058,-8.00e-03,2.95e+01,
19059,-8.00e-03,2.95e+01,
19060,-1.60e-02,2.95e+01,
19061,-8.00e-03,2.95e+01,
19062,-8.00e-03,2.95e+01,
19063,-8.00e-03,2.95e+01,
19064,-8.00e-03,2.95e+01,
19065,-8.00e-03,2.91e+01,
19066,-8.00e-03,2.95e+01,
19067,-8.00e-03,2.95e+01,
19068,-1.60e-02,2.95e+01,
19069,-8.00e-03,2.95e+01,
19070,-8.00e-03,2.95e+01,
19071,-8.00e-03,2.95e+01,
19072,-1.60e-02,2.95e+01,
19073,-8.00e-03,2.95e+01,
19074,-8.00e-03,2.95e+01,
19075,-8.00e-03,2.95e+01,
19076,-8.00e-03,2.95e+01,
19077,-8.00e-03,2.95e+01,
19078,-8.00e-03,2.95e+01,
19079,-8.00e-03,2.95e+01,
19080,-1.60e-02,2.95e+01,
19081,-8.00e-03,2.95e+01,
19082,-8.00e-03,2.95e+01,
19083,-8.00e-03,2.95e+01,
19084,-8.00e-03,2.95e+01,
19085,-8.00e-03,2.95e+01,
19086,-1.60e-02,2.95e+01,
19087,-8.00e-03,2.95e+01,
19088,-8.00e-03,2.91e+01,
19089,-8.00e-03,2.95e+01,
19090,-8.00e-03,2.95e+01,
19091,-8.00e-03,2.95e+01,
19092,-8.00e-03,2.95e+01,
19093,-1.60e-02,2.91e+01,
19094,-8.00e-03,2.95e+01,
19095,-8.00e-03,2.95e+01,
19096,-1.60e-02,2.95e+01,
19097,-8.00e-03,2.95e+01,
19098,-1.60e-02,2.95e+01,
19099,-8.00e-03,2.95e+01,
19100,-8.00e-03,2.91e+01,
19101,-1.60e-02,2.91e+01,
19102,-8.00e-03,2.95e+01,
19103,-8.00e-03,2.91e+01,
19104,-1.60e-02,2.95e+01,
19105,-8.00e-03,2.95e+01,
19106,-8.00e-03,2.95e+01,
19107,-8.00e-03,2.95e+01,
19108,-8.00e-03,2.95e+01,
19109,-8.00e-03,2.91e+01,
19110,-1.60e-02,2.95e+01,
19111,-8.00e-03,2.95e+01,
19112,-8.00e-03,2.91e+01,
19113,-8.00e-03,2.95e+01,
19114,-8.00e-03,2.95e+01,
19115,-8.00e-03,2.95e+01,
19116,-8.00e-03,2.95e+01,
19117,-8.00e-03,2.91e+01,
19118,-8.00e-03,2.95e+01,
19119,-8.00e-03,2.95e+01,
19120,-8.00e-03,2.91e+01,
19121,-8.00e-03,2.91e+01,
19122,-1.60e-02,2.95e+01,
19123,-8.00e-03,2.95e+01,
19124,-1.60e-02,2.91e+01,
19125,-8.00e-03,2.91e+01,
19126,-1.60e-02,2.95e+01,
19127,-8.00e-03,2.91e+01,
19128,-1.60e-02,2.91e+01,
19129,-8.00e-03,2.95e+01,
19130,-8.00e-03,2.95e+01,
19131,-8.00e-03,2.95e+01,
19132,-8.00e-03,2.95e+01,
19133,-8.00e-03,2.95e+01,
19134,-8.00e-03,2.95e+01,
19135,-8.00e-03,2.95e+01,
19136,-1.60e-02,2.91e+01,
19137,-8.00e-03,2.95e+01,
19138,-8.00e-03,2.95e+01,
19139,-8.00e-03,2.95e+01,
19140,-1.60e-02,2.95e+01,
19141,-8.00e-03,2.91e+01,
19142,-8.00e-03,2.95e+01,
19143,-8.00e-03,2.95e+01,
19144,-1.60e-02,2.95e+01,
19145,-8.00e-03,2.95e+01,
19146,-8.00e-03,2.95e+01,
19147,-8.00e-03,2.95e+01,
19148,-1.60e-02,2.91e+01,
19149,-1.60e-02,2.95e+01,
19150,-8.00e-03,2.95e+01,
19151,-8.00e-03,2.95e+01,
19152,-1.60e-02,2.95e+01,
19153,-8.00e-03,2.95e+01,
19154,-8.00e-03,2.95e+01,
19155,-8.00e-03,2.95e+01,
19156,-1.60e-02,2.95e+01,
19157,-8.00e-03,2.91e+01,
19158,-1.60e-02,2.95e+01,
19159,-8.00e-03,2.95e+01,
19160,-1.60e-02,2.95e+01,
19161,-8.00e-03,2.91e+01,
19162,-8.00e-03,2.95e+01,
19163,-8.00e-03,2.95e+01,
19164,-1.60e-02,2.91e+01,
19165,-8.00e-03,2.95e+01,
19166,-8.00e-03,2.95e+01,
19167,-8.00e-03,2.91e+01,
19168,-1.60e-02,2.91e+01,
19169,-8.00e-03,2.95e+01,
19170,-8.00e-03,2.95e+01,
19171,-8.00e-03,2.95e+01,
19172,-8.00e-03,2.91e+01,
19173,-8.00e-03,2.95e+01,
19174,-8.00e-03,2.95e+01,
19175,-8.00e-03,2.95e+01,
19176,-8.00e-03,2.95e+01,
19177,-8.00e-03,2.95e+01,
19178,-8.00e-03,2.95e+01,
19179,-8.00e-03,2.95e+01,
19180,-8.00e-03,2.95e+01,
19181,-8.00e-03,2.91e+01,
19182,-8.00e-03,2.95e+01,
19183,-8.00e-03,2.95e+01,
19184,-8.00e-03,2.95e+01,
19185,-8.00e-03,2.95e+01,
19186,-8.00e-03,2.95e+01,
19187,-8.00e-03,2.95e+01,
19188,-1.60e-02,2.95e+01,
19189,-8.00e-03,2.95e+01,
19190,-8.00e-03,2.95e+01,
19191,-8.00e-03,2.95e+01,
19192,-1.60e-02,2.95e+01,
19193,-8.00e-03,2.95e+01,
19194,-8.00e-03,2.95e+01,
19195,-8.00e-03,2.95e+01,
19196,-8.00e-03,2.91e+01,
19197,-8.00e-03,2.95e+01,
19198,-8.00e-03,2.95e+01,
19199,-8.00e-03,2.95e+01,
19200,-8.00e-03,2.91e+01,
19201,-8.00e-03,2.91e+01,
19202,-8.00e-03,2.95e+01,
19203,-8.00e-03,2.95e+01,
19204,-1.60e-02,2.91e+01,
19205,-8.00e-03,2.95e+01,
19206,-8.00e-03,2.95e+01,
19207,-8.00e-03,2.95e+01,
19208,-1.60e-02,2.95e+01,
19209,-8.00e-03,2.95e+01,
19210,-8.00e-03,2.95e+01,
19211,-8.00e-03,2.95e+01,
19212,-1.60e-02,2.95e+01,
19213,-8.00e-03,2.95e+01,
19214,-8.00e-03,2.95e+01,
19215,-8.00e-03,2.91e+01,
19216,-1.60e-02,2.95e+01,
19217,-1.60e-02,2.95e+01,
19218,-1.60e-02,2.95e+01,
19219,-8.00e-03,2.95e+01,
19220,-1.60e-02,2.95e+01,
19221,-8.00e-03,2.95e+01,
19222,-8.00e-03,2.95e+01,
19223,-8.00e-03,2.91e+01,
19224,-1.60e-02,2.95e+01,
19225,-8.00e-03,2.95e+01,
19226,-1.60e-02,2.95e+01,
19227,-8.00e-03,2.95e+01,
19228,-8.00e-03,2.95e+01,
19229,-8.00e-03,2.95e+01,
19230,-8.00e-03,2.95e+01,
19231,-8.00e-03,2.95e+01,
19232,-1.60e-02,2.95e+01,
19233,-8.00e-03,2.95e+01,
19234,-8.00e-03,2.95e+01,
19235,-8.00e-03,2.95e+01,
19236,-8.00e-03,2.95e+01,
19237,-8.00e-03,2.91e+01,
19238,-8.00e-03,2.95e+01,
19239,-8.00e-03,2.91e+01,
19240,-8.00e-03,2.95e+01,
19241,-8.00e-03,2.95e+01,
19242,-8.00e-03,2.95e+01,
19243,-8.00e-03,2.95e+01,
19244,-8.00e-03,2.95e+01,
19245,-8.00e-03,2.95e+01,
19246,-8.00e-03,2.95e+01,
19247,-8.00e-03,2.95e+01,
19248,-8.00e-03,2.91e+01,
19249,-8.00e-03,2.95e+01,
19250,-8.00e-03,2.95e+01,
19251,-8.00e-03,2.95e+01,
19252,-1.60e-02,2.91e+01,
19253,-8.00e-03,2.95e+01,
19254,-8.00e-03,2.95e+01,
19255,-8.00e-03,2.95e+01,
19256,-1.60e-02,2.95e+01,
19257,-8.00e-03,2.91e+01,
19258,-8.00e-03,2.95e+01,
19259,-8.00e-03,2.95e+01,
19260,-8.00e-03,2.91e+01,
19261,-8.00e-03,2.95e+01,
19262,-1.60e-02,2.95e+01,
19263,-8.00e-03,2.95e+01,
19264,-1.60e-02,2.95e+01,
19265,-8.00e-03,2.95e+01,
19266,-8.00e-03,2.95e+01,
19267,-8.00e-03,2.95e+01,
19268,-1.60e-02,2.95e+01,
19269,-8.00e-03,2.91e+01,
19270,-8.00e-03,2.95e+01,
19271,-8.00e-03,2.95e+01,
19272,-8.00e-03,2.95e+01,
19273,-8.00e-03,2.95e+01,
19274,-8.00e-03,2.95e+01,
19275,-8.00e-03,2.95e+01,
19276,-1.60e-02,2.95e+01,
19277,-8.00e-03,2.95e+01,
19278,-8.00e-03,2.95e+01,
19279,-8.00e-03,2.95e+01,
19280,-1.60e-02,2.91e+01,
19281,-1.60e-02,2.95e+01,
19282,-8.00e-03,2.95e+01,
19283,-8.00e-03,2.95e+01,
19284,-8.00e-03,2.91e+01,
19285,-1.60e-02,2.95e+01,
19286,-8.00e-03,2.95e+01,
19287,-8.00e-03,2.95e+01,
19288,-1.60e-02,2.91e+01,
19289,-8.00e-03,2.95e+01,
19290,-8.00e-03,2.95e+01,
19291,-8.00e-03,2.95e+01,
19292,-1.60e-02,2.95e+01,
19293,-8.00e-03,2.91e+01,
19294,-8.00e-03,2.95e+01,
19295,-8.00e-03,2.95e+01,
19296,-1.60e-02,2.95e+01,
19297,-8.00e-03,2.95e+01,
19298,-1.60e-02,2.95e+01,
19299,-8.00e-03,2.95e+01,
19300,-1.60e-02,2.95e+01,
19301,-1.60e-02,2.91e+01,
19302,-8.00e-03,2.95e+01,
19303,-8.00e-03,2.95e+01,
19304,-1.60e-02,2.95e+01,
19305,-8.00e-03,2.95e+01,
19306,-8.00e-03,2.95e+01,
19307,-8.00e-03,2.91e+01,
19308,-8.00e-03,2.91e+01,
19309,-8.00e-03,2.95e+01,
19310,-1.60e-02,2.95e+01,
19311,-8.00e-03,2.91e+01,
19312,-8.00e-03,2.91e+01,
19313,-8.00e-03,2.95e+01,
19314,-1.60e-02,2.91e+01,
19315,-8.00e-03,2.95e+01,
19316,-1.60e-02,2.91e+01,
19317,-8.00e-03,2.91e+01,
19318,-8.00e-03,2.95e+01,
19319,-8.00e-03,2.95e+01,
19320,-1.60e-02,2.91e+01,
19321,-8.00e-03,2.95e+01,
19322,-8.00e-03,2.95e+01,
19323,-8.00e-03,2.95e+01,
19324,-1.60e-02,2.95e+01,
19325,-8.00e-03,2.95e+01,
19326,-8.00e-03,2.95e+01,
19327,-8.00e-03,2.95e+01,
19328,-1.60e-02,2.95e+01,
19329,-8.00e-03,2.95e+01,
19330,-1.60e-02,2.91e+01,
19331,-8.00e-03,2.95e+01,
19332,-8.00e-03,2.91e+01,
19333,-8.00e-03,2.95e+01,
19334,-1.60e-02,2.95e+01,
19335,-8.00e-03,2.95e+01,
19336,-1.60e-02,2.95e+01,
19337,-8.00e-03,2.95e+01,
19338,-1.60e-02,2.95e+01,
19339,-8.00e-03,2.95e+01,
19340,-1.60e-02,2.95e+01,
19341,-8.00e-03,2.95e+01,
19342,-8.00e-03,2.95e+01,
19343,-8.00e-03,2.91e+01,
19344,-8.00e-03,2.91e+01,
19345,-8.00e-03,2.91e+01,
19346,-8.00e-03,2.95e+01,
19347,-8.00e-03,2.95e+01,
19348,-1.60e-02,2.95e+01,
19349,-1.60e-02,2.95e+01,
19350,-1.60e-02,2.95e+01,
19351,-8.00e-03,2.95e+01,
19352,-1.60e-02,2.95e+01,
19353,-8.00e-03,2.95e+01,
19354,-8.00e-03,2.95e+01,
19355,-8.00e-03,2.95e+01,
19356,-1.60e-02,2.95e+01,
19357,-8.00e-03,2.95e+01,
19358,-8.00e-03,2.95e+01,
19359,-8.00e-03,2.95e+01,
19360,-1.60e-02,2.95e+01,
19361,-8.00e-03,2.95e+01,
19362,-1.60e-02,2.95e+01,
19363,-8.00e-03,2.95e+01,
19364,-1.60e-02,2.95e+01,
19365,-8.00e-03,2.95e+01,
19366,-8.00e-03,2.95e+01,
19367,-8.00e-03,2.95e+01,
19368,-1.60e-02,2.91e+01,
19369,-8.00e-03,2.91e+01,
19370,-1.60e-02,2.95e+01,
19371,-8.00e-03,2.95e+01,
19372,-1.60e-02,2.95e+01,
19373,-8.00e-03,2.91e+01,
19374,-8.00e-03,2.95e+01,
19375,-8.00e-03,2.95e+01,
19376,-8.00e-03,2.91e+01,
19377,-1.60e-02,2.91e+01,
19378,-1.60e-02,2.95e+01,
19379,-8.00e-03,2.95e+01,
19380,-8.00e-03,2.95e+01,
19381,-8.00e-03,2.91e+01,
19382,-1.60e-02,2.95e+01,
19383,-8.00e-03,2.95e+01,
19384,-8.00e-03,2.95e+01,
19385,-8.00e-03,2.95e+01,
19386,-1.60e-02,2.95e+01,
19387,-8.00e-03,2.95e+01,
19388,-1.60e-02,2.95e+01,
19389,-8.00e-03,2.91e+01,
19390,-8.00e-03,2.95e+01,
19391,-8.00e-03,2.95e+01,
19392,-8.00e-03,2.91e+01,
19393,-8.00e-03,2.95e+01,
19394,-1.60e-02,2.95e+01,
19395,-8.00e-03,2.95e+01,
19396,-8.00e-03,2.95e+01,
19397,-1.60e-02,2.91e+01,
19398,-1.60e-02,2.95e+01,
19399,-8.00e-03,2.95e+01,
19400,-1.60e-02,2.95e+01,
19401,-8.00e-03,2.91e+01,
19402,-8.00e-03,2.95e+01,
19403,-8.00e-03,2.95e+01,
19404,-1.60e-02,2.95e+01,
19405,-8.00e-03,2.91e+01,
19406,-8.00e-03,2.95e+01,
19407,-8.00e-03,2.95e+01,
19408,-1.60e-02,2.95e+01,
19409,-8.00e-03,2.95e+01,
19410,-8.00e-03,2.95e+01,
19411,-8.00e-03,2.95e+01,
19412,-1.60e-02,2.95e+01,
19413,-1.60e-02,2.91e+01,
19414,-1.60e-02,2.95e+01,
19415,-8.00e-03,2.95e+01,
19416,-1.60e-02,2.95e+01,
19417,-8.00e-03,2.95e+01,
19418,-8.00e-03,2.95e+01,
19419,-8.00e-03,2.95e+01,
19420,-1.60e-02,2.91e+01,
19421,-8.00e-03,2.95e+01,
19422,-8.00e-03,2.95e+01,
19423,-8.00e-03,2.95e+01,
19424,-8.00e-03,2.91e+01,
19425,-8.00e-03,2.95e+01,
19426,-1.60e-02,2.95e+01,
19427,-8.00e-03,2.95e+01,
19428,-1.60e-02,2.95e+01,
19429,-8.00e-03,2.95e+01,
19430,-8.00e-03,2.95e+01,
19431,-8.00e-03,2.95e+01,
19432,-1.60e-02,2.91e+01,
19433,-8.00e-03,2.95e+01,
19434,-8.00e-03,2.95e+01,
19435,-8.00e-03,2.95e+01,
19436,-1.60e-02,2.95e+01,
19437,-8.00e-03,2.91e+01,
19438,-8.00e-03,2.95e+01,
19439,-8.00e-03,2.95e+01,
19440,-1.60e-02,2.95e+01,
19441,-8.00e-03,2.95e+01,
19442,-8.00e-03,2.95e+01,
19443,-8.00e-03,2.95e+01,
19444,-8.00e-03,2.91e+01,
19445,-8.00e-03,2.95e+01,
19446,-8.00e-03,2.95e+01,
19447,-8.00e-03,2.95e+01,
19448,-1.60e-02,2.91e+01,
19449,-8.00e-03,2.95e+01,
19450,-8.00e-03,2.95e+01,
19451,-8.00e-03,2.95e+01,
19452,-1.60e-02,2.95e+01,
19453,-1.60e-02,2.91e+01,
19454,-1.60e-02,2.95e+01,
19455,-8.00e-03,2.95e+01,
19456,-1.60e-02,2.95e+01,
19457,-8.00e-03,2.95e+01,
19458,-8.00e-03,2.95e+01,
19459,-8.00e-03,2.95e+01,
19460,-8.00e-03,2.95e+01,
19461,-8.00e-03,2.95e+01,
19462,-8.00e-03,2.95e+01,
19463,-8.00e-03,2.95e+01,
19464,-1.60e-02,2.95e+01,
19465,-1.60e-02,2.95e+01,
19466,-8.00e-03,2.95e+01,
19467,-8.00e-03,2.95e+01,
19468,-1.60e-02,2.95e+01,
19469,-1.60e-02,2.95e+01,
19470,-8.00e-03,2.95e+01,
19471,-8.00e-03,2.95e+01,
19472,-1.60e-02,2.95e+01,
19473,-8.00e-03,2.95e+01,
19474,-1.60e-02,2.95e+01,
19475,-8.00e-03,2.95e+01,
19476,-8.00e-03,2.95e+01,
19477,-1.60e-02,2.91e+01,
19478,-1.60e-02,2.95e+01,
19479,-8.00e-03,2.95e+01,
19480,-1.60e-02,2.95e+01,
19481,-8.00e-03,2.95e+01,
19482,-8.00e-03,2.95e+01,
19483,-8.00e-03,2.95e+01,
19484,-1.60e-02,2.95e+01,
19485,-1.60e-02,2.95e+01,
19486,-8.00e-03,2.95e+01,
19487,-8.00e-03,2.95e+01,
19488,-1.60e-02,2.95e+01,
19489,-8.00e-03,2.95e+01,
19490,-1.60e-02,2.95e+01,
19491,-8.00e-03,2.95e+01,
19492,-1.60e-02,2.95e+01,
19493,-8.00e-03,2.95e+01,
19494,-8.00e-03,2.95e+01,
19495,-8.00e-03,2.95e+01,
19496,-1.60e-02,2.91e+01,
19497,-1.60e-02,2.95e+01,
19498,-1.60e-02,2.95e+01,
19499,-8.00e-03,2.95e+01,
19500,-1.60e-02,2.95e+01,
19501,-8.00e-03,2.95e+01,
19502,-8.00e-03,2.95e+01,
19503,-8.00e-03,2.95e+01,
19504,-8.00e-03,2.95e+01,
19505,-1.60e-02,2.95e+01,
19506,-1.60e-02,2.95e+01,
19507,-8.00e-03,2.95e+01,
19508,-1.60e-02,2.91e+01,
19509,-1.60e-02,2.95e+01,
19510,-8.00e-03,2.95e+01,
19511,-8.00e-03,2.95e+01,
19512,-1.60e-02,2.95e+01,
19513,-1.60e-02,2.95e+01,
19514,-8.00e-03,2.95e+01,
19515,-8.00e-03,2.95e+01,
19516,-1.60e-02,2.95e+01,
19517,-8.00e-03,2.95e+01,
19518,-8.00e-03,2.95e+01,
19519,-8.00e-03,2.95e+01,
19520,-1.60e-02,2.91e+01,
19521,-8.00e-03,2.95e+01,
19522,-8.00e-03,2.95e+01,
19523,-8.00e-03,2.95e+01,
19524,-1.60e-02,2.95e+01,
19525,-8.00e-03,2.95e+01,
19526,-1.60e-02,2.95e+01,
19527,-8.00e-03,2.95e+01,
19528,-8.00e-03,2.95e+01,
19529,-8.00e-03,2.95e+01,
19530,-8.00e-03,2.95e+01,
19531,-8.00e-03,2.91e+01,
19532,-1.60e-02,2.95e+01,
19533,-1.60e-02,2.95e+01,
19534,-8.00e-03,2.95e+01,
19535,-8.00e-03,2.95e+01,
19536,-1.60e-02,2.91e+01,
19537,-1.60e-02,2.95e+01,
19538,-1.60e-02,2.95e+01,
19539,-8.00e-03,2.95e+01,
19540,-1.60e-02,2.95e+01,
19541,-8.00e-03,2.91e+01,
19542,-8.00e-03,2.95e+01,
19543,-8.00e-03,2.95e+01,
19544,-1.60e-02,2.95e+01,
19545,-1.60e-02,2.95e+01,
19546,-8.00e-03,2.95e+01,
19547,-8.00e-03,2.95e+01,
19548,-1.60e-02,2.95e+01,
19549,-8.00e-03,2.95e+01,
19550,-8.00e-03,2.95e+01,
19551,-8.00e-03,2.95e+01,
19552,-1.60e-02,2.95e+01,
19553,-1.60e-02,2.95e+01,
19554,-8.00e-03,2.95e+01,
19555,-8.00e-03,2.95e+01,
19556,-1.60e-02,2.95e+01,
19557,-8.00e-03,2.95e+01,
19558,-8.00e-03,2.95e+01,
19559,-8.00e-03,2.95e+01,
19560,-1.60e-02,2.95e+01,
19561,-1.60e-02,2.95e+01,
19562,-1.60e-02,2.95e+01,
19563,-8.00e-03,2.95e+01,
19564,-8.00e-03,2.95e+01,
19565,-8.00e-03,2.95e+01,
19566,-8.00e-03,2.95e+01,
19567,-8.00e-03,2.95e+01,
19568,-1.60e-02,2.95e+01,
19569,-8.00e-03,2.95e+01,
19570,-8.00e-03,2.95e+01,
19571,-8.00e-03,2.95e+01,
19572,-1.60e-02,2.95e+01,
19573,-8.00e-03,2.95e+01,
19574,-8.00e-03,2.95e+01,
19575,-8.00e-03,2.95e+01,
19576,-8.00e-03,2.95e+01,
19577,-8.00e-03,2.95e+01,
19578,-1.60e-02,2.95e+01,
19579,-8.00e-03,2.95e+01,
19580,-8.00e-03,2.95e+01,
19581,-1.60e-02,2.95e+01,
19582,-1.60e-02,2.95e+01,
19583,-8.00e-03,2.95e+01,
19584,-1.60e-02,2.95e+01,
19585,-8.00e-03,2.95e+01,
19586,-1.60e-02,2.95e+01,
19587,-8.00e-03,2.95e+01,
19588,-1.60e-02,2.95e+01,
19589,-8.00e-03,2.95e+01,
19590,-1.60e-02,2.95e+01,
19591,-8.00e-03,2.95e+01,
19592,-1.60e-02,2.95e+01,
19593,-8.00e-03,2.91e+01,
19594,-1.60e-02,2.95e+01,
19595,-8.00e-03,2.95e+01,
19596,-1.60e-02,2.95e+01,
19597,-8.00e-03,2.91e+01,
19598,-1.60e-02,2.95e+01,
19599,-8.00e-03,2.95e+01,
19600,-1.60e-02,2.91e+01,
19601,-8.00e-03,2.95e+01,
19602,-8.00e-03,2.95e+01,
19603,-8.00e-03,2.95e+01,
19604,-1.60e-02,2.91e+01,
19605,-8.00e-03,2.95e+01,
19606,-8.00e-03,2.95e+01,
19607,-8.00e-03,2.95e+01,
19608,-8.00e-03,2.95e+01,
19609,-8.00e-03,2.95e+01,
19610,-1.60e-02,2.95e+01,
19611,-8.00e-03,2.95e+01,
19612,-8.00e-03,2.95e+01,
19613,-1.60e-02,2.95e+01,
19614,-1.60e-02,2.95e+01,
19615,-8.00e-03,2.95e+01,
19616,-1.60e-02,2.91e+01,
19617,-1.60e-02,2.95e+01,
19618,-8.00e-03,2.95e+01,
19619,-8.00e-03,2.95e+01,
19620,-1.60e-02,2.95e+01,
19621,-1.60e-02,2.95e+01,
19622,-1.60e-02,2.95e+01,
19623,-8.00e-03,2.95e+01,
19624,-1.60e-02,2.95e+01,
19625,-1.60e-02,2.95e+01,
19626,-1.60e-02,2.95e+01,
19627,-8.00e-03,2.95e+01,
19628,-1.60e-02,2.91e+01,
19629,-8.00e-03,2.91e+01,
19630,-1.60e-02,2.95e+01,
19631,-8.00e-03,2.95e+01,
19632,-8.00e-03,2.95e+01,
19633,-8.00e-03,2.95e+01,
19634,-8.00e-03,2.95e+01,
19635,-8.00e-03,2.95e+01,
19636,-8.00e-03,2.95e+01,
19637,-8.00e-03,2.91e+01,
19638,-1.60e-02,2.95e+01,
19639,-8.00e-03,2.95e+01,
19640,-1.60e-02,2.95e+01,
19641,-8.00e-03,2.95e+01,
19642,-1.60e-02,2.95e+01,
19643,-8.00e-03,2.95e+01,
19644,-1.60e-02,2.95e+01,
19645,-1.60e-02,2.95e+01,
19646,-1.60e-02,2.95e+01,
19647,-8.00e-03,2.95e+01,
19648,-1.60e-02,2.95e+01,
19649,-8.00e-03,2.95e+01,
19650,-8.00e-03,2.95e+01,
19651,-8.00e-03,2.95e+01,
19652,-1.60e-02,2.95e+01,
19653,-8.00e-03,2.95e+01,
19654,-1.60e-02,2.95e+01,
19655,-8.00e-03,2.95e+01,
19656,-8.00e-03,2.95e+01,
19657,-8.00e-03,2.95e+01,
19658,-1.60e-02,2.95e+01,
19659,-8.00e-03,2.95e+01,
19660,-1.60e-02,2.95e+01,
19661,-1.60e-02,2.91e+01,
19662,-1.60e-02,2.95e+01,
19663,-8.00e-03,2.95e+01,
19664,-1.60e-02,2.95e+01,
19665,-1.60e-02,2.95e+01,
19666,-1.60e-02,2.95e+01,
19667,-8.00e-03,2.95e+01,
19668,-1.60e-02,2.95e+01,
19669,-1.60e-02,2.95e+01,
19670,-1.60e-02,2.95e+01,
19671,-8.00e-03,2.95e+01,
19672,-8.00e-03,2.95e+01,
19673,-8.00e-03,2.95e+01,
19674,-1.60e-02,2.95e+01,
19675,-8.00e-03,2.95e+01,
19676,-1.60e-02,2.95e+01,
19677,-1.60e-02,2.91e+01,
19678,-1.60e-02,2.95e+01,
19679,-8.00e-03,2.95e+01,
19680,-1.60e-02,2.95e+01,
19681,-8.00e-03,2.95e+01,
19682,-1.60e-02,2.95e+01,
19683,-8.00e-03,2.95e+01,
19684,-8.00e-03,2.95e+01,
19685,-8.00e-03,2.91e+01,
19686,-8.00e-03,2.95e+01,
19687,-8.00e-03,2.95e+01,
19688,-1.60e-02,2.95e+01,
19689,-1.60e-02,2.95e+01,
19690,-8.00e-03,2.95e+01,
19691,-8.00e-03,2.95e+01,
19692,-1.60e-02,2.95e+01,
19693,-8.00e-03,2.95e+01,
19694,-1.60e-02,2.95e+01,
19695,-8.00e-03,2.95e+01,
19696,-1.60e-02,2.91e+01,
19697,-1.60e-02,2.95e+01,
19698,-8.00e-03,2.95e+01,
19699,-8.00e-03,2.95e+01,
19700,-1.60e-02,2.95e+01,
19701,-8.00e-03,2.95e+01,
19702,-8.00e-03,2.95e+01,
19703,-8.00e-03,2.95e+01,
19704,-1.60e-02,2.95e+01,
19705,-1.60e-02,2.95e+01,
19706,-1.60e-02,2.95e+01,
19707,-8.00e-03,2.95e+01,
19708,-1.60e-02,2.95e+01,
19709,-8.00e-03,2.95e+01,
19710,-1.60e-02,2.95e+01,
19711,-8.00e-03,2.95e+01,
19712,-1.60e-02,2.95e+01,
19713,-1.60e-02,2.95e+01,
19714,-1.60e-02,2.95e+01,
19715,-8.00e-03,2.95e+01,
19716,-1.60e-02,2.95e+01,
19717,-1.60e-02,2.95e+01,
19718,-1.60e-02,2.95e+01,
19719,-8.00e-03,2.95e+01,
19720,-1.60e-02,2.95e+01,
19721,-1.60e-02,2.95e+01,
19722,-8.00e-03,2.95e+01,
19723,-8.00e-03,2.95e+01,
19724,-1.60e-02,2.95e+01,
19725,-1.60e-02,2.95e+01,
19726,-1.60e-02,2.95e+01,
19727,-8.00e-03,2.95e+01,
19728,-1.60e-02,2.95e+01,
19729,-1.60e-02,2.95e+01,
19730,-1.60e-02,2.95e+01,
19731,-8.00e-03,2.95e+01,
19732,-1.60e-02,2.95e+01,
19733,-8.00e-03,2.95e+01,
19734,-8.00e-03,2.95e+01,
19735,-8.00e-03,2.91e+01,
19736,-1.60e-02,2.95e+01,
19737,-1.60e-02,2.95e+01,
19738,-1.60e-02,2.95e+01,
19739,-8.00e-03,2.95e+01,
19740,-1.60e-02,2.95e+01,
19741,-8.00e-03,2.95e+01,
19742,-8.00e-03,2.95e+01,
19743,-8.00e-03,2.95e+01,
19744,-1.60e-02,2.95e+01,
19745,-8.00e-03,2.95e+01,
19746,-1.60e-02,2.95e+01,
19747,-8.00e-03,2.95e+01,
19748,-1.60e-02,2.91e+01,
19749,-8.00e-03,2.95e+01,
19750,-8.00e-03,2.95e+01,
19751,-8.00e-03,2.91e+01,
19752,-1.60e-02,2.95e+01,
19753,-8.00e-03,2.95e+01,
19754,-1.60e-02,2.95e+01,
19755,-8.00e-03,2.95e+01,
19756,-1.60e-02,2.95e+01,
19757,-8.00e-03,2.95e+01,
19758,-1.60e-02,2.95e+01,
19759,-1.60e-02,2.91e+01,
19760,-1.60e-02,2.95e+01,
19761,-1.60e-02,2.95e+01,
19762,-8.00e-03,2.95e+01,
19763,-8.00e-03,2.95e+01,
19764,-8.00e-03,2.91e+01,
19765,-8.00e-03,2.95e+01,
19766,-1.60e-02,2.95e+01,
19767,-8.00e-03,2.95e+01,
19768,-1.60e-02,2.95e+01,
19769,-8.00e-03,2.95e+01,
19770,-1.60e-02,2.95e+01,
19771,-8.00e-03,2.95e+01,
19772,-1.60e-02,2.95e+01,
19773,-1.60e-02,2.91e+01,
19774,-1.60e-02,2.95e+01,
19775,-8.00e-03,2.95e+01,
19776,-1.60e-02,2.91e+01,
19777,-1.60e-02,2.95e+01,
19778,-1.60e-02,2.95e+01,
19779,-8.00e-03,2.95e+01,
19780,-1.60e-02,2.95e+01,
19781,-8.00e-03,2.91e+01,
19782,-8.00e-03,2.95e+01,
19783,-8.00e-03,2.95e+01,
19784,-1.60e-02,2.91e+01,
19785,-8.00e-03,2.95e+01,
19786,-1.60e-02,2.95e+01,
19787,-8.00e-03,2.95e+01,
19788,-1.60e-02,2.95e+01,
19789,-8.00e-03,2.95e+01,
19790,-8.00e-03,2.95e+01,
19791,-8.00e-03,2.95e+01,
19792,-1.60e-02,2.95e+01,
19793,-1.60e-02,2.95e+01,
19794,-1.60e-02,2.95e+01,
19795,-8.00e-03,2.95e+01,
19796,-1.60e-02,2.95e+01,
19797,-1.60e-02,2.95e+01,
19798,-1.60e-02,2.95e+01,
19799,-8.00e-03,2.95e+01,
19800,-1.60e-02,2.95e+01,
19801,-1.60e-02,2.95e+01,
19802,-8.00e-03,2.95e+01,
19803,-8.00e-03,2.95e+01,
19804,-8.00e-03,2.95e+01,
19805,-8.00e-03,2.91e+01,
19806,-8.00e-03,2.95e+01,
19807,-8.00e-03,2.95e+01,
19808,-1.60e-02,2.95e+01,
19809,-1.60e-02,2.95e+01,
19810,-1.60e-02,2.95e+01,
19811,-8.00e-03,2.95e+01,
19812,-1.60e-02,2.91e+01,
19813,-1.60e-02,2.91e+01,
19814,-1.60e-02,2.95e+01,
19815,-8.00e-03,2.95e+01,
19816,-1.60e-02,2.91e+01,
19817,-1.60e-02,2.95e+01,
19818,-1.60e-02,2.95e+01,
19819,-8.00e-03,2.95e+01,
19820,-1.60e-02,2.91e+01,
19821,-8.00e-03,2.91e+01,
19822,-8.00e-03,2.95e+01,
19823,-8.00e-03,2.95e+01,
19824,-1.60e-02,2.91e+01,
19825,-1.60e-02,2.95e+01,
19826,-1.60e-02,2.95e+01,
19827,-8.00e-03,2.91e+01,
19828,-1.60e-02,2.91e+01,
19829,-8.00e-03,2.91e+01,
19830,-1.60e-02,2.95e+01,
19831,-8.00e-03,2.95e+01,
19832,-1.60e-02,2.95e+01,
19833,-1.60e-02,2.95e+01,
19834,-8.00e-03,2.95e+01,
19835,-8.00e-03,2.95e+01,
19836,-1.60e-02,2.91e+01,
19837,-1.60e-02,2.91e+01,
19838,-1.60e-02,2.95e+01,
19839,-8.00e-03,2.95e+01,
19840,-1.60e-02,2.95e+01,
19841,-1.60e-02,2.95e+01,
19842,-1.60e-02,2.95e+01,
19843,-8.00e-03,2.95e+01,
19844,-1.60e-02,2.91e+01,
19845,-1.60e-02,2.95e+01,
19846,-1.60e-02,2.95e+01,
19847,-8.00e-03,2.95e+01,
19848,-1.60e-02,2.95e+01,
19849,-1.60e-02,2.95e+01,
19850,-1.60e-02,2.95e+01,
19851,-8.00e-03,2.95e+01,
19852,-1.60e-02,2.95e+01,
19853,-1.60e-02,2.95e+01,
19854,-8.00e-03,2.95e+01,
19855,-8.00e-03,2.95e+01,
19856,-1.60e-02,2.95e+01,
19857,-1.60e-02,2.91e+01,
19858,-1.60e-02,2.95e+01,
19859,-8.00e-03,2.95e+01,
19860,-1.60e-02,2.95e+01,
19861,-1.60e-02,2.95e+01,
19862,-8.00e-03,2.95e+01,
19863,-8.00e-03,2.95e+01,
19864,-1.60e-02,2.95e+01,
19865,-8.00e-03,2.95e+01,
19866,-1.60e-02,2.95e+01,
19867,-8.00e-03,2.95e+01,
19868,-1.60e-02,2.95e+01,
19869,-1.60e-02,2.91e+01,
19870,-1.60e-02,2.95e+01,
19871,-8.00e-03,2.95e+01,
19872,-1.60e-02,2.91e+01,
19873,-1.60e-02,2.95e+01,
19874,-1.60e-02,2.95e+01,
19875,-8.00e-03,2.95e+01,
19876,-1.60e-02,2.95e+01,
19877,-1.60e-02,2.95e+01,
19878,-1.60e-02,2.95e+01,
19879,-8.00e-03,2.95e+01,
19880,-1.60e-02,2.95e+01,
19881,-8.00e-03,2.95e+01,
19882,-1.60e-02,2.95e+01,
19883,-8.00e-03,2.95e+01,
19884,-1.60e-02,2.95e+01,
19885,-1.60e-02,2.95e+01,
19886,-1.60e-02,2.95e+01,
19887,-8.00e-03,2.95e+01,
19888,-1.60e-02,2.95e+01,
19889,-1.60e-02,2.95e+01,
19890,-8.00e-03,2.95e+01,
19891,-8.00e-03,2.95e+01,
19892,-1.60e-02,2.95e+01,
19893,-1.60e-02,2.95e+01,
19894,-8.00e-03,2.95e+01,
19895,-8.00e-03,2.91e+01,
19896,-1.60e-02,2.91e+01,
19897,-1.60e-02,2.95e+01,
19898,-1.60e-02,2.95e+01,
19899,-8.00e-03,2.95e+01,
19900,-1.60e-02,2.95e+01,
19901,-1.60e-02,2.91e+01,
19902,-1.60e-02,2.95e+01,
19903,-8.00e-03,2.95e+01,
19904,-1.60e-02,2.95e+01,
19905,-8.00e-03,2.95e+01,
19906,-1.60e-02,2.95e+01,
19907,-8.00e-03,2.95e+01,
19908,-1.60e-02,2.95e+01,
19909,-8.00e-03,2.95e+01,
19910,-1.60e-02,2.95e+01,
19911,-8.00e-03,2.91e+01,
19912,-1.60e-02,2.95e+01,
19913,-1.60e-02,2.95e+01,
19914,-1.60e-02,2.95e+01,
19915,-8.00e-03,2.95e+01,
19916,-1.60e-02,2.95e+01,
19917,-1.60e-02,2.91e+01,
19918,-8.00e-03,2.95e+01,
19919,-8.00e-03,2.95e+01,
19920,-1.60e-02,2.91e+01,
19921,-1.60e-02,2.95e+01,
19922,-1.60e-02,2.95e+01,
19923,-8.00e-03,2.91e+01,
19924,-1.60e-02,2.95e+01,
19925,-8.00e-03,2.91e+01,
19926,-1.60e-02,2.95e+01,
19927,-8.00e-03,2.95e+01,
19928,-1.60e-02,2.91e+01,
19929,-8.00e-03,2.91e+01,
19930,-8.00e-03,2.95e+01,
19931,-8.00e-03,2.95e+01,
19932,-1.60e-02,2.95e+01,
19933,-1.60e-02,2.95e+01,
19934,-8.00e-03,2.95e+01,
19935,-8.00e-03,2.95e+01,
19936,-1.60e-02,2.91e+01,
19937,-8.00e-03,2.95e+01,
19938,-1.60e-02,2.95e+01,
19939,-1.60e-02,2.95e+01,
19940,-1.60e-02,2.95e+01,
19941,-1.60e-02,2.95e+01,
19942,-1.60e-02,2.95e+01,
19943,-8.00e-03,2.91e+01,
19944,-1.60e-02,2.95e+01,
19945,-1.60e-02,2.95e+01,
19946,-8.00e-03,2.95e+01,
19947,-8.00e-03,2.95e+01,
19948,-1.60e-02,2.95e+01,
19949,-1.60e-02,2.91e+01,
19950,-1.60e-02,2.95e+01,
19951,-8.00e-03,2.95e+01,
19952,-1.60e-02,2.95e+01,
19953,-8.00e-03,2.95e+01,
19954,-1.60e-02,2.95e+01,
19955,-8.00e-03,2.95e+01,
19956,-1.60e-02,2.95e+01,
19957,-1.60e-02,2.95e+01,
19958,-1.60e-02,2.95e+01,
19959,-8.00e-03,2.95e+01,
19960,-1.60e-02,2.95e+01,
19961,-8.00e-03,2.95e+01,
19962,-8.00e-03,2.95e+01,
19963,-8.00e-03,2.95e+01,
19964,-1.60e-02,2.95e+01,
19965,-1.60e-02,2.95e+01,
19966,-1.60e-02,2.95e+01,
19967,-8.00e-03,2.95e+01,
19968,-1.60e-02,2.95e+01,
19969,-1.60e-02,2.95e+01,
19970,-1.60e-02,2.95e+01,
19971,-8.00e-03,2.95e+01,
19972,-1.60e-02,2.91e+01,
19973,-1.60e-02,2.95e+01,
19974,-1.60e-02,2.95e+01,
19975,-8.00e-03,2.95e+01,
19976,-1.60e-02,2.95e+01,
19977,-1.60e-02,2.95e+01,
19978,-8.00e-03,2.95e+01,
19979,-8.00e-03,2.95e+01,
19980,-1.60e-02,2.95e+01,
19981,-1.60e-02,2.91e+01,
19982,-1.60e-02,2.95e+01,
19983,-8.00e-03,2.95e+01,
19984,-1.60e-02,2.91e+01,
19985,-1.60e-02,2.91e+01,
19986,-1.60e-02,2.95e+01,
19987,-8.00e-03,2.95e+01,
19988,-1.60e-02,2.95e+01,
19989,-1.60e-02,2.91e+01,
19990,-1.60e-02,2.95e+01,
19991,-8.00e-03,2.95e+01,
19992,-8.00e-03,2.95e+01,
19993,-8.00e-03,2.95e+01,
19994,-1.60e-02,2.95e+01,
19995,-8.00e-03,2.95e+01,
19996,-1.60e-02,2.95e+01,
19997,-1.60e-02,2.91e+01,
19998,-1.60e-02,2.95e+01,
19999,-8.00e-03,2.95e+01,
20000,-1.60e-02,2.91e+01,
20001,-1.60e-02,2.95e+01,
20002,-1.60e-02,2.95e+01,
20003,-8.00e-03,2.95e+01,
20004,-1.60e-02,2.91e+01,
20005,-1.60e-02,2.95e+01,
20006,-1.60e-02,2.95e+01,
20007,-8.00e-03,2.95e+01,
20008,-1.60e-02,2.95e+01,
20009,-1.60e-02,2.95e+01,
20010,-1.60e-02,2.95e+01,
20011,-8.00e-03,2.95e+01,
20012,-1.60e-02,2.91e+01,
20013,-1.60e-02,2.95e+01,
20014,-1.60e-02,2.95e+01,
20015,-1.60e-02,2.95e+01,
20016,-1.60e-02,2.91e+01,
20017,-1.60e-02,2.95e+01,
20018,-1.60e-02,2.95e+01,
20019,-8.00e-03,2.95e+01,
20020,-1.60e-02,2.95e+01,
20021,-1.60e-02,2.95e+01,
20022,-8.00e-03,2.95e+01,
20023,-8.00e-03,2.95e+01,
20024,-1.60e-02,2.95e+01,
20025,-8.00e-03,2.91e+01,
20026,-1.60e-02,2.95e+01,
20027,-8.00e-03,2.95e+01,
20028,-1.60e-02,2.95e+01,
20029,-1.60e-02,2.95e+01,
20030,-1.60e-02,2.95e+01,
20031,-8.00e-03,2.95e+01,
20032,-1.60e-02,2.95e+01,
20033,-1.60e-02,2.95e+01,
20034,-1.60e-02,2.95e+01,
20035,-1.60e-02,2.95e+01,
20036,-1.60e-02,2.95e+01,
20037,-8.00e-03,2.91e+01,
20038,-1.60e-02,2.95e+01,
20039,-8.00e-03,2.91e+01,
20040,-1.60e-02,2.91e+01,
20041,-8.00e-03,2.95e+01,
20042,-1.60e-02,2.95e+01,
20043,-8.00e-03,2.95e+01,
20044,-1.60e-02,2.91e+01,
20045,-1.60e-02,2.91e+01,
20046,-1.60e-02,2.95e+01,
20047,-8.00e-03,2.95e+01,
20048,-1.60e-02,2.95e+01,
20049,-1.60e-02,2.95e+01,
20050,-1.60e-02,2.95e+01,
20051,-8.00e-03,2.95e+01,
20052,-1.60e-02,2.95e+01,
20053,-1.60e-02,2.95e+01,
20054,-1.60e-02,2.95e+01,
20055,-8.00e-03,2.95e+01,
20056,-1.60e-02,2.95e+01,
20057,-1.60e-02,2.95e+01,
20058,-1.60e-02,2.95e+01,
20059,-8.00e-03,2.95e+01,
20060,-1.60e-02,2.91e+01,
20061,-1.60e-02,2.95e+01,
20062,-1.60e-02,2.95e+01,
20063,-8.00e-03,2.95e+01,
20064,-1.60e-02,2.95e+01,
20065,-1.60e-02,2.95e+01,
20066,-1.60e-02,2.95e+01,
20067,-8.00e-03,2.95e+01,
20068,-1.60e-02,2.95e+01,
20069,-1.60e-02,2.95e+01,
20070,-1.60e-02,2.95e+01,
20071,-1.60e-02,2.95e+01,
20072,-1.60e-02,2.95e+01,
20073,-1.60e-02,2.91e+01,
20074,-1.60e-02,2.95e+01,
20075,-8.00e-03,2.95e+01,
20076,-1.60e-02,2.95e+01,
20077,-1.60e-02,2.95e+01,
20078,-8.00e-03,2.95e+01,
20079,-8.00e-03,2.91e+01,
20080,-1.60e-02,2.91e+01,
20081,-8.00e-03,2.95e+01,
20082,-1.60e-02,2.95e+01,
20083,-8.00e-03,2.95e+01,
20084,-1.60e-02,2.95e+01,
20085,-1.60e-02,2.95e+01,
20086,-1.60e-02,2.95e+01,
20087,-8.00e-03,2.95e+01,
20088,-1.60e-02,2.91e+01,
20089,-1.60e-02,2.95e+01,
20090,-1.60e-02,2.91e+01,
20091,-8.00e-03,2.95e+01,
20092,-1.60e-02,2.95e+01,
20093,-1.60e-02,2.95e+01,
20094,-1.60e-02,2.95e+01,
20095,-8.00e-03,2.95e+01,
20096,-1.60e-02,2.91e+01,
20097,-1.60e-02,2.95e+01,
20098,-1.60e-02,2.95e+01,
20099,-8.00e-03,2.95e+01,
20100,-1.60e-02,2.95e+01,
20101,-1.60e-02,2.95e+01,
20102,-1.60e-02,2.95e+01,
20103,-8.00e-03,2.95e+01,
20104,-1.60e-02,2.95e+01,
20105,-1.60e-02,2.95e+01,
20106,-1.60e-02,2.95e+01,
20107,-8.00e-03,2.95e+01,
20108,-1.60e-02,2.95e+01,
20109,-1.60e-02,2.95e+01,
20110,-1.60e-02,2.95e+01,
20111,-8.00e-03,2.95e+01,
20112,-1.60e-02,2.91e+01,
20113,-1.60e-02,2.95e+01,
20114,-1.60e-02,2.95e+01,
20115,-8.00e-03,2.95e+01,
20116,-1.60e-02,2.95e+01,
20117,-1.60e-02,2.91e+01,
20118,-1.60e-02,2.95e+01,
20119,-1.60e-02,2.95e+01,
20120,-1.60e-02,2.95e+01,
20121,-1.60e-02,2.91e+01,
20122,-1.60e-02,2.95e+01,
20123,-8.00e-03,2.95e+01,
20124,-1.60e-02,2.91e+01,
20125,-1.60e-02,2.91e+01,
20126,-1.60e-02,2.95e+01,
20127,-8.00e-03,2.95e+01,
20128,-1.60e-02,2.95e+01,
20129,-1.60e-02,2.95e+01,
20130,-1.60e-02,2.95e+01,
20131,-8.00e-03,2.95e+01,
20132,-1.60e-02,2.95e+01,
20133,-1.60e-02,2.95e+01,
20134,-1.60e-02,2.95e+01,
20135,-8.00e-03,2.91e+01,
20136,-1.60e-02,2.95e+01,
20137,-8.00e-03,2.95e+01,
20138,-1.60e-02,2.95e+01,
20139,-8.00e-03,2.95e+01,
20140,-1.60e-02,2.91e+01,
20141,-8.00e-03,2.95e+01,
20142,-1.60e-02,2.95e+01,
20143,-8.00e-03,2.95e+01,
20144,-1.60e-02,2.91e+01,
20145,-1.60e-02,2.95e+01,
20146,-1.60e-02,2.95e+01,
20147,-8.00e-03,2.95e+01,
20148,-1.60e-02,2.95e+01,
20149,-1.60e-02,2.91e+01,
20150,-8.00e-03,2.95e+01,
20151,-8.00e-03,2.95e+01,
20152,-1.60e-02,2.91e+01,
20153,-1.60e-02,2.91e+01,
20154,-8.00e-03,2.95e+01,
20155,-8.00e-03,2.95e+01,
20156,-1.60e-02,2.91e+01,
20157,-8.00e-03,2.91e+01,
20158,-8.00e-03,2.95e+01,
20159,-8.00e-03,2.95e+01,
20160,-1.60e-02,2.95e+01,
20161,-1.60e-02,2.95e+01,
20162,-1.60e-02,2.95e+01,
20163,-8.00e-03,2.91e+01,
20164,-1.60e-02,2.91e+01,
20165,-1.60e-02,2.91e+01,
20166,-1.60e-02,2.95e+01,
20167,-8.00e-03,2.95e+01,
20168,-1.60e-02,2.91e+01,
20169,-1.60e-02,2.95e+01,
20170,-1.60e-02,2.95e+01,
20171,-8.00e-03,2.95e+01,
20172,-1.60e-02,2.95e+01,
20173,-1.60e-02,2.95e+01,
20174,-8.00e-03,2.95e+01,
20175,-8.00e-03,2.91e+01,
20176,-1.60e-02,2.95e+01,
20177,-1.60e-02,2.95e+01,
20178,-1.60e-02,2.95e+01,
20179,-8.00e-03,2.95e+01,
20180,-1.60e-02,2.95e+01,
20181,-1.60e-02,2.91e+01,
20182,-1.60e-02,2.95e+01,
20183,-8.00e-03,2.95e+01,
20184,-1.60e-02,2.91e+01,
20185,-1.60e-02,2.91e+01,
20186,-1.60e-02,2.95e+01,
20187,-8.00e-03,2.95e+01,
20188,-1.60e-02,2.95e+01,
20189,-8.00e-03,2.91e+01,
20190,-1.60e-02,2.95e+01,
20191,-8.00e-03,2.95e+01,
20192,-1.60e-02,2.95e+01,
20193,-1.60e-02,2.95e+01,
20194,-1.60e-02,2.95e+01,
20195,-8.00e-03,2.95e+01,
20196,-1.60e-02,2.91e+01,
20197,-1.60e-02,2.95e+01,
20198,-1.60e-02,2.95e+01,
20199,-8.00e-03,2.95e+01,
20200,-1.60e-02,2.91e+01,
20201,-1.60e-02,2.95e+01,
20202,-1.60e-02,2.95e+01,
20203,-1.60e-02,2.95e+01,
20204,-1.60e-02,2.95e+01,
20205,-1.60e-02,2.95e+01,
20206,-1.60e-02,2.95e+01,
20207,-8.00e-03,2.95e+01,
20208,-1.60e-02,2.91e+01,
20209,-8.00e-03,2.91e+01,
20210,-1.60e-02,2.95e+01,
20211,-8.00e-03,2.95e+01,
20212,-1.60e-02,2.91e+01,
20213,-1.60e-02,2.91e+01,
20214,-1.60e-02,2.95e+01,
20215,-8.00e-03,2.91e+01,
20216,-1.60e-02,2.95e+01,
20217,-8.00e-03,2.95e+01,
20218,-1.60e-02,2.91e+01,
20219,-8.00e-03,2.95e+01,
20220,-1.60e-02,2.95e+01,
20221,-1.60e-02,2.91e+01,
20222,-1.60e-02,2.95e+01,
20223,-8.00e-03,2.95e+01,
20224,-1.60e-02,2.95e+01,
20225,-1.60e-02,2.95e+01,
20226,-1.60e-02,2.95e+01,
20227,-8.00e-03,2.95e+01,
20228,-1.60e-02,2.95e+01,
20229,-8.00e-03,2.91e+01,
20230,-1.60e-02,2.95e+01,
20231,-8.00e-03,2.95e+01,
20232,-1.60e-02,2.95e+01,
20233,-1.60e-02,2.95e+01,
20234,-1.60e-02,2.95e+01,
20235,-8.00e-03,2.95e+01,
20236,-1.60e-02,2.91e+01,
20237,-1.60e-02,2.91e+01,
20238,-8.00e-03,2.95e+01,
20239,-8.00e-03,2.91e+01,
20240,-1.60e-02,2.95e+01,
20241,-1.60e-02,2.95e+01,
20242,-1.60e-02,2.95e+01,
20243,-8.00e-03,2.95e+01,
20244,-1.60e-02,2.95e+01,
20245,-1.60e-02,2.95e+01,
20246,-1.60e-02,2.95e+01,
20247,-8.00e-03,2.95e+01,
20248,-1.60e-02,2.95e+01,
20249,-1.60e-02,2.95e+01,
20250,-1.60e-02,2.95e+01,
20251,-8.00e-03,2.91e+01,
20252,-1.60e-02,2.95e+01,
20253,-1.60e-02,2.91e+01,
20254,-8.00e-03,2.95e+01,
20255,-8.00e-03,2.95e+01,
20256,-1.60e-02,2.91e+01,
20257,-1.60e-02,2.91e+01,
20258,-1.60e-02,2.95e+01,
20259,-8.00e-03,2.95e+01,
20260,-1.60e-02,2.95e+01,
20261,-1.60e-02,2.91e+01,
20262,-8.00e-03,2.95e+01,
20263,-8.00e-03,2.91e+01,
20264,-1.60e-02,2.95e+01,
20265,-1.60e-02,2.91e+01,
20266,-1.60e-02,2.95e+01,
20267,-8.00e-03,2.95e+01,
20268,-1.60e-02,2.95e+01,
20269,-1.60e-02,2.95e+01,
20270,-1.60e-02,2.95e+01,
20271,-8.00e-03,2.95e+01,
20272,-1.60e-02,2.95e+01,
20273,-1.60e-02,2.95e+01,
20274,-1.60e-02,2.95e+01,
20275,-8.00e-03,2.95e+01,
20276,-1.60e-02,2.95e+01,
20277,-1.60e-02,2.91e+01,
20278,-1.60e-02,2.95e+01,
20279,-8.00e-03,2.95e+01,
20280,-1.60e-02,2.95e+01,
20281,-1.60e-02,2.95e+01,
20282,-1.60e-02,2.95e+01,
20283,-8.00e-03,2.95e+01,
20284,-1.60e-02,2.91e+01,
20285,-1.60e-02,2.91e+01,
20286,-1.60e-02,2.95e+01,
20287,-8.00e-03,2.95e+01,
20288,-1.60e-02,2.91e+01,
20289,-1.60e-02,2.95e+01,
20290,-1.60e-02,2.95e+01,
20291,-8.00e-03,2.95e+01,
20292,-1.60e-02,2.95e+01,
20293,-1.60e-02,2.91e+01,
20294,-1.60e-02,2.95e+01,
20295,-8.00e-03,2.91e+01,
20296,-1.60e-02,2.95e+01,
20297,-1.60e-02,2.95e+01,
20298,-1.60e-02,2.95e+01,
20299,-8.00e-03,2.95e+01,
20300,-1.60e-02,2.95e+01,
20301,-1.60e-02,2.91e+01,
20302,-8.00e-03,2.95e+01,
20303,-1.60e-02,2.95e+01,
20304,-1.60e-02,2.91e+01,
20305,-1.60e-02,2.95e+01,
20306,-1.60e-02,2.95e+01,
20307,-8.00e-03,2.91e+01,
20308,-1.60e-02,2.91e+01,
20309,-1.60e-02,2.91e+01,
20310,-1.60e-02,2.95e+01,
20311,-8.00e-03,2.91e+01,
20312,-1.60e-02,2.95e+01,
20313,-1.60e-02,2.95e+01,
20314,-1.60e-02,2.95e+01,
20315,-8.00e-03,2.95e+01,
20316,-1.60e-02,2.91e+01,
20317,-1.60e-02,2.91e+01,
20318,-1.60e-02,2.95e+01,
20319,-8.00e-03,2.91e+01,
20320,-1.60e-02,2.91e+01,
20321,-1.60e-02,2.95e+01,
20322,-1.60e-02,2.91e+01,
20323,-8.00e-03,2.95e+01,
20324,-1.60e-02,2.95e+01,
20325,-1.60e-02,2.91e+01,
20326,-1.60e-02,2.95e+01,
20327,-8.00e-03,2.95e+01,
20328,-1.60e-02,2.91e+01,
20329,-1.60e-02,2.91e+01,
20330,-1.60e-02,2.95e+01,
20331,-8.00e-03,2.95e+01,
20332,-1.60e-02,2.95e+01,
20333,-1.60e-02,2.91e+01,
20334,-8.00e-03,2.95e+01,
20335,-1.60e-02,2.91e+01,
20336,-1.60e-02,2.91e+01,
20337,-1.60e-02,2.95e+01,
20338,-1.60e-02,2.95e+01,
20339,-8.00e-03,2.95e+01,
20340,-1.60e-02,2.95e+01,
20341,-1.60e-02,2.91e+01,
20342,-1.60e-02,2.95e+01,
20343,-8.00e-03,2.91e+01,
20344,-1.60e-02,2.95e+01,
20345,-1.60e-02,2.95e+01,
20346,-1.60e-02,2.95e+01,
20347,-8.00e-03,2.95e+01,
20348,-1.60e-02,2.91e+01,
20349,-1.60e-02,2.91e+01,
20350,-1.60e-02,2.95e+01,
20351,-1.60e-02,2.95e+01,
20352,-1.60e-02,2.91e+01,
20353,-1.60e-02,2.95e+01,
20354,-1.60e-02,2.95e+01,
20355,-8.00e-03,2.95e+01,
20356,-1.60e-02,2.95e+01,
20357,-1.60e-02,2.91e+01,
20358,-1.60e-02,2.95e+01,
20359,-8.00e-03,2.95e+01,
20360,-1.60e-02,2.91e+01,
20361,-1.60e-02,2.95e+01,
20362,-1.60e-02,2.95e+01,
20363,-8.00e-03,2.95e+01,
20364,-1.60e-02,2.91e+01,
20365,-1.60e-02,2.91e+01,
20366,-1.60e-02,2.95e+01,
20367,-8.00e-03,2.91e+01,
20368,-1.60e-02,2.91e+01,
20369,-1.60e-02,2.91e+01,
20370,-1.60e-02,2.95e+01,
20371,-8.00e-03,2.91e+01,
20372,-1.60e-02,2.91e+01,
20373,-1.60e-02,2.91e+01,
20374,-1.60e-02,2.95e+01,
20375,-8.00e-03,2.91e+01,
20376,-1.60e-02,2.95e+01,
20377,-1.60e-02,2.91e+01,
20378,-1.60e-02,2.95e+01,
20379,-8.00e-03,2.95e+01,
20380,-1.60e-02,2.91e+01,
20381,-1.60e-02,2.95e+01,
20382,-1.60e-02,2.95e+01,
20383,-8.00e-03,2.91e+01,
20384,-1.60e-02,2.91e+01,
20385,-1.60e-02,2.91e+01,
20386,-1.60e-02,2.95e+01,
20387,-8.00e-03,2.91e+01,
20388,-1.60e-02,2.91e+01,
20389,-1.60e-02,2.91e+01,
20390,-1.60e-02,2.91e+01,
20391,-8.00e-03,2.91e+01,
20392,-1.60e-02,2.91e+01,
20393,-8.00e-03,2.91e+01,
20394,-1.60e-02,2.95e+01,
20395,-8.00e-03,2.95e+01,
20396,-1.60e-02,2.95e+01,
20397,-1.60e-02,2.91e+01,
20398,-1.60e-02,2.95e+01,
20399,-8.00e-03,2.95e+01,
20400,-1.60e-02,2.91e+01,
20401,-1.60e-02,2.91e+01,
20402,-1.60e-02,2.95e+01,
20403,-8.00e-03,2.91e+01,
20404,-1.60e-02,2.91e+01,
20405,-1.60e-02,2.91e+01,
20406,-1.60e-02,2.95e+01,
20407,-1.60e-02,2.91e+01,
20408,-1.60e-02,2.91e+01,
20409,-1.60e-02,2.91e+01,
20410,-8.00e-03,2.91e+01,
20411,-8.00e-03,2.95e+01,
20412,-1.60e-02,2.91e+01,
20413,-1.60e-02,2.95e+01,
20414,-1.60e-02,2.95e+01,
20415,-8.00e-03,2.91e+01,
20416,-1.60e-02,2.95e+01,
20417,-1.60e-02,2.91e+01,
20418,-1.60e-02,2.95e+01,
20419,-8.00e-03,2.95e+01,
20420,-1.60e-02,2.91e+01,
20421,-8.00e-03,2.91e+01,
20422,-8.00e-03,2.95e+01,
20423,-8.00e-03,2.91e+01,
20424,-1.60e-02,2.91e+01,
20425,-1.60e-02,2.95e+01,
20426,-1.60e-02,2.95e+01,
20427,-8.00e-03,2.95e+01,
20428,-1.60e-02,2.91e+01,
20429,-1.60e-02,2.91e+01,
20430,-1.60e-02,2.95e+01,
20431,-8.00e-03,2.91e+01,
20432,-1.60e-02,2.91e+01,
20433,-1.60e-02,2.95e+01,
20434,-1.60e-02,2.91e+01,
20435,-8.00e-03,2.95e+01,
20436,-1.60e-02,2.91e+01,
20437,-1.60e-02,2.91e+01,
20438,-1.60e-02,2.95e+01,
20439,-8.00e-03,2.95e+01,
20440,-1.60e-02,2.91e+01,
20441,-1.60e-02,2.95e+01,
20442,-1.60e-02,2.95e+01,
20443,-8.00e-03,2.91e+01,
20444,-1.60e-02,2.91e+01,
20445,-1.60e-02,2.91e+01,
20446,-1.60e-02,2.95e+01,
20447,-8.00e-03,2.91e+01,
20448,-1.60e-02,2.91e+01,
20449,-1.60e-02,2.91e+01,
20450,-1.60e-02,2.95e+01,
20451,-8.00e-03,2.91e+01,
20452,-1.60e-02,2.91e+01,
20453,-1.60e-02,2.91e+01,
20454,-1.60e-02,2.95e+01,
20455,-8.00e-03,2.95e+01,
20456,-1.60e-02,2.91e+01,
20457,-1.60e-02,2.95e+01,
20458,-1.60e-02,2.95e+01,
20459,-8.00e-03,2.95e+01,
20460,-1.60e-02,2.91e+01,
20461,-1.60e-02,2.91e+01,
20462,-1.60e-02,2.95e+01,
20463,-8.00e-03,2.91e+01,
20464,-1.60e-02,2.91e+01,
20465,-1.60e-02,2.91e+01,
20466,-1.60e-02,2.91e+01,
20467,-8.00e-03,2.91e+01,
20468,-1.60e-02,2.91e+01,
20469,-1.60e-02,2.91e+01,
20470,-1.60e-02,2.95e+01,
20471,-8.00e-03,2.91e+01,
20472,-1.60e-02,2.91e+01,
20473,-1.60e-02,2.91e+01,
20474,-1.60e-02,2.91e+01,
20475,-8.00e-03,2.91e+01,
20476,-1.60e-02,2.91e+01,
20477,-8.00e-03,2.91e+01,
20478,-1.60e-02,2.95e+01,
20479,-1.60e-02,2.91e+01,
20480,-1.60e-02,2.91e+01,
20481,-1.60e-02,2.91e+01,
20482,-1.60e-02,2.95e+01,
20483,-8.00e-03,2.95e+01,
20484,-1.60e-02,2.91e+01,
20485,-1.60e-02,2.91e+01,
20486,-1.60e-02,2.91e+01,
20487,-8.00e-03,2.91e+01,
20488,-1.60e-02,2.91e+01,
20489,-1.60e-02,2.95e+01,
20490,-1.60e-02,2.91e+01,
20491,-8.00e-03,2.95e+01,
20492,-1.60e-02,2.91e+01,
20493,-1.60e-02,2.91e+01,
20494,-8.00e-03,2.95e+01,
20495,-1.60e-02,2.91e+01,
20496,-1.60e-02,2.91e+01,
20497,-1.60e-02,2.95e+01,
20498,-1.60e-02,2.95e+01,
20499,-8.00e-03,2.95e+01,
20500,-1.60e-02,2.95e+01,
20501,-1.60e-02,2.91e+01,
20502,-1.60e-02,2.95e+01,
20503,-8.00e-03,2.91e+01,
20504,-1.60e-02,2.91e+01,
20505,-1.60e-02,2.91e+01,
20506,-1.60e-02,2.91e+01,
20507,-8.00e-03,2.91e+01,
20508,-1.60e-02,2.95e+01,
20509,-1.60e-02,2.91e+01,
20510,-1.60e-02,2.95e+01,
20511,-8.00e-03,2.91e+01,
20512,-1.60e-02,2.91e+01,
20513,-8.00e-03,2.95e+01,
20514,-1.60e-02,2.95e+01,
20515,-8.00e-03,2.91e+01,
20516,-1.60e-02,2.95e+01,
20517,-1.60e-02,2.91e+01,
20518,-1.60e-02,2.95e+01,
20519,-8.00e-03,2.95e+01,
20520,-1.60e-02,2.95e+01,
20521,-1.60e-02,2.95e+01,
20522,-1.60e-02,2.91e+01,
20523,-8.00e-03,2.91e+01,
20524,-1.60e-02,2.91e+01,
20525,-1.60e-02,2.91e+01,
20526,-1.60e-02,2.95e+01,
20527,-8.00e-03,2.91e+01,
20528,-1.60e-02,2.91e+01,
20529,-1.60e-02,2.95e+01,
20530,-1.60e-02,2.95e+01,
20531,-8.00e-03,2.95e+01,
20532,-1.60e-02,2.91e+01,
20533,-1.60e-02,2.91e+01,
20534,-1.60e-02,2.95e+01,
20535,-1.60e-02,2.91e+01,
20536,-1.60e-02,2.91e+01,
20537,-1.60e-02,2.91e+01,
20538,-1.60e-02,2.95e+01,
20539,-8.00e-03,2.91e+01,
20540,-1.60e-02,2.91e+01,
20541,-1.60e-02,2.91e+01,
20542,-1.60e-02,2.95e+01,
20543,-8.00e-03,2.91e+01,
20544,-1.60e-02,2.91e+01,
20545,-1.60e-02,2.95e+01,
20546,-1.60e-02,2.95e+01,
20547,-8.00e-03,2.91e+01,
20548,-1.60e-02,2.91e+01,
20549,-1.60e-02,2.91e+01,
20550,-1.60e-02,2.95e+01,
20551,-8.00e-03,2.91e+01,
20552,-1.60e-02,2.91e+01,
20553,-1.60e-02,2.95e+01,
20554,-8.00e-03,2.91e+01,
20555,-8.00e-03,2.95e+01,
20556,-1.60e-02,2.91e+01,
20557,-1.60e-02,2.91e+01,
20558,-1.60e-02,2.91e+01,
20559,-8.00e-03,2.91e+01,
20560,-1.60e-02,2.91e+01,
20561,-1.60e-02,2.91e+01,
20562,-1.60e-02,2.91e+01,
20563,-8.00e-03,2.95e+01,
20564,-1.60e-02,2.91e+01,
20565,-1.60e-02,2.91e+01,
20566,-1.60e-02,2.95e+01,
20567,-8.00e-03,2.91e+01,
20568,-1.60e-02,2.91e+01,
20569,-1.60e-02,2.91e+01,
20570,-1.60e-02,2.91e+01,
20571,-8.00e-03,2.91e+01,
20572,-1.60e-02,2.91e+01,
20573,-1.60e-02,2.91e+01,
20574,-1.60e-02,2.91e+01,
20575,-1.60e-02,2.91e+01,
20576,-1.60e-02,2.91e+01,
20577,-1.60e-02,2.95e+01,
20578,-1.60e-02,2.91e+01,
20579,-8.00e-03,2.91e+01,
20580,-1.60e-02,2.91e+01,
20581,-1.60e-02,2.91e+01,
20582,-1.60e-02,2.95e+01,
20583,-1.60e-02,2.91e+01,
20584,-1.60e-02,2.91e+01,
20585,-1.60e-02,2.91e+01,
20586,-1.60e-02,2.95e+01,
20587,-8.00e-03,2.91e+01,
20588,-1.60e-02,2.91e+01,
20589,-1.60e-02,2.91e+01,
20590,-1.60e-02,2.91e+01,
20591,-8.00e-03,2.91e+01,
20592,-1.60e-02,2.91e+01,
20593,-1.60e-02,2.95e+01,
20594,-1.60e-02,2.91e+01,
20595,-8.00e-03,2.91e+01,
20596,-1.60e-02,2.91e+01,
20597,-1.60e-02,2.95e+01,
20598,-1.60e-02,2.95e+01,
20599,-8.00e-03,2.91e+01,
20600,-1.60e-02,2.91e+01,
20601,-1.60e-02,2.91e+01,
20602,-1.60e-02,2.91e+01,
20603,-8.00e-03,2.91e+01,
20604,-1.60e-02,2.91e+01,
20605,-1.60e-02,2.91e+01,
20606,-1.60e-02,2.91e+01,
20607,-1.60e-02,2.91e+01,
20608,-1.60e-02,2.91e+01,
20609,-1.60e-02,2.91e+01,
20610,-1.60e-02,2.91e+01,
20611,-1.60e-02,2.91e+01,
20612,-1.60e-02,2.91e+01,
20613,-1.60e-02,2.91e+01,
20614,-1.60e-02,2.95e+01,
20615,-8.00e-03,2.91e+01,
20616,-1.60e-02,2.91e+01,
20617,-1.60e-02,2.91e+01,
20618,-1.60e-02,2.95e+01,
20619,-8.00e-03,2.91e+01,
20620,-1.60e-02,2.91e+01,
20621,-1.60e-02,2.91e+01,
20622,-1.60e-02,2.91e+01,
20623,-8.00e-03,2.91e+01,
20624,-1.60e-02,2.91e+01,
20625,-1.60e-02,2.91e+01,
20626,-1.60e-02,2.95e+01,
20627,-8.00e-03,2.91e+01,
20628,-1.60e-02,2.91e+01,
20629,-1.60e-02,2.95e+01,
20630,-1.60e-02,2.91e+01,
20631,-8.00e-03,2.91e+01,
20632,-1.60e-02,2.91e+01,
20633,-1.60e-02,2.91e+01,
20634,-1.60e-02,2.91e+01,
20635,-8.00e-03,2.91e+01,
20636,-1.60e-02,2.91e+01,
20637,-1.60e-02,2.91e+01,
20638,-1.60e-02,2.91e+01,
20639,-8.00e-03,2.91e+01,
20640,-1.60e-02,2.91e+01,
20641,-1.60e-02,2.91e+01,
20642,-1.60e-02,2.91e+01,
20643,-8.00e-03,2.91e+01,
20644,-1.60e-02,2.91e+01,
20645,-1.60e-02,2.91e+01,
20646,-1.60e-02,2.91e+01,
20647,-8.00e-03,2.91e+01,
20648,-1.60e-02,2.91e+01,
20649,-1.60e-02,2.91e+01,
20650,-1.60e-02,2.91e+01,
20651,-8.00e-03,2.91e+01,
20652,-1.60e-02,2.91e+01,
20653,-1.60e-02,2.91e+01,
20654,-1.60e-02,2.91e+01,
20655,-8.00e-03,2.91e+01,
20656,-1.60e-02,2.91e+01,
20657,-1.60e-02,2.95e+01,
20658,-1.60e-02,2.91e+01,
20659,-8.00e-03,2.91e+01,
20660,-1.60e-02,2.91e+01,
20661,-1.60e-02,2.91e+01,
20662,-1.60e-02,2.91e+01,
20663,-8.00e-03,2.91e+01,
20664,-1.60e-02,2.91e+01,
20665,-1.60e-02,2.91e+01,
20666,-1.60e-02,2.91e+01,
20667,-8.00e-03,2.91e+01,
20668,-1.60e-02,2.91e+01,
20669,-8.00e-03,2.91e+01,
20670,-1.60e-02,2.95e+01,
20671,-1.60e-02,2.91e+01,
20672,-1.60e-02,2.91e+01,
20673,-1.60e-02,2.91e+01,
20674,-1.60e-02,2.91e+01,
20675,-8.00e-03,2.91e+01,
20676,-1.60e-02,2.95e+01,
20677,-1.60e-02,2.91e+01,
20678,-1.60e-02,2.95e+01,
20679,-8.00e-03,2.91e+01,
20680,-1.60e-02,2.91e+01,
20681,-1.60e-02,2.91e+01,
20682,-1.60e-02,2.91e+01,
20683,-1.60e-02,2.91e+01,
20684,-1.60e-02,2.91e+01,
20685,-1.60e-02,2.91e+01,
20686,-1.60e-02,2.95e+01,
20687,-8.00e-03,2.91e+01,
20688,-1.60e-02,2.91e+01,
20689,-1.60e-02,2.91e+01,
20690,-1.60e-02,2.91e+01,
20691,-8.00e-03,2.95e+01,
20692,-1.60e-02,2.91e+01,
20693,-1.60e-02,2.91e+01,
20694,-1.60e-02,2.91e+01,
20695,-8.00e-03,2.91e+01,
20696,-1.60e-02,2.91e+01,
20697,-1.60e-02,2.91e+01,
20698,-1.60e-02,2.91e+01,
20699,-8.00e-03,2.91e+01,
20700,-1.60e-02,2.91e+01,
20701,-1.60e-02,2.91e+01,
20702,-1.60e-02,2.91e+01,
20703,-1.60e-02,2.91e+01,
20704,-1.60e-02,2.91e+01,
20705,-1.60e-02,2.91e+01,
20706,-1.60e-02,2.95e+01,
20707,-8.00e-03,2.91e+01,
20708,-1.60e-02,2.91e+01,
20709,-1.60e-02,2.91e+01,
20710,-1.60e-02,2.95e+01,
20711,-8.00e-03,2.91e+01,
20712,-1.60e-02,2.91e+01,
20713,-8.00e-03,2.91e+01,
20714,-1.60e-02,2.91e+01,
20715,-8.00e-03,2.91e+01,
20716,-1.60e-02,2.91e+01,
20717,-1.60e-02,2.91e+01,
20718,-1.60e-02,2.91e+01,
20719,-8.00e-03,2.91e+01,
20720,-1.60e-02,2.91e+01,
20721,-1.60e-02,2.91e+01,
20722,-1.60e-02,2.91e+01,
20723,-1.60e-02,2.91e+01,
20724,-1.60e-02,2.91e+01,
20725,-1.60e-02,2.91e+01,
20726,-1.60e-02,2.91e+01,
20727,-8.00e-03,2.95e+01,
20728,-1.60e-02,2.91e+01,
20729,-1.60e-02,2.91e+01,
20730,-1.60e-02,2.95e+01,
20731,-8.00e-03,2.91e+01,
20732,-1.60e-02,2.91e+01,
20733,-1.60e-02,2.91e+01,
20734,-1.60e-02,2.95e+01,
20735,-8.00e-03,2.91e+01,
20736,-1.60e-02,2.91e+01,
20737,-1.60e-02,2.91e+01,
20738,-1.60e-02,2.91e+01,
20739,-8.00e-03,2.91e+01,
20740,-1.60e-02,2.91e+01,
20741,-1.60e-02,2.91e+01,
20742,-1.60e-02,2.91e+01,
20743,-8.00e-03,2.91e+01,
20744,-1.60e-02,2.91e+01,
20745,-1.60e-02,2.91e+01,
20746,-8.00e-03,2.91e+01,
20747,-8.00e-03,2.91e+01,
20748,-1.60e-02,2.91e+01,
20749,-1.60e-02,2.91e+01,
20750,-1.60e-02,2.91e+01,
20751,-1.60e-02,2.91e+01,
20752,-1.60e-02,2.91e+01,
20753,-1.60e-02,2.91e+01,
20754,-1.60e-02,2.91e+01,
20755,-8.00e-03,2.91e+01,
20756,-1.60e-02,2.95e+01,
20757,-1.60e-02,2.91e+01,
20758,-1.60e-02,2.91e+01,
20759,-8.00e-03,2.91e+01,
20760,-1.60e-02,2.91e+01,
20761,-1.60e-02,2.91e+01,
20762,-1.60e-02,2.91e+01,
20763,-8.00e-03,2.91e+01,
20764,-1.60e-02,2.95e+01,
20765,-1.60e-02,2.91e+01,
20766,-1.60e-02,2.95e+01,
20767,-8.00e-03,2.91e+01,
20768,-1.60e-02,2.91e+01,
20769,-1.60e-02,2.91e+01,
20770,-1.60e-02,2.95e+01,
20771,-8.00e-03,2.91e+01,
20772,-1.60e-02,2.91e+01,
20773,-1.60e-02,2.91e+01,
20774,-1.60e-02,2.91e+01,
20775,-8.00e-03,2.91e+01,
20776,-1.60e-02,2.91e+01,
20777,-1.60e-02,2.91e+01,
20778,-1.60e-02,2.91e+01,
20779,-8.00e-03,2.91e+01,
20780,-1.60e-02,2.91e+01,
20781,-1.60e-02,2.91e+01,
20782,-1.60e-02,2.95e+01,
20783,-1.60e-02,2.91e+01,
20784,-1.60e-02,2.91e+01,
20785,-1.60e-02,2.91e+01,
20786,-1.60e-02,2.91e+01,
20787,-8.00e-03,2.91e+01,
20788,-1.60e-02,2.91e+01,
20789,-1.60e-02,2.91e+01,
20790,-1.60e-02,2.91e+01,
20791,-8.00e-03,2.91e+01,
20792,-1.60e-02,2.91e+01,
20793,-1.60e-02,2.91e+01,
20794,-1.60e-02,2.91e+01,
20795,-1.60e-02,2.91e+01,
20796,-1.60e-02,2.91e+01,
20797,-1.60e-02,2.91e+01,
20798,-1.60e-02,2.91e+01,
20799,-8.00e-03,2.91e+01,
20800,-1.60e-02,2.91e+01,
20801,-1.60e-02,2.91e+01,
20802,-1.60e-02,2.91e+01,
20803,-8.00e-03,2.91e+01,
20804,-1.60e-02,2.91e+01,
20805,-1.60e-02,2.91e+01,
20806,-1.60e-02,2.91e+01,
20807,-8.00e-03,2.91e+01,
20808,-1.60e-02,2.91e+01,
20809,-1.60e-02,2.91e+01,
20810,-1.60e-02,2.91e+01,
20811,-8.00e-03,2.91e+01,
20812,-1.60e-02,2.91e+01,
20813,-1.60e-02,2.91e+01,
20814,-1.60e-02,2.91e+01,
20815,-8.00e-03,2.91e+01,
20816,-1.60e-02,2.91e+01,
20817,-1.60e-02,2.91e+01,
20818,-1.60e-02,2.95e+01,
20819,-1.60e-02,2.91e+01,
20820,-1.60e-02,2.91e+01,
20821,-1.60e-02,2.91e+01,
20822,-1.60e-02,2.91e+01,
20823,-8.00e-03,2.91e+01,
20824,-1.60e-02,2.91e+01,
20825,-1.60e-02,2.91e+01,
20826,-1.60e-02,2.91e+01,
20827,-8.00e-03,2.91e+01,
20828,-1.60e-02,2.91e+01,
20829,-1.60e-02,2.91e+01,
20830,-1.60e-02,2.91e+01,
20831,-1.60e-02,2.91e+01,
20832,-1.60e-02,2.91e+01,
20833,-1.60e-02,2.91e+01,
20834,-1.60e-02,2.91e+01,
20835,-8.00e-03,2.91e+01,
20836,-1.60e-02,2.91e+01,
20837,-1.60e-02,2.91e+01,
20838,-1.60e-02,2.91e+01,
20839,-8.00e-03,2.91e+01,
20840,-1.60e-02,2.91e+01,
20841,-1.60e-02,2.91e+01,
20842,-1.60e-02,2.91e+01,
20843,-8.00e-03,2.91e+01,
20844,-1.60e-02,2.91e+01,
20845,-1.60e-02,2.91e+01,
20846,-1.60e-02,2.91e+01,
20847,-8.00e-03,2.91e+01,
20848,-1.60e-02,2.91e+01,
20849,-1.60e-02,2.91e+01,
20850,-1.60e-02,2.91e+01,
20851,-8.00e-03,2.91e+01,
20852,-1.60e-02,2.91e+01,
20853,-1.60e-02,2.91e+01,
20854,-1.60e-02,2.91e+01,
20855,-1.60e-02,2.91e+01,
20856,-1.60e-02,2.91e+01,
20857,-1.60e-02,2.91e+01,
20858,-1.60e-02,2.91e+01,
20859,-8.00e-03,2.91e+01,
20860,-1.60e-02,2.91e+01,
20861,-1.60e-02,2.91e+01,
20862,-1.60e-02,2.91e+01,
20863,-1.60e-02,2.91e+01,
20864,-1.60e-02,2.91e+01,
20865,-1.60e-02,2.91e+01,
20866,-1.60e-02,2.91e+01,
20867,-8.00e-03,2.91e+01,
20868,-1.60e-02,2.91e+01,
20869,-1.60e-02,2.91e+01,
20870,-1.60e-02,2.91e+01,
20871,-8.00e-03,2.91e+01,
20872,-1.60e-02,2.91e+01,
20873,-1.60e-02,2.91e+01,
20874,-1.60e-02,2.91e+01,
20875,-8.00e-03,2.91e+01,
20876,-1.60e-02,2.91e+01,
20877,-1.60e-02,2.91e+01,
20878,-1.60e-02,2.91e+01,
20879,-8.00e-03,2.91e+01,
20880,-1.60e-02,2.91e+01,
20881,-1.60e-02,2.91e+01,
20882,-1.60e-02,2.91e+01,
20883,-1.60e-02,2.91e+01,
20884,-1.60e-02,2.91e+01,
20885,-1.60e-02,2.91e+01,
20886,-1.60e-02,2.91e+01,
20887,-8.00e-03,2.91e+01,
20888,-1.60e-02,2.91e+01,
20889,-1.60e-02,2.91e+01,
20890,-1.60e-02,2.91e+01,
20891,-8.00e-03,2.91e+01,
20892,-1.60e-02,2.91e+01,
20893,-1.60e-02,2.91e+01,
20894,-1.60e-02,2.91e+01,
20895,-8.00e-03,2.91e+01,
20896,-1.60e-02,2.91e+01,
20897,-1.60e-02,2.91e+01,
20898,-1.60e-02,2.91e+01,
20899,-1.60e-02,2.91e+01,
20900,-1.60e-02,2.91e+01,
20901,-1.60e-02,2.91e+01,
20902,-1.60e-02,2.91e+01,
20903,-8.00e-03,2.91e+01,
20904,-1.60e-02,2.91e+01,
20905,-1.60e-02,2.91e+01,
20906,-1.60e-02,2.91e+01,
20907,-8.00e-03,2.91e+01,
20908,-1.60e-02,2.91e+01,
20909,-1.60e-02,2.91e+01,
20910,-1.60e-02,2.91e+01,
20911,-1.60e-02,2.91e+01,
20912,-1.60e-02,2.91e+01,
20913,-1.60e-02,2.91e+01,
20914,-1.60e-02,2.91e+01,
20915,-8.00e-03,2.91e+01,
20916,-1.60e-02,2.91e+01,
20917,-1.60e-02,2.91e+01,
20918,-1.60e-02,2.91e+01,
20919,-8.00e-03,2.91e+01,
20920,-1.60e-02,2.91e+01,
20921,-1.60e-02,2.91e+01,
20922,-1.60e-02,2.91e+01,
20923,-8.00e-03,2.91e+01,
20924,-1.60e-02,2.91e+01,
20925,-1.60e-02,2.91e+01,
20926,-1.60e-02,2.91e+01,
20927,-1.60e-02,2.91e+01,
20928,-1.60e-02,2.91e+01,
20929,-1.60e-02,2.91e+01,
20930,-1.60e-02,2.91e+01,
20931,-1.60e-02,2.91e+01,
20932,-1.60e-02,2.91e+01,
20933,-1.60e-02,2.91e+01,
20934,-1.60e-02,2.91e+01,
20935,-1.60e-02,2.91e+01,
20936,-1.60e-02,2.91e+01,
20937,-1.60e-02,2.91e+01,
20938,-1.60e-02,2.91e+01,
20939,-8.00e-03,2.91e+01,
20940,-1.60e-02,2.91e+01,
20941,-1.60e-02,2.91e+01,
20942,-1.60e-02,2.91e+01,
20943,-8.00e-03,2.91e+01,
20944,-1.60e-02,2.91e+01,
20945,-1.60e-02,2.91e+01,
20946,-1.60e-02,2.91e+01,
20947,-1.60e-02,2.91e+01,
20948,-1.60e-02,2.91e+01,
20949,-1.60e-02,2.91e+01,
20950,-1.60e-02,2.91e+01,
20951,-8.00e-03,2.91e+01,
20952,-1.60e-02,2.91e+01,
20953,-1.60e-02,2.91e+01,
20954,-1.60e-02,2.91e+01,
20955,-1.60e-02,2.91e+01,
20956,-1.60e-02,2.91e+01,
20957,-1.60e-02,2.91e+01,
20958,-1.60e-02,2.91e+01,
20959,-8.00e-03,2.91e+01,
20960,-1.60e-02,2.91e+01,
20961,-1.60e-02,2.91e+01,
20962,-1.60e-02,2.91e+01,
20963,-8.00e-03,2.91e+01,
20964,-1.60e-02,2.91e+01,
20965,-1.60e-02,2.91e+01,
20966,-1.60e-02,2.91e+01,
20967,-8.00e-03,2.91e+01,
20968,-1.60e-02,2.91e+01,
20969,-1.60e-02,2.91e+01,
20970,-1.60e-02,2.91e+01,
20971,-8.00e-03,2.91e+01,
20972,-1.60e-02,2.91e+01,
20973,-1.60e-02,2.91e+01,
20974,-1.60e-02,2.91e+01,
20975,-8.00e-03,2.91e+01,
20976,-1.60e-02,2.91e+01,
20977,-1.60e-02,2.91e+01,
20978,-1.60e-02,2.91e+01,
20979,-8.00e-03,2.91e+01,
20980,-1.60e-02,2.91e+01,
20981,-1.60e-02,2.91e+01,
20982,-1.60e-02,2.91e+01,
20983,-1.60e-02,2.91e+01,
20984,-1.60e-02,2.91e+01,
20985,-1.60e-02,2.91e+01,
20986,-1.60e-02,2.91e+01,
20987,-8.00e-03,2.91e+01,
20988,-1.60e-02,2.91e+01,
20989,-1.60e-02,2.91e+01,
20990,-1.60e-02,2.91e+01,
20991,-8.00e-03,2.91e+01,
20992,-1.60e-02,2.91e+01,
20993,-1.60e-02,2.91e+01,
20994,-1.60e-02,2.91e+01,
20995,-8.00e-03,2.91e+01,
20996,-1.60e-02,2.91e+01,
20997,-1.60e-02,2.91e+01,
20998,-1.60e-02,2.91e+01,
20999,-8.00e-03,2.91e+01,
21000,-1.60e-02,2.91e+01,
21001,-1.60e-02,2.91e+01,
21002,-1.60e-02,2.91e+01,
21003,-8.00e-03,2.91e+01,
21004,-1.60e-02,2.91e+01,
21005,-8.00e-03,2.91e+01,
21006,-1.60e-02,2.91e+01,
21007,-1.60e-02,2.91e+01,
21008,-1.60e-02,2.91e+01,
21009,-1.60e-02,2.91e+01,
21010,-1.60e-02,2.91e+01,
21011,-1.60e-02,2.91e+01,
21012,-1.60e-02,2.91e+01,
21013,-1.60e-02,2.91e+01,
21014,-1.60e-02,2.91e+01,
21015,-1.60e-02,2.91e+01,
21016,-1.60e-02,2.91e+01,
21017,-1.60e-02,2.91e+01,
21018,-1.60e-02,2.91e+01,
21019,-8.00e-03,2.91e+01,
21020,-1.60e-02,2.91e+01,
21021,-1.60e-02,2.91e+01,
21022,-1.60e-02,2.91e+01,
21023,-1.60e-02,2.91e+01,
21024,-1.60e-02,2.91e+01,
21025,-1.60e-02,2.91e+01,
21026,-1.60e-02,2.91e+01,
21027,-8.00e-03,2.91e+01,
21028,-1.60e-02,2.91e+01,
21029,-1.60e-02,2.91e+01,
21030,-1.60e-02,2.91e+01,
21031,-1.60e-02,2.91e+01,
21032,-1.60e-02,2.91e+01,
21033,-1.60e-02,2.91e+01,
21034,-1.60e-02,2.91e+01,
21035,-8.00e-03,2.91e+01,
21036,-1.60e-02,2.91e+01,
21037,-1.60e-02,2.91e+01,
21038,-1.60e-02,2.91e+01,
21039,-8.00e-03,2.91e+01,
21040,-1.60e-02,2.91e+01,
21041,-1.60e-02,2.91e+01,
21042,-1.60e-02,2.91e+01,
21043,-8.00e-03,2.91e+01,
21044,-1.60e-02,2.91e+01,
21045,-1.60e-02,2.91e+01,
21046,-1.60e-02,2.91e+01,
21047,-8.00e-03,2.91e+01,
21048,-1.60e-02,2.91e+01,
21049,-1.60e-02,2.91e+01,
21050,-1.60e-02,2.91e+01,
21051,-1.60e-02,2.91e+01,
21052,-1.60e-02,2.91e+01,
21053,-1.60e-02,2.91e+01,
21054,-1.60e-02,2.91e+01,
21055,-8.00e-03,2.91e+01,
21056,-1.60e-02,2.91e+01,
21057,-1.60e-02,2.91e+01,
21058,-1.60e-02,2.91e+01,
21059,-1.60e-02,2.91e+01,
21060,-1.60e-02,2.91e+01,
21061,-1.60e-02,2.91e+01,
21062,-1.60e-02,2.91e+01,
21063,-8.00e-03,2.91e+01,
21064,-1.60e-02,2.91e+01,
21065,-1.60e-02,2.91e+01,
21066,-8.00e-03,2.91e+01,
21067,-8.00e-03,2.91e+01,
21068,-1.60e-02,2.91e+01,
21069,-1.60e-02,2.91e+01,
21070,-1.60e-02,2.91e+01,
21071,-8.00e-03,2.91e+01,
21072,-1.60e-02,2.91e+01,
21073,-1.60e-02,2.91e+01,
21074,-1.60e-02,2.91e+01,
21075,-1.60e-02,2.91e+01,
21076,-1.60e-02,2.91e+01,
21077,-1.60e-02,2.91e+01,
21078,-1.60e-02,2.91e+01,
21079,-8.00e-03,2.91e+01,
21080,-1.60e-02,2.91e+01,
21081,-1.60e-02,2.91e+01,
21082,-1.60e-02,2.91e+01,
21083,-8.00e-03,2.91e+01,
21084,-1.60e-02,2.91e+01,
21085,-1.60e-02,2.91e+01,
21086,-1.60e-02,2.91e+01,
21087,-8.00e-03,2.91e+01,
21088,-1.60e-02,2.91e+01,
21089,-1.60e-02,2.91e+01,
21090,-1.60e-02,2.91e+01,
21091,-8.00e-03,2.91e+01,
21092,-1.60e-02,2.91e+01,
21093,-1.60e-02,2.91e+01,
21094,-1.60e-02,2.91e+01,
21095,-1.60e-02,2.91e+01,
21096,-1.60e-02,2.91e+01,
21097,-1.60e-02,2.91e+01,
21098,-1.60e-02,2.91e+01,
21099,-8.00e-03,2.91e+01,
21100,-1.60e-02,2.91e+01,
21101,-1.60e-02,2.91e+01,
21102,-1.60e-02,2.91e+01,
21103,-1.60e-02,2.91e+01,
21104,-1.60e-02,2.91e+01,
21105,-1.60e-02,2.91e+01,
21106,-8.00e-03,2.91e+01,
21107,-8.00e-03,2.91e+01,
21108,-1.60e-02,2.91e+01,
21109,-1.60e-02,2.91e+01,
21110,-1.60e-02,2.91e+01,
21111,-1.60e-02,2.91e+01,
21112,-1.60e-02,2.91e+01,
21113,-1.60e-02,2.91e+01,
21114,-1.60e-02,2.91e+01,
21115,-8.00e-03,2.91e+01,
21116,-1.60e-02,2.91e+01,
21117,-1.60e-02,2.91e+01,
21118,-1.60e-02,2.91e+01,
21119,-8.00e-03,2.91e+01,
21120,-1.60e-02,2.91e+01,
21121,-1.60e-02,2.91e+01,
21122,-1.60e-02,2.91e+01,
21123,-8.00e-03,2.91e+01,
21124,-1.60e-02,2.91e+01,
21125,-1.60e-02,2.91e+01,
21126,-1.60e-02,2.91e+01,
21127,-1.60e-02,2.91e+01,
21128,-1.60e-02,2.91e+01,
21129,-1.60e-02,2.91e+01,
21130,-1.60e-02,2.91e+01,
21131,-8.00e-03,2.91e+01,
21132,-1.60e-02,2.91e+01,
21133,-1.60e-02,2.91e+01,
21134,-1.60e-02,2.91e+01,
21135,-8.00e-03,2.91e+01,
21136,-1.60e-02,2.91e+01,
21137,-1.60e-02,2.91e+01,
21138,-1.60e-02,2.91e+01,
21139,-8.00e-03,2.91e+01,
21140,-1.60e-02,2.91e+01,
21141,-1.60e-02,2.91e+01,
21142,-1.60e-02,2.91e+01,
21143,-1.60e-02,2.91e+01,
21144,-1.60e-02,2.91e+01,
21145,-1.60e-02,2.91e+01,
21146,-1.60e-02,2.91e+01,
21147,-1.60e-02,2.91e+01,
21148,-1.60e-02,2.91e+01,
21149,-1.60e-02,2.91e+01,
21150,-1.60e-02,2.91e+01,
21151,-8.00e-03,2.91e+01,
21152,-1.60e-02,2.91e+01,
21153,-1.60e-02,2.91e+01,
21154,-1.60e-02,2.91e+01,
21155,-8.00e-03,2.91e+01,
21156,-1.60e-02,2.91e+01,
21157,-1.60e-02,2.91e+01,
21158,-1.60e-02,2.91e+01,
21159,-8.00e-03,2.91e+01,
21160,-1.60e-02,2.91e+01,
21161,-1.60e-02,2.91e+01,
21162,-1.60e-02,2.91e+01,
21163,-8.00e-03,2.91e+01,
21164,-1.60e-02,2.91e+01,
21165,-1.60e-02,2.91e+01,
21166,-1.60e-02,2.91e+01,
21167,-8.00e-03,2.91e+01,
21168,-1.60e-02,2.91e+01,
21169,-1.60e-02,2.91e+01,
21170,-1.60e-02,2.91e+01,
21171,-1.60e-02,2.91e+01,
21172,-1.60e-02,2.91e+01,
21173,-1.60e-02,2.91e+01,
21174,-1.60e-02,2.91e+01,
21175,-1.60e-02,2.91e+01,
21176,-1.60e-02,2.91e+01,
21177,-8.00e-03,2.91e+01,
21178,-1.60e-02,2.91e+01,
21179,-8.00e-03,2.91e+01,
21180,-1.60e-02,2.91e+01,
21181,-1.60e-02,2.91e+01,
21182,-1.60e-02,2.91e+01,
21183,-1.60e-02,2.91e+01,
21184,-1.60e-02,2.91e+01,
21185,-1.60e-02,2.91e+01,
21186,-1.60e-02,2.91e+01,
21187,-1.60e-02,2.91e+01,
21188,-1.60e-02,2.91e+01,
21189,-8.00e-03,2.91e+01,
21190,-1.60e-02,2.91e+01,
21191,-1.60e-02,2.91e+01,
21192,-1.60e-02,2.91e+01,
21193,-1.60e-02,2.91e+01,
21194,-1.60e-02,2.91e+01,
21195,-8.00e-03,2.91e+01,
21196,-1.60e-02,2.91e+01,
21197,-1.60e-02,2.91e+01,
21198,-1.60e-02,2.91e+01,
21199,-1.60e-02,2.91e+01,
21200,-1.60e-02,2.91e+01,
21201,-1.60e-02,2.91e+01,
21202,-1.60e-02,2.91e+01,
21203,-8.00e-03,2.91e+01,
21204,-1.60e-02,2.91e+01,
21205,-1.60e-02,2.91e+01,
21206,-1.60e-02,2.91e+01,
21207,-8.00e-03,2.91e+01,
21208,-1.60e-02,2.91e+01,
21209,-1.60e-02,2.91e+01,
21210,-1.60e-02,2.91e+01,
21211,-8.00e-03,2.91e+01,
21212,-1.60e-02,2.91e+01,
21213,-8.00e-03,2.91e+01,
21214,-1.60e-02,2.91e+01,
21215,-8.00e-03,2.91e+01,
21216,-1.60e-02,2.91e+01,
21217,-1.60e-02,2.91e+01,
21218,-1.60e-02,2.91e+01,
21219,-8.00e-03,2.91e+01,
21220,-1.60e-02,2.91e+01,
21221,-1.60e-02,2.91e+01,
21222,-1.60e-02,2.91e+01,
21223,-8.00e-03,2.91e+01,
21224,-1.60e-02,2.91e+01,
21225,-1.60e-02,2.91e+01,
21226,-1.60e-02,2.91e+01,
21227,-1.60e-02,2.91e+01,
21228,-1.60e-02,2.91e+01,
21229,-1.60e-02,2.91e+01,
21230,-1.60e-02,2.91e+01,
21231,-8.00e-03,2.91e+01,
21232,-1.60e-02,2.91e+01,
21233,-1.60e-02,2.91e+01,
21234,-1.60e-02,2.91e+01,
21235,-1.60e-02,2.91e+01,
21236,-1.60e-02,2.91e+01,
21237,-1.60e-02,2.91e+01,
21238,-1.60e-02,2.91e+01,
21239,-8.00e-03,2.91e+01,
21240,-1.60e-02,2.91e+01,
21241,-1.60e-02,2.91e+01,
21242,-1.60e-02,2.91e+01,
21243,-8.00e-03,2.91e+01,
21244,-1.60e-02,2.91e+01,
21245,-8.00e-03,2.91e+01,
21246,-1.60e-02,2.91e+01,
21247,-8.00e-03,2.91e+01,
21248,-1.60e-02,2.91e+01,
21249,-1.60e-02,2.91e+01,
21250,-1.60e-02,2.91e+01,
21251,-8.00e-03,2.91e+01,
21252,-1.60e-02,2.91e+01,
21253,-1.60e-02,2.91e+01,
21254,-1.60e-02,2.91e+01,
21255,-1.60e-02,2.91e+01,
21256,-1.60e-02,2.91e+01,
21257,-1.60e-02,2.91e+01,
21258,-1.60e-02,2.91e+01,
21259,-8.00e-03,2.91e+01,
21260,-1.60e-02,2.91e+01,
21261,-1.60e-02,2.91e+01,
21262,-1.60e-02,2.91e+01,
21263,-8.00e-03,2.91e+01,
21264,-1.60e-02,2.91e+01,
21265,-1.60e-02,2.91e+01,
21266,-1.60e-02,2.91e+01,
21267,-8.00e-03,2.91e+01,
21268,-1.60e-02,2.91e+01,
21269,-1.60e-02,2.91e+01,
21270,-1.60e-02,2.91e+01,
21271,-1.60e-02,2.91e+01,
21272,-1.60e-02,2.91e+01,
21273,-1.60e-02,2.91e+01,
21274,-1.60e-02,2.91e+01,
21275,-8.00e-03,2.91e+01,
21276,-1.60e-02,2.91e+01,
21277,-1.60e-02,2.91e+01,
21278,-1.60e-02,2.91e+01,
21279,-8.00e-03,2.91e+01,
21280,-1.60e-02,2.91e+01,
21281,-1.60e-02,2.91e+01,
21282,-1.60e-02,2.91e+01,
21283,-8.00e-03,2.91e+01,
21284,-1.60e-02,2.91e+01,
21285,-1.60e-02,2.91e+01,
21286,-1.60e-02,2.91e+01,
21287,-8.00e-03,2.91e+01,
21288,-1.60e-02,2.91e+01,
21289,-1.60e-02,2.91e+01,
21290,-1.60e-02,2.91e+01,
21291,-8.00e-03,2.91e+01,
21292,-1.60e-02,2.91e+01,
21293,-1.60e-02,2.91e+01,
21294,-1.60e-02,2.91e+01,
21295,-1.60e-02,2.91e+01,
21296,-1.60e-02,2.91e+01,
21297,-1.60e-02,2.91e+01,
21298,-1.60e-02,2.91e+01,
21299,-1.60e-02,2.91e+01,
21300,-1.60e-02,2.91e+01,
21301,-1.60e-02,2.87e+01,
21302,-1.60e-02,2.91e+01,
21303,-8.00e-03,2.91e+01,
21304,-1.60e-02,2.91e+01,
21305,-1.60e-02,2.91e+01,
21306,-1.60e-02,2.91e+01,
21307,-8.00e-03,2.91e+01,
21308,-1.60e-02,2.91e+01,
21309,-1.60e-02,2.91e+01,
21310,-1.60e-02,2.91e+01,
21311,-8.00e-03,2.91e+01,
21312,-1.60e-02,2.91e+01,
21313,-1.60e-02,2.91e+01,
21314,-1.60e-02,2.91e+01,
21315,-8.00e-03,2.91e+01,
21316,-1.60e-02,2.91e+01,
21317,-1.60e-02,2.91e+01,
21318,-1.60e-02,2.91e+01,
21319,-1.60e-02,2.91e+01,
21320,-1.60e-02,2.91e+01,
21321,-1.60e-02,2.91e+01,
21322,-1.60e-02,2.91e+01,
21323,-8.00e-03,2.91e+01,
21324,-1.60e-02,2.91e+01,
21325,-1.60e-02,2.91e+01,
21326,-1.60e-02,2.91e+01,
21327,-8.00e-03,2.91e+01,
21328,-1.60e-02,2.91e+01,
21329,-1.60e-02,2.91e+01,
21330,-1.60e-02,2.91e+01,
21331,-8.00e-03,2.91e+01,
21332,-1.60e-02,2.91e+01,
21333,-1.60e-02,2.91e+01,
21334,-8.00e-03,2.91e+01,
21335,-8.00e-03,2.91e+01,
21336,-1.60e-02,2.91e+01,
21337,-1.60e-02,2.91e+01,
21338,-1.60e-02,2.91e+01,
21339,-1.60e-02,2.91e+01,
21340,-1.60e-02,2.91e+01,
21341,-1.60e-02,2.91e+01,
21342,-1.60e-02,2.91e+01,
21343,-1.60e-02,2.91e+01,
21344,-1.60e-02,2.87e+01,
21345,-1.60e-02,2.91e+01,
21346,-1.60e-02,2.91e+01,
21347,-1.60e-02,2.91e+01,
21348,-1.60e-02,2.91e+01,
21349,-1.60e-02,2.91e+01,
21350,-1.60e-02,2.91e+01,
21351,-1.60e-02,2.91e+01,
21352,-1.60e-02,2.91e+01,
21353,-1.60e-02,2.91e+01,
21354,-1.60e-02,2.91e+01,
21355,-8.00e-03,2.91e+01,
21356,-1.60e-02,2.91e+01,
21357,-1.60e-02,2.91e+01,
21358,-1.60e-02,2.91e+01,
21359,-1.60e-02,2.91e+01,
21360,-1.60e-02,2.91e+01,
21361,-1.60e-02,2.91e+01,
21362,-1.60e-02,2.91e+01,
21363,-8.00e-03,2.91e+01,
21364,-1.60e-02,2.91e+01,
21365,-1.60e-02,2.87e+01,
21366,-1.60e-02,2.91e+01,
21367,-1.60e-02,2.91e+01,
21368,-1.60e-02,2.91e+01,
21369,-1.60e-02,2.91e+01,
21370,-1.60e-02,2.91e+01,
21371,-8.00e-03,2.91e+01,
21372,-1.60e-02,2.91e+01,
21373,-1.60e-02,2.87e+01,
21374,-1.60e-02,2.91e+01,
21375,-1.60e-02,2.91e+01,
21376,-1.60e-02,2.91e+01,
21377,-1.60e-02,2.87e+01,
21378,-1.60e-02,2.91e+01,
21379,-8.00e-03,2.91e+01,
21380,-1.60e-02,2.91e+01,
21381,-1.60e-02,2.87e+01,
21382,-1.60e-02,2.91e+01,
21383,-8.00e-03,2.91e+01,
21384,-1.60e-02,2.91e+01,
21385,-1.60e-02,2.91e+01,
21386,-1.60e-02,2.91e+01,
21387,-1.60e-02,2.91e+01,
21388,-1.60e-02,2.91e+01,
21389,-1.60e-02,2.91e+01,
21390,-1.60e-02,2.91e+01,
21391,-1.60e-02,2.91e+01,
21392,-1.60e-02,2.91e+01,
21393,-1.60e-02,2.87e+01,
21394,-1.60e-02,2.91e+01,
21395,-1.60e-02,2.91e+01,
21396,-1.60e-02,2.91e+01,
21397,-1.60e-02,2.91e+01,
21398,-1.60e-02,2.91e+01,
21399,-1.60e-02,2.91e+01,
21400,-1.60e-02,2.91e+01,
21401,-1.60e-02,2.91e+01,
21402,-1.60e-02,2.91e+01,
21403,-8.00e-03,2.91e+01,
21404,-1.60e-02,2.91e+01,
21405,-1.60e-02,2.91e+01,
21406,-8.00e-03,2.91e+01,
21407,-1.60e-02,2.87e+01,
21408,-1.60e-02,2.91e+01,
21409,-1.60e-02,2.91e+01,
21410,-1.60e-02,2.91e+01,
21411,-8.00e-03,2.91e+01,
21412,-1.60e-02,2.91e+01,
21413,-1.60e-02,2.91e+01,
21414,-1.60e-02,2.91e+01,
21415,-8.00e-03,2.91e+01,
21416,-1.60e-02,2.91e+01,
21417,-1.60e-02,2.91e+01,
21418,-1.60e-02,2.91e+01,
21419,-8.00e-03,2.91e+01,
21420,-1.60e-02,2.91e+01,
21421,-1.60e-02,2.91e+01,
21422,-1.60e-02,2.91e+01,
21423,-8.00e-03,2.91e+01,
21424,-1.60e-02,2.91e+01,
21425,-1.60e-02,2.91e+01,
21426,-1.60e-02,2.91e+01,
21427,-8.00e-03,2.91e+01,
21428,-1.60e-02,2.91e+01,
21429,-1.60e-02,2.91e+01,
21430,-1.60e-02,2.91e+01,
21431,-1.60e-02,2.91e+01,
21432,-1.60e-02,2.91e+01,
21433,-1.60e-02,2.91e+01,
21434,-1.60e-02,2.91e+01,
21435,-8.00e-03,2.91e+01,
21436,-1.60e-02,2.91e+01,
21437,-1.60e-02,2.87e+01,
21438,-1.60e-02,2.91e+01,
21439,-8.00e-03,2.91e+01,
21440,-1.60e-02,2.91e+01,
21441,-1.60e-02,2.91e+01,
21442,-1.60e-02,2.91e+01,
21443,-8.00e-03,2.91e+01,
21444,-1.60e-02,2.87e+01,
21445,-1.60e-02,2.87e+01,
21446,-1.60e-02,2.91e+01,
21447,-1.60e-02,2.91e+01,
21448,-1.60e-02,2.91e+01,
21449,-1.60e-02,2.87e+01,
21450,-1.60e-02,2.91e+01,
21451,-8.00e-03,2.91e+01,
21452,-1.60e-02,2.91e+01,
21453,-1.60e-02,2.91e+01,
21454,-1.60e-02,2.91e+01,
21455,-8.00e-03,2.91e+01,
21456,-1.60e-02,2.87e+01,
21457,-1.60e-02,2.91e+01,
21458,-1.60e-02,2.91e+01,
21459,-8.00e-03,2.91e+01,
21460,-1.60e-02,2.91e+01,
21461,-1.60e-02,2.87e+01,
21462,-1.60e-02,2.91e+01,
21463,-8.00e-03,2.91e+01,
21464,-1.60e-02,2.91e+01,
21465,-1.60e-02,2.91e+01,
21466,-1.60e-02,2.91e+01,
21467,-8.00e-03,2.91e+01,
21468,-1.60e-02,2.87e+01,
21469,-1.60e-02,2.87e+01,
21470,-1.60e-02,2.91e+01,
21471,-1.60e-02,2.91e+01,
21472,-1.60e-02,2.91e+01,
21473,-1.60e-02,2.91e+01,
21474,-1.60e-02,2.91e+01,
21475,-8.00e-03,2.91e+01,
21476,-1.60e-02,2.87e+01,
21477,-1.60e-02,2.87e+01,
21478,-1.60e-02,2.91e+01,
21479,-1.60e-02,2.91e+01,
21480,-1.60e-02,2.91e+01,
21481,-1.60e-02,2.91e+01,
21482,-1.60e-02,2.91e+01,
21483,-8.00e-03,2.91e+01,
21484,-1.60e-02,2.87e+01,
21485,-1.60e-02,2.87e+01,
21486,-1.60e-02,2.91e+01,
21487,-8.00e-03,2.91e+01,
21488,-1.60e-02,2.91e+01,
21489,-1.60e-02,2.91e+01,
21490,-1.60e-02,2.91e+01,
21491,-8.00e-03,2.91e+01,
21492,-1.60e-02,2.91e+01,
21493,-1.60e-02,2.91e+01,
21494,-1.60e-02,2.91e+01,
21495,-8.00e-03,2.91e+01,
21496,-1.60e-02,2.91e+01,
21497,-1.60e-02,2.91e+01,
21498,-1.60e-02,2.91e+01,
21499,-8.00e-03,2.91e+01,
21500,-1.60e-02,2.91e+01,
21501,-1.60e-02,2.91e+01,
21502,-8.00e-03,2.91e+01,
21503,-1.60e-02,2.87e+01,
21504,-1.60e-02,2.87e+01,
21505,-1.60e-02,2.87e+01,
21506,-1.60e-02,2.91e+01,
21507,-8.00e-03,2.91e+01,
21508,-1.60e-02,2.91e+01,
21509,-1.60e-02,2.87e+01,
21510,-1.60e-02,2.91e+01,
21511,-1.60e-02,2.91e+01,
21512,-1.60e-02,2.91e+01,
21513,-1.60e-02,2.91e+01,
21514,-1.60e-02,2.91e+01,
21515,-8.00e-03,2.91e+01,
21516,-1.60e-02,2.91e+01,
21517,-1.60e-02,2.87e+01,
21518,-1.60e-02,2.91e+01,
21519,-1.60e-02,2.87e+01,
21520,-1.60e-02,2.87e+01,
21521,-1.60e-02,2.91e+01,
21522,-1.60e-02,2.91e+01,
21523,-8.00e-03,2.91e+01,
21524,-1.60e-02,2.87e+01,
21525,-1.60e-02,2.87e+01,
21526,-1.60e-02,2.91e+01,
21527,-8.00e-03,2.91e+01,
21528,-1.60e-02,2.91e+01,
21529,-1.60e-02,2.91e+01,
21530,-1.60e-02,2.87e+01,
21531,-8.00e-03,2.91e+01,
21532,-1.60e-02,2.87e+01,
21533,-1.60e-02,2.87e+01,
21534,-1.60e-02,2.91e+01,
21535,-1.60e-02,2.87e+01,
21536,-1.60e-02,2.87e+01,
21537,-1.60e-02,2.91e+01,
21538,-1.60e-02,2.91e+01,
21539,-8.00e-03,2.91e+01,
21540,-1.60e-02,2.87e+01,
21541,-1.60e-02,2.87e+01,
21542,-1.60e-02,2.91e+01,
21543,-8.00e-03,2.91e+01,
21544,-1.60e-02,2.87e+01,
21545,-1.60e-02,2.87e+01,
21546,-8.00e-03,2.87e+01,
21547,-8.00e-03,2.91e+01,
21548,-1.60e-02,2.87e+01,
21549,-1.60e-02,2.87e+01,
21550,-1.60e-02,2.91e+01,
21551,-1.60e-02,2.91e+01,
21552,-1.60e-02,2.87e+01,
21553,-1.60e-02,2.91e+01,
21554,-1.60e-02,2.91e+01,
21555,-8.00e-03,2.91e+01,
21556,-1.60e-02,2.87e+01,
21557,-1.60e-02,2.87e+01,
21558,-1.60e-02,2.91e+01,
21559,-1.60e-02,2.91e+01,
21560,-1.60e-02,2.87e+01,
21561,-1.60e-02,2.87e+01,
21562,-1.60e-02,2.91e+01,
21563,-8.00e-03,2.91e+01,
21564,-1.60e-02,2.87e+01,
21565,-1.60e-02,2.91e+01,
21566,-1.60e-02,2.91e+01,
21567,-1.60e-02,2.87e+01,
21568,-1.60e-02,2.91e+01,
21569,-1.60e-02,2.87e+01,
21570,-1.60e-02,2.91e+01,
21571,-8.00e-03,2.91e+01,
21572,-1.60e-02,2.87e+01,
21573,-1.60e-02,2.87e+01,
21574,-1.60e-02,2.91e+01,
21575,-1.60e-02,2.87e+01,
21576,-1.60e-02,2.87e+01,
21577,-1.60e-02,2.87e+01,
21578,-1.60e-02,2.91e+01,
21579,-8.00e-03,2.91e+01,
21580,-1.60e-02,2.87e+01,
21581,-1.60e-02,2.87e+01,
21582,-1.60e-02,2.91e+01,
21583,-1.60e-02,2.87e+01,
21584,-1.60e-02,2.87e+01,
21585,-1.60e-02,2.87e+01,
21586,-1.60e-02,2.91e+01,
21587,-8.00e-03,2.87e+01,
21588,-1.60e-02,2.87e+01,
21589,-1.60e-02,2.87e+01,
21590,-1.60e-02,2.87e+01,
21591,-1.60e-02,2.87e+01,
21592,-1.60e-02,2.87e+01,
21593,-1.60e-02,2.87e+01,
21594,-1.60e-02,2.91e+01,
21595,-1.60e-02,2.91e+01,
21596,-1.60e-02,2.87e+01,
21597,-1.60e-02,2.87e+01,
21598,-1.60e-02,2.91e+01,
21599,-1.60e-02,2.91e+01,
21600,-1.60e-02,2.87e+01,
21601,-1.60e-02,2.91e+01,
21602,-1.60e-02,2.91e+01,
21603,-8.00e-03,2.91e+01,
21604,-1.60e-02,2.87e+01,
21605,-1.60e-02,2.87e+01,
21606,-1.60e-02,2.91e+01,
21607,-8.00e-03,2.87e+01,
21608,-1.60e-02,2.87e+01,
21609,-1.60e-02,2.91e+01,
21610,-1.60e-02,2.91e+01,
21611,-8.00e-03,2.91e+01,
21612,-1.60e-02,2.87e+01,
21613,-1.60e-02,2.87e+01,
21614,-1.60e-02,2.87e+01,
21615,-1.60e-02,2.87e+01,
21616,-1.60e-02,2.87e+01,
21617,-1.60e-02,2.87e+01,
21618,-1.60e-02,2.91e+01,
21619,-1.60e-02,2.87e+01,
21620,-1.60e-02,2.87e+01,
21621,-1.60e-02,2.87e+01,
21622,-8.00e-03,2.87e+01,
21623,-8.00e-03,2.87e+01,
21624,-1.60e-02,2.87e+01,
21625,-1.60e-02,2.91e+01,
21626,-1.60e-02,2.91e+01,
21627,-1.60e-02,2.91e+01,
21628,-1.60e-02,2.87e+01,
21629,-1.60e-02,2.91e+01,
21630,-1.60e-02,2.87e+01,
21631,-8.00e-03,2.87e+01,
21632,-1.60e-02,2.87e+01,
21633,-1.60e-02,2.87e+01,
21634,-1.60e-02,2.91e+01,
21635,-8.00e-03,2.91e+01,
21636,-1.60e-02,2.87e+01,
21637,-1.60e-02,2.87e+01,
21638,-1.60e-02,2.91e+01,
21639,-8.00e-03,2.87e+01,
21640,-1.60e-02,2.87e+01,
21641,-1.60e-02,2.87e+01,
21642,-1.60e-02,2.91e+01,
21643,-8.00e-03,2.91e+01,
21644,-1.60e-02,2.87e+01,
21645,-1.60e-02,2.87e+01,
21646,-1.60e-02,2.91e+01,
21647,-1.60e-02,2.87e+01,
21648,-1.60e-02,2.87e+01,
21649,-1.60e-02,2.87e+01,
21650,-1.60e-02,2.87e+01,
21651,-8.00e-03,2.87e+01,
21652,-1.60e-02,2.87e+01,
21653,-1.60e-02,2.87e+01,
21654,-1.60e-02,2.87e+01,
21655,-8.00e-03,2.87e+01,
21656,-1.60e-02,2.87e+01,
21657,-1.60e-02,2.87e+01,
21658,-1.60e-02,2.87e+01,
21659,-8.00e-03,2.87e+01,
21660,-1.60e-02,2.87e+01,
21661,-1.60e-02,2.87e+01,
21662,-1.60e-02,2.91e+01,
21663,-8.00e-03,2.87e+01,
21664,-1.60e-02,2.87e+01,
21665,-1.60e-02,2.87e+01,
21666,-1.60e-02,2.87e+01,
21667,-8.00e-03,2.87e+01,
21668,-1.60e-02,2.87e+01,
21669,-1.60e-02,2.87e+01,
21670,-1.60e-02,2.87e+01,
21671,-1.60e-02,2.87e+01,
21672,-1.60e-02,2.87e+01,
21673,-1.60e-02,2.87e+01,
21674,-1.60e-02,2.87e+01,
21675,-1.60e-02,2.91e+01,
21676,-1.60e-02,2.87e+01,
21677,-1.60e-02,2.87e+01,
21678,-1.60e-02,2.91e+01,
21679,-1.60e-02,2.87e+01,
21680,-1.60e-02,2.87e+01,
21681,-1.60e-02,2.91e+01,
21682,-1.60e-02,2.87e+01,
21683,-1.60e-02,2.87e+01,
21684,-1.60e-02,2.87e+01,
21685,-1.60e-02,2.87e+01,
21686,-1.60e-02,2.87e+01,
21687,-8.00e-03,2.87e+01,
21688,-1.60e-02,2.87e+01,
21689,-1.60e-02,2.87e+01,
21690,-1.60e-02,2.91e+01,
21691,-8.00e-03,2.87e+01,
21692,-1.60e-02,2.87e+01,
21693,-1.60e-02,2.87e+01,
21694,-1.60e-02,2.87e+01,
21695,-1.60e-02,2.87e+01,
21696,-1.60e-02,2.87e+01,
21697,-1.60e-02,2.87e+01,
21698,-1.60e-02,2.91e+01,
21699,-8.00e-03,2.87e+01,
21700,-1.60e-02,2.87e+01,
21701,-1.60e-02,2.87e+01,
21702,-1.60e-02,2.87e+01,
21703,-1.60e-02,2.87e+01,
21704,-1.60e-02,2.87e+01,
21705,-1.60e-02,2.87e+01,
21706,-1.60e-02,2.87e+01,
21707,-8.00e-03,2.87e+01,
21708,-1.60e-02,2.87e+01,
21709,-1.60e-02,2.87e+01,
21710,-1.60e-02,2.87e+01,
21711,-1.60e-02,2.87e+01,
21712,-1.60e-02,2.87e+01,
21713,-1.60e-02,2.87e+01,
21714,-1.60e-02,2.87e+01,
21715,-8.00e-03,2.87e+01,
21716,-1.60e-02,2.87e+01,
21717,-1.60e-02,2.87e+01,
21718,-1.60e-02,2.87e+01,
21719,-1.60e-02,2.87e+01,
21720,-1.60e-02,2.87e+01,
21721,-1.60e-02,2.87e+01,
21722,-1.60e-02,2.91e+01,
21723,-8.00e-03,2.87e+01,
21724,-1.60e-02,2.87e+01,
21725,-1.60e-02,2.87e+01,
21726,-1.60e-02,2.87e+01,
21727,-8.00e-03,2.87e+01,
21728,-1.60e-02,2.87e+01,
21729,-1.60e-02,2.87e+01,
21730,-1.60e-02,2.87e+01,
21731,-8.00e-03,2.87e+01,
21732,-1.60e-02,2.87e+01,
21733,-1.60e-02,2.87e+01,
21734,-1.60e-02,2.87e+01,
21735,-8.00e-03,2.87e+01,
21736,-1.60e-02,2.87e+01,
21737,-1.60e-02,2.87e+01,
21738,-1.60e-02,2.87e+01,
21739,-8.00e-03,2.87e+01,
21740,-1.60e-02,2.87e+01,
21741,-1.60e-02,2.87e+01,
21742,-1.60e-02,2.87e+01,
21743,-8.00e-03,2.87e+01,
21744,-1.60e-02,2.87e+01,
21745,-1.60e-02,2.87e+01,
21746,-1.60e-02,2.87e+01,
21747,-8.00e-03,2.87e+01,
21748,-1.60e-02,2.87e+01,
21749,-1.60e-02,2.87e+01,
21750,-1.60e-02,2.87e+01,
21751,-1.60e-02,2.87e+01,
21752,-1.60e-02,2.87e+01,
21753,-1.60e-02,2.87e+01,
21754,-1.60e-02,2.87e+01,
21755,-8.00e-03,2.87e+01,
21756,-1.60e-02,2.87e+01,
21757,-1.60e-02,2.87e+01,
21758,-1.60e-02,2.87e+01,
21759,-1.60e-02,2.87e+01,
21760,-1.60e-02,2.87e+01,
21761,-1.60e-02,2.87e+01,
21762,-1.60e-02,2.91e+01,
21763,-8.00e-03,2.87e+01,
21764,-1.60e-02,2.87e+01,
21765,-1.60e-02,2.87e+01,
21766,-1.60e-02,2.87e+01,
21767,-8.00e-03,2.87e+01,
21768,-1.60e-02,2.87e+01,
21769,-1.60e-02,2.87e+01,
21770,-1.60e-02,2.87e+01,
21771,-8.00e-03,2.87e+01,
21772,-1.60e-02,2.87e+01,
21773,-1.60e-02,2.87e+01,
21774,-1.60e-02,2.87e+01,
21775,-8.00e-03,2.87e+01,
21776,-1.60e-02,2.87e+01,
21777,-1.60e-02,2.87e+01,
21778,-1.60e-02,2.87e+01,
21779,-8.00e-03,2.87e+01,
21780,-1.60e-02,2.87e+01,
21781,-1.60e-02,2.87e+01,
21782,-1.60e-02,2.87e+01,
21783,-8.00e-03,2.87e+01,
21784,-1.60e-02,2.87e+01,
21785,-1.60e-02,2.87e+01,
21786,-1.60e-02,2.87e+01,
21787,-1.60e-02,2.87e+01,
21788,-1.60e-02,2.87e+01,
21789,-1.60e-02,2.87e+01,
21790,-1.60e-02,2.87e+01,
21791,-8.00e-03,2.87e+01,
21792,-1.60e-02,2.87e+01,
21793,-1.60e-02,2.87e+01,
21794,-1.60e-02,2.87e+01,
21795,-1.60e-02,2.87e+01,
21796,-1.60e-02,2.87e+01,
21797,-1.60e-02,2.87e+01,
21798,-1.60e-02,2.87e+01,
21799,-1.60e-02,2.87e+01,
21800,-1.60e-02,2.87e+01,
21801,-1.60e-02,2.87e+01,
21802,-1.60e-02,2.87e+01,
21803,-8.00e-03,2.87e+01,
21804,-1.60e-02,2.87e+01,
21805,-1.60e-02,2.87e+01,
21806,-1.60e-02,2.87e+01,
21807,-1.60e-02,2.87e+01,
21808,-1.60e-02,2.87e+01,
21809,-1.60e-02,2.87e+01,
21810,-1.60e-02,2.87e+01,
21811,-8.00e-03,2.87e+01,
21812,-1.60e-02,2.87e+01,
21813,-1.60e-02,2.87e+01,
21814,-1.60e-02,2.87e+01,
21815,-8.00e-03,2.87e+01,
21816,-1.60e-02,2.87e+01,
21817,-1.60e-02,2.87e+01,
21818,-1.60e-02,2.87e+01,
21819,-8.00e-03,2.87e+01,
21820,-1.60e-02,2.87e+01,
21821,-1.60e-02,2.87e+01,
21822,-1.60e-02,2.87e+01,
21823,-1.60e-02,2.87e+01,
21824,-1.60e-02,2.87e+01,
21825,-1.60e-02,2.87e+01,
21826,-1.60e-02,2.87e+01,
21827,-8.00e-03,2.87e+01,
21828,-1.60e-02,2.87e+01,
21829,-1.60e-02,2.87e+01,
21830,-1.60e-02,2.87e+01,
21831,-8.00e-03,2.87e+01,
21832,-1.60e-02,2.87e+01,
21833,-1.60e-02,2.87e+01,
21834,-1.60e-02,2.87e+01,
21835,-8.00e-03,2.87e+01,
21836,-1.60e-02,2.87e+01,
21837,-1.60e-02,2.87e+01,
21838,-1.60e-02,2.87e+01,
21839,-8.00e-03,2.87e+01,
21840,-1.60e-02,2.87e+01,
21841,-1.60e-02,2.87e+01,
21842,-1.60e-02,2.87e+01,
21843,-8.00e-03,2.87e+01,
21844,-1.60e-02,2.87e+01,
21845,-1.60e-02,2.87e+01,
21846,-1.60e-02,2.87e+01,
21847,-1.60e-02,2.87e+01,
21848,-1.60e-02,2.87e+01,
21849,-1.60e-02,2.87e+01,
21850,-1.60e-02,2.87e+01,
21851,-1.60e-02,2.87e+01,
21852,-1.60e-02,2.87e+01,
21853,-1.60e-02,2.87e+01,
21854,-1.60e-02,2.87e+01,
21855,-8.00e-03,2.87e+01,
21856,-1.60e-02,2.87e+01,
21857,-1.60e-02,2.87e+01,
21858,-1.60e-02,2.87e+01,
21859,-8.00e-03,2.87e+01,
21860,-1.60e-02,2.87e+01,
21861,-1.60e-02,2.87e+01,
21862,-1.60e-02,2.87e+01,
21863,-8.00e-03,2.87e+01,
21864,-1.60e-02,2.87e+01,
21865,-1.60e-02,2.87e+01,
21866,-1.60e-02,2.87e+01,
21867,-1.60e-02,2.87e+01,
21868,-1.60e-02,2.87e+01,
21869,-1.60e-02,2.87e+01,
21870,-1.60e-02,2.87e+01,
21871,-1.60e-02,2.87e+01,
21872,-1.60e-02,2.87e+01,
21873,-1.60e-02,2.87e+01,
21874,-1.60e-02,2.87e+01,
21875,-8.00e-03,2.87e+01,
21876,-1.60e-02,2.87e+01,
21877,-1.60e-02,2.87e+01,
21878,-1.60e-02,2.87e+01,
21879,-1.60e-02,2.87e+01,
21880,-1.60e-02,2.87e+01,
21881,-1.60e-02,2.87e+01,
21882,-1.60e-02,2.87e+01,
21883,-1.60e-02,2.87e+01,
21884,-1.60e-02,2.87e+01,
21885,-1.60e-02,2.87e+01,
21886,-1.60e-02,2.87e+01,
21887,-1.60e-02,2.87e+01,
21888,-1.60e-02,2.87e+01,
21889,-1.60e-02,2.87e+01,
21890,-1.60e-02,2.87e+01,
21891,-8.00e-03,2.87e+01,
21892,-1.60e-02,2.87e+01,
21893,-1.60e-02,2.87e+01,
21894,-1.60e-02,2.87e+01,
21895,-1.60e-02,2.87e+01,
21896,-1.60e-02,2.87e+01,
21897,-1.60e-02,2.87e+01,
21898,-1.60e-02,2.87e+01,
21899,-8.00e-03,2.87e+01,
21900,-1.60e-02,2.87e+01,
21901,-1.60e-02,2.87e+01,
21902,-1.60e-02,2.87e+01,
21903,-1.60e-02,2.87e+01,
21904,-1.60e-02,2.87e+01,
21905,-1.60e-02,2.87e+01,
21906,-1.60e-02,2.87e+01,
21907,-1.60e-02,2.87e+01,
21908,-1.60e-02,2.87e+01,
21909,-1.60e-02,2.87e+01,
21910,-1.60e-02,2.87e+01,
21911,-8.00e-03,2.87e+01,
21912,-1.60e-02,2.87e+01,
21913,-1.60e-02,2.87e+01,
21914,-1.60e-02,2.87e+01,
21915,-8.00e-03,2.87e+01,
21916,-1.60e-02,2.87e+01,
21917,-1.60e-02,2.87e+01,
21918,-1.60e-02,2.87e+01,
21919,-8.00e-03,2.87e+01,
21920,-1.60e-02,2.87e+01,
21921,-1.60e-02,2.87e+01,
21922,-1.60e-02,2.87e+01,
21923,-8.00e-03,2.87e+01,
21924,-1.60e-02,2.87e+01,
21925,-1.60e-02,2.87e+01,
21926,-1.60e-02,2.87e+01,
21927,-8.00e-03,2.87e+01,
21928,-1.60e-02,2.87e+01,
21929,-1.60e-02,2.87e+01,
21930,-1.60e-02,2.87e+01,
21931,-8.00e-03,2.87e+01,
21932,-1.60e-02,2.87e+01,
21933,-1.60e-02,2.87e+01,
21934,-1.60e-02,2.87e+01,
21935,-8.00e-03,2.87e+01,
21936,-1.60e-02,2.87e+01,
21937,-1.60e-02,2.87e+01,
21938,-1.60e-02,2.87e+01,
21939,-8.00e-03,2.87e+01,
21940,-1.60e-02,2.87e+01,
21941,-1.60e-02,2.87e+01,
21942,-1.60e-02,2.87e+01,
21943,-1.60e-02,2.87e+01,
21944,-1.60e-02,2.87e+01,
21945,-1.60e-02,2.87e+01,
21946,-1.60e-02,2.87e+01,
21947,-1.60e-02,2.87e+01,
21948,-1.60e-02,2.87e+01,
21949,-1.60e-02,2.87e+01,
21950,-1.60e-02,2.87e+01,
21951,-8.00e-03,2.87e+01,
21952,-1.60e-02,2.87e+01,
21953,-1.60e-02,2.87e+01,
21954,-1.60e-02,2.87e+01,
21955,-8.00e-03,2.87e+01,
21956,-1.60e-02,2.87e+01,
21957,-1.60e-02,2.87e+01,
21958,-1.60e-02,2.87e+01,
21959,-8.00e-03,2.87e+01,
21960,-1.60e-02,2.87e+01,
21961,-1.60e-02,2.87e+01,
21962,-8.00e-03,2.87e+01,
21963,-8.00e-03,2.87e+01,
21964,-1.60e-02,2.87e+01,
21965,-1.60e-02,2.87e+01,
21966,-1.60e-02,2.87e+01,
21967,-1.60e-02,2.87e+01,
21968,-1.60e-02,2.87e+01,
21969,-1.60e-02,2.87e+01,
21970,-1.60e-02,2.87e+01,
21971,-1.60e-02,2.87e+01,
21972,-1.60e-02,2.87e+01,
21973,-1.60e-02,2.87e+01,
21974,-1.60e-02,2.87e+01,
21975,-8.00e-03,2.87e+01,
21976,-1.60e-02,2.87e+01,
21977,-8.00e-03,2.87e+01,
21978,-1.60e-02,2.87e+01,
21979,-8.00e-03,2.87e+01,
21980,-1.60e-02,2.87e+01,
21981,-1.60e-02,2.87e+01,
21982,-1.60e-02,2.87e+01,
21983,-1.60e-02,2.87e+01,
21984,-1.60e-02,2.87e+01,
21985,-1.60e-02,2.87e+01,
21986,-1.60e-02,2.87e+01,
21987,-8.00e-03,2.87e+01,
21988,-1.60e-02,2.87e+01,
21989,-1.60e-02,2.87e+01,
21990,-1.60e-02,2.87e+01,
21991,-8.00e-03,2.87e+01,
21992,-1.60e-02,2.87e+01,
21993,-1.60e-02,2.87e+01,
21994,-1.60e-02,2.87e+01,
21995,-8.00e-03,2.87e+01,
21996,-1.60e-02,2.87e+01,
21997,-1.60e-02,2.87e+01,
21998,-1.60e-02,2.87e+01,
21999,-1.60e-02,2.87e+01,
22000,-1.60e-02,2.87e+01,
22001,-1.60e-02,2.87e+01,
22002,-1.60e-02,2.87e+01,
22003,-8.00e-03,2.87e+01,
22004,-1.60e-02,2.87e+01,
22005,-1.60e-02,2.87e+01,
22006,-1.60e-02,2.87e+01,
22007,-1.60e-02,2.87e+01,
22008,-1.60e-02,2.87e+01,
22009,-1.60e-02,2.87e+01,
22010,-1.60e-02,2.87e+01,
22011,-8.00e-03,2.87e+01,
22012,-1.60e-02,2.87e+01,
22013,-1.60e-02,2.87e+01,
22014,-1.60e-02,2.87e+01,
22015,-1.60e-02,2.87e+01,
22016,-1.60e-02,2.87e+01,
22017,-1.60e-02,2.87e+01,
22018,-1.60e-02,2.87e+01,
22019,-8.00e-03,2.87e+01,
22020,-1.60e-02,2.87e+01,
22021,-1.60e-02,2.79e+01,
22022,-1.60e-02,2.87e+01,
22023,-8.00e-03,2.79e+01,
22024,-1.60e-02,2.87e+01,
22025,-1.60e-02,2.87e+01,
22026,-1.60e-02,2.87e+01,
22027,-8.00e-03,2.87e+01,
22028,-1.60e-02,2.87e+01,
22029,-1.60e-02,2.87e+01,
22030,-1.60e-02,2.87e+01,
22031,-1.60e-02,2.79e+01,
22032,-1.60e-02,2.87e+01,
22033,-1.60e-02,2.87e+01,
22034,-1.60e-02,2.87e+01,
22035,-8.00e-03,2.87e+01,
22036,-1.60e-02,2.87e+01,
22037,-1.60e-02,2.87e+01,
22038,-1.60e-02,2.87e+01,
22039,-8.00e-03,2.79e+01,
22040,-1.60e-02,2.79e+01,
22041,-1.60e-02,2.87e+01,
22042,-1.60e-02,2.87e+01,
22043,-8.00e-03,2.87e+01,
22044,-1.60e-02,2.79e+01,
22045,-1.60e-02,2.79e+01,
22046,-1.60e-02,2.87e+01,
22047,-8.00e-03,2.87e+01,
22048,-1.60e-02,2.79e+01,
22049,-1.60e-02,2.79e+01,
22050,-1.60e-02,2.87e+01,
22051,-1.60e-02,2.79e+01,
22052,-1.60e-02,2.87e+01,
22053,-1.60e-02,2.79e+01,
22054,-1.60e-02,2.87e+01,
22055,-8.00e-03,2.87e+01,
22056,-1.60e-02,2.79e+01,
22057,-1.60e-02,2.87e+01,
22058,-1.60e-02,2.87e+01,
22059,-8.00e-03,2.87e+01,
22060,-1.60e-02,2.87e+01,
22061,-1.60e-02,2.79e+01,
22062,-1.60e-02,2.87e+01,
22063,-1.60e-02,2.87e+01,
22064,-1.60e-02,2.79e+01,
22065,-1.60e-02,2.87e+01,
22066,-1.60e-02,2.87e+01,
22067,-8.00e-03,2.87e+01,
22068,-1.60e-02,2.79e+01,
22069,-1.60e-02,2.87e+01,
22070,-1.60e-02,2.87e+01,
22071,-8.00e-03,2.87e+01,
22072,-1.60e-02,2.79e+01,
22073,-1.60e-02,2.87e+01,
22074,-1.60e-02,2.87e+01,
22075,-8.00e-03,2.87e+01,
22076,-1.60e-02,2.87e+01,
22077,-1.60e-02,2.79e+01,
22078,-1.60e-02,2.87e+01,
22079,-1.60e-02,2.87e+01,
22080,-1.60e-02,2.87e+01,
22081,-1.60e-02,2.87e+01,
22082,-1.60e-02,2.87e+01,
22083,-8.00e-03,2.87e+01,
22084,-1.60e-02,2.87e+01,
22085,-1.60e-02,2.79e+01,
22086,-1.60e-02,2.87e+01,
22087,-8.00e-03,2.79e+01,
22088,-1.60e-02,2.79e+01,
22089,-8.00e-03,2.87e+01,
22090,-1.60e-02,2.79e+01,
22091,-1.60e-02,2.87e+01,
22092,-1.60e-02,2.79e+01,
22093,-1.60e-02,2.79e+01,
22094,-1.60e-02,2.79e+01,
22095,-8.00e-03,2.87e+01,
22096,-1.60e-02,2.79e+01,
22097,-1.60e-02,2.79e+01,
22098,-1.60e-02,2.79e+01,
22099,-1.60e-02,2.87e+01,
22100,-1.60e-02,2.79e+01,
22101,-1.60e-02,2.79e+01,
22102,-1.60e-02,2.79e+01,
22103,-1.60e-02,2.79e+01,
22104,-1.60e-02,2.79e+01,
22105,-1.60e-02,2.79e+01,
22106,-1.60e-02,2.79e+01,
22107,-1.60e-02,2.79e+01,
22108,-1.60e-02,2.79e+01,
22109,-1.60e-02,2.79e+01,
22110,-1.60e-02,2.79e+01,
22111,-1.60e-02,2.79e+01,
22112,-1.60e-02,2.79e+01,
22113,-1.60e-02,2.79e+01,
22114,-1.60e-02,2.79e+01,
22115,-8.00e-03,2.79e+01,
22116,-1.60e-02,2.79e+01,
22117,-1.60e-02,2.79e+01,
22118,-1.60e-02,2.79e+01,
22119,-1.60e-02,2.79e+01,
22120,-1.60e-02,2.75e+01,
22121,-1.60e-02,2.75e+01,
22122,-1.60e-02,2.79e+01,
22123,-1.60e-02,2.75e+01,
22124,-1.60e-02,2.75e+01,
22125,-1.60e-02,2.75e+01,
22126,-1.60e-02,2.75e+01,
22127,-1.60e-02,2.75e+01,
22128,-1.60e-02,2.75e+01,
22129,-1.60e-02,2.75e+01,
22130,-1.60e-02,2.75e+01,
22131,-1.60e-02,2.71e+01,
22132,-1.60e-02,2.71e+01,
22133,-1.60e-02,2.71e+01,
22134,-1.60e-02,2.71e+01,
22135,-1.60e-02,2.71e+01,
22136,-1.60e-02,2.71e+01,
22137,-1.60e-02,2.67e+01,
22138,-1.60e-02,2.67e+01,
22139,-1.60e-02,2.67e+01,
22140,-1.60e-02,2.67e+01,
22141,-1.60e-02,2.67e+01,
22142,-1.60e-02,2.67e+01,
22143,-1.60e-02,2.63e+01,
22144,-1.60e-02,2.63e+01,
22145,-1.60e-02,2.63e+01,
22146,-1.60e-02,2.63e+01,
22147,-1.60e-02,2.63e+01,
22148,-1.60e-02,2.59e+01,
22149,-1.60e-02,2.59e+01,
22150,-1.60e-02,2.59e+01,
22151,-1.60e-02,2.59e+01,
22152,-1.60e-02,2.55e+01,
22153,-1.60e-02,2.55e+01,
22154,-1.60e-02,2.55e+01,
22155,-1.60e-02,2.55e+01,
22156,-1.60e-02,2.55e+01,
22157,-1.60e-02,2.51e+01,
22158,-1.60e-02,2.55e+01,
22159,-1.60e-02,2.51e+01,
22160,-1.60e-02,2.51e+01,
22161,-1.60e-02,2.51e+01,
22162,-1.60e-02,2.47e+01,
22163,-1.60e-02,2.47e+01,
22164,-1.60e-02,2.47e+01,
22165,-1.60e-02,2.47e+01,
22166,-1.60e-02,2.47e+01,
22167,-1.60e-02,2.43e+01,
22168,-1.60e-02,2.43e+01,
22169,-1.60e-02,2.43e+01,
22170,-1.60e-02,2.43e+01,
22171,-1.60e-02,2.39e+01,
22172,-1.60e-02,2.39e+01,
22173,-1.60e-02,2.39e+01,
22174,-1.60e-02,2.39e+01,
22175,-1.60e-02,2.35e+01,
22176,-1.60e-02,2.35e+01,
22177,-1.60e-02,2.35e+01,
22178,-1.60e-02,2.35e+01,
22179,-1.60e-02,2.31e+01,
22180,-1.60e-02,2.31e+01,
22181,-1.60e-02,2.31e+01,
22182,-1.60e-02,2.31e+01,
22183,-1.60e-02,2.27e+01,
22184,-1.60e-02,2.27e+01,
22185,-1.60e-02,2.27e+01,
22186,-1.60e-02,2.19e+01,
22187,-1.60e-02,2.19e+01,
22188,-1.60e-02,2.15e+01,
22189,-1.60e-02,2.15e+01,
22190,-1.60e-02,2.15e+01,
22191,-1.60e-02,2.15e+01,
22192,-1.60e-02,2.11e+01,
22193,-1.60e-02,2.11e+01,
22194,-1.60e-02,2.11e+01,
22195,-1.60e-02,2.11e+01,
22196,-1.60e-02,2.07e+01,
22197,-1.60e-02,2.07e+01,
22198,-1.60e-02,2.07e+01,
22199,-1.60e-02,2.07e+01,
22200,-1.60e-02,2.03e+01,
22201,-1.60e-02,2.03e+01,
22202,-1.60e-02,2.03e+01,
22203,-1.60e-02,2.03e+01,
22204,-1.60e-02,1.99e+01,
22205,-1.60e-02,1.99e+01,
22206,-1.60e-02,1.99e+01,
22207,-1.60e-02,1.95e+01,
22208,-1.60e-02,1.95e+01,
22209,-1.60e-02,1.95e+01,
22210,-1.60e-02,1.95e+01,
22211,-1.60e-02,1.91e+01,
22212,-1.60e-02,1.91e+01,
22213,-1.60e-02,1.87e+01,
22214,-1.60e-02,1.91e+01,
22215,-1.60e-02,1.87e+01,
22216,-1.60e-02,1.87e+01,
22217,-1.60e-02,1.83e+01,
22218,-1.60e-02,1.83e+01,
22219,-1.60e-02,1.83e+01,
22220,-1.60e-02,1.83e+01,
22221,-1.60e-02,1.79e+01,
22222,-1.60e-02,1.79e+01,
22223,-1.60e-02,1.79e+01,
22224,-1.60e-02,1.75e+01,
22225,-1.60e-02,1.75e+01,
22226,-1.60e-02,1.75e+01,
22227,-8.00e-03,1.75e+01,
22228,-1.60e-02,1.71e+01,
22229,-1.60e-02,1.71e+01,
22230,-1.60e-02,1.71e+01,
22231,-1.60e-02,1.71e+01,
22232,-1.60e-02,1.67e+01,
22233,-1.60e-02,1.67e+01,
22234,-1.60e-02,1.67e+01,
22235,-1.60e-02,1.67e+01,
22236,-1.60e-02,1.59e+01,
22237,-1.60e-02,1.59e+01,
22238,-1.60e-02,1.59e+01,
22239,-1.60e-02,1.59e+01,
22240,-1.60e-02,1.55e+01,
22241,-1.60e-02,1.55e+01,
22242,-1.60e-02,1.55e+01,
22243,-1.60e-02,1.55e+01,
22244,-1.60e-02,1.51e+01,
22245,-1.60e-02,1.51e+01,
22246,-1.60e-02,1.51e+01,
22247,-1.60e-02,1.51e+01,
22248,-1.60e-02,1.47e+01,
22249,-1.60e-02,1.47e+01,
22250,-1.60e-02,1.47e+01,
22251,-1.60e-02,1.43e+01,
22252,-1.60e-02,1.43e+01,
22253,-1.60e-02,1.43e+01,
22254,-1.60e-02,1.43e+01,
22255,-1.60e-02,1.39e+01,
22256,-1.60e-02,1.39e+01,
22257,-1.60e-02,1.39e+01,
22258,-1.60e-02,1.39e+01,
22259,-1.60e-02,1.39e+01,
22260,-1.60e-02,1.35e+01,
22261,-1.60e-02,1.35e+01,
22262,-1.60e-02,1.35e+01,
22263,-1.60e-02,1.31e+01,
22264,-1.60e-02,1.31e+01,
22265,-1.60e-02,1.31e+01,
22266,-1.60e-02,1.31e+01,
22267,-1.60e-02,1.31e+01,
22268,-1.60e-02,1.27e+01,
22269,-1.60e-02,1.27e+01,
22270,-1.60e-02,1.27e+01,
22271,-1.60e-02,1.27e+01,
22272,-1.60e-02,1.23e+01,
22273,-1.60e-02,1.23e+01,
22274,-1.60e-02,1.23e+01,
22275,-1.60e-02,1.23e+01,
22276,-1.60e-02,1.19e+01,
22277,-1.60e-02,1.19e+01,
22278,-1.60e-02,1.23e+01,
22279,-1.60e-02,1.19e+01,
22280,-1.60e-02,1.15e+01,
22281,-1.60e-02,1.19e+01,
22282,-1.60e-02,1.19e+01,
22283,-1.60e-02,1.15e+01,
22284,-1.60e-02,1.15e+01,
22285,-1.60e-02,1.15e+01,
22286,-1.60e-02,1.15e+01,
22287,-1.60e-02,1.11e+01,
22288,-1.60e-02,1.11e+01,
22289,-1.60e-02,1.11e+01,
22290,-1.60e-02,1.11e+01,
22291,-1.60e-02,1.11e+01,
22292,-1.60e-02,1.07e+01,
22293,-1.60e-02,1.07e+01,
22294,-1.60e-02,1.07e+01,
22295,-1.60e-02,1.07e+01,
22296,-1.60e-02,9.90e+00,
22297,-1.60e-02,1.07e+01,
22298,-1.60e-02,1.07e+01,
22299,-1.60e-02,1.07e+01,
22300,-1.60e-02,9.90e+00,
22301,-1.60e-02,9.90e+00,
22302,-1.60e-02,9.90e+00,
22303,-1.60e-02,9.90e+00,
22304,-1.60e-02,9.50e+00,
22305,-1.60e-02,9.90e+00,
22306,-1.60e-02,9.90e+00,
22307,-8.00e-03,9.50e+00,
22308,-1.60e-02,9.50e+00,
22309,-1.60e-02,9.50e+00,
22310,-1.60e-02,9.50e+00,
22311,-1.60e-02,9.50e+00,
22312,-1.60e-02,9.10e+00,
22313,-1.60e-02,9.10e+00,
22314,-1.60e-02,9.10e+00,
22315,-8.00e-03,9.10e+00,
22316,-1.60e-02,9.10e+00,
22317,-1.60e-02,9.10e+00,
22318,-1.60e-02,9.10e+00,
22319,-8.00e-03,9.10e+00,
22320,-1.60e-02,8.70e+00,
22321,-1.60e-02,8.70e+00,
22322,-1.60e-02,8.70e+00,
22323,-8.00e-03,8.70e+00,
22324,-1.60e-02,8.70e+00,
22325,-1.60e-02,8.70e+00,
22326,-1.60e-02,8.70e+00,
22327,-8.00e-03,8.70e+00,
22328,-1.60e-02,8.30e+00,
22329,-1.60e-02,8.30e+00,
22330,-1.60e-02,8.70e+00,
22331,-8.00e-03,8.30e+00,
22332,-1.60e-02,8.30e+00,
22333,-1.60e-02,8.30e+00,
22334,-1.60e-02,8.30e+00,
22335,-8.00e-03,8.30e+00,
22336,-1.60e-02,7.90e+00,
22337,-1.60e-02,8.30e+00,
22338,-1.60e-02,8.30e+00,
22339,-8.00e-03,8.30e+00,
22340,-1.60e-02,7.90e+00,
22341,-1.60e-02,7.90e+00,
22342,-1.60e-02,7.90e+00,
22343,-8.00e-03,7.90e+00,
22344,-1.60e-02,7.90e+00,
22345,-1.60e-02,7.90e+00,
22346,-1.60e-02,7.90e+00,
22347,-8.00e-03,7.90e+00,
22348,-1.60e-02,7.90e+00,
22349,-1.60e-02,7.90e+00,
22350,-1.60e-02,7.90e+00,
22351,-8.00e-03,7.90e+00,
22352,-1.60e-02,7.50e+00,
22353,-8.00e-03,7.90e+00,
22354,-1.60e-02,7.90e+00,
22355,-8.00e-03,7.90e+00,
22356,-1.60e-02,7.50e+00,
22357,-1.60e-02,7.50e+00,
22358,-1.60e-02,7.50e+00,
22359,-8.00e-03,7.50e+00,
22360,-1.60e-02,7.50e+00,
22361,-8.00e-03,7.50e+00,
22362,-1.60e-02,7.50e+00,
22363,-8.00e-03,7.50e+00,
22364,-1.60e-02,7.50e+00,
22365,-1.60e-02,7.50e+00,
22366,-1.60e-02,7.50e+00,
22367,-8.00e-03,7.50e+00,
22368,-1.60e-02,7.10e+00,
22369,-1.60e-02,7.50e+00,
22370,-1.60e-02,7.50e+00,
22371,-8.00e-03,7.50e+00,
22372,-1.60e-02,7.50e+00,
22373,-8.00e-03,7.50e+00,
22374,-1.60e-02,7.50e+00,
22375,-8.00e-03,7.50e+00,
22376,-1.60e-02,7.50e+00,
22377,-8.00e-03,7.50e+00,
22378,-8.00e-03,7.50e+00,
22379,-8.00e-03,7.50e+00,
22380,-1.60e-02,7.10e+00,
22381,-1.60e-02,7.50e+00,
22382,-8.00e-03,7.50e+00,
22383,-8.00e-03,7.50e+00,
22384,-8.00e-03,7.10e+00,
22385,-1.60e-02,7.50e+00,
22386,-8.00e-03,7.50e+00,
22387,-8.00e-03,7.50e+00,
22388,-1.60e-02,7.10e+00,
22389,-8.00e-03,7.50e+00,
22390,-8.00e-03,7.50e+00,
22391,-8.00e-03,7.50e+00,
22392,-1.60e-02,7.10e+00,
22393,-1.60e-02,7.50e+00,
22394,-8.00e-03,7.50e+00,
22395,-8.00e-03,7.50e+00,
22396,-1.60e-02,7.50e+00,
22397,-1.60e-02,7.50e+00,
22398,-8.00e-03,7.50e+00,
22399,-8.00e-03,7.50e+00,
22400,-1.60e-02,7.50e+00,
22401,-8.00e-03,7.50e+00,
22402,-8.00e-03,7.50e+00,
22403,-8.00e-03,7.50e+00,
22404,-1.60e-02,7.50e+00,
22405,-8.00e-03,7.50e+00,
22406,-8.00e-03,7.90e+00,
22407,-8.00e-03,7.50e+00,
22408,-1.60e-02,7.50e+00,
22409,-8.00e-03,7.50e+00,
22410,-1.60e-02,7.50e+00,
22411,-8.00e-03,7.90e+00,
22412,-1.60e-02,7.50e+00,
22413,-8.00e-03,7.90e+00,
22414,-8.00e-03,7.90e+00,
22415,-8.00e-03,7.90e+00,
22416,-8.00e-03,7.50e+00,
22417,-8.00e-03,7.90e+00,
22418,-8.00e-03,7.90e+00,
22419,-8.00e-03,7.90e+00,
22420,-1.60e-02,7.90e+00,
22421,-8.00e-03,7.90e+00,
22422,-8.00e-03,8.30e+00,
22423,-8.00e-03,7.90e+00,
22424,-8.00e-03,7.90e+00,
22425,-8.00e-03,7.90e+00,
22426,-8.00e-03,8.30e+00,
22427,-8.00e-03,8.30e+00,
22428,-1.60e-02,7.90e+00,
22429,-8.00e-03,8.30e+00,
22430,-8.00e-03,8.30e+00,
22431,-8.00e-03,8.30e+00,
22432,-8.00e-03,8.30e+00,
22433,-8.00e-03,8.30e+00,
22434,-8.00e-03,8.70e+00,
22435,-8.00e-03,8.70e+00,
22436,-8.00e-03,8.30e+00,
22437,-8.00e-03,8.30e+00,
22438,-8.00e-03,8.70e+00,
22439,-8.00e-03,8.70e+00,
22440,-1.60e-02,8.70e+00,
22441,-8.00e-03,8.70e+00,
22442,-8.00e-03,8.70e+00,
22443,-8.00e-03,8.70e+00,
22444,-8.00e-03,8.70e+00,
22445,-8.00e-03,8.70e+00,
22446,-8.00e-03,9.10e+00,
22447,-8.00e-03,9.10e+00,
22448,-8.00e-03,8.70e+00,
22449,-8.00e-03,9.10e+00,
22450,-8.00e-03,9.10e+00,
22451,-8.00e-03,9.10e+00,
22452,-1.60e-02,9.10e+00,
22453,-8.00e-03,9.10e+00,
22454,-8.00e-03,9.50e+00,
22455,-8.00e-03,9.50e+00,
22456,-8.00e-03,9.50e+00,
22457,-8.00e-03,9.50e+00,
22458,-8.00e-03,9.50e+00,
22459,-8.00e-03,9.90e+00,
22460,-8.00e-03,9.50e+00,
22461,-8.00e-03,9.90e+00,
22462,-8.00e-03,9.90e+00,
22463,-8.00e-03,9.90e+00,
22464,-8.00e-03,9.90e+00,
22465,-8.00e-03,9.90e+00,
22466,-8.00e-03,1.07e+01,
22467,-8.00e-03,9.90e+00,
22468,-8.00e-03,9.90e+00,
22469,-8.00e-03,1.07e+01,
22470,-8.00e-03,1.07e+01,
22471,-8.00e-03,1.07e+01,
22472,-8.00e-03,1.07e+01,
22473,-8.00e-03,1.07e+01,
22474,-8.00e-03,1.11e+01,
22475,-8.00e-03,1.11e+01,
22476,-8.00e-03,1.11e+01,
22477,-8.00e-03,1.11e+01,
22478,-8.00e-03,1.15e+01,
22479,-8.00e-03,1.11e+01,
22480,-8.00e-03,1.11e+01,
22481,-8.00e-03,1.15e+01,
22482,-8.00e-03,1.15e+01,
22483,-8.00e-03,1.15e+01,
22484,-8.00e-03,1.15e+01,
22485,-8.00e-03,1.15e+01,
22486,-8.00e-03,1.19e+01,
22487,-8.00e-03,1.19e+01,
22488,-8.00e-03,1.19e+01,
22489,-8.00e-03,1.23e+01,
22490,-8.00e-03,1.23e+01,
22491,-8.00e-03,1.23e+01,
22492,-8.00e-03,1.23e+01,
22493,-8.00e-03,1.23e+01,
22494,-8.00e-03,1.23e+01,
22495,-8.00e-03,1.27e+01,
22496,-8.00e-03,1.23e+01,
22497,-8.00e-03,1.27e+01,
22498,-8.00e-03,1.27e+01,
22499,-8.00e-03,1.27e+01,
22500,-8.00e-03,1.27e+01,
22501,-8.00e-03,1.31e+01,
22502,-8.00e-03,1.31e+01,
22503,-8.00e-03,1.31e+01,
22504,-8.00e-03,1.31e+01,
22505,-8.00e-03,1.35e+01,
22506,-8.00e-03,1.35e+01,
22507,-8.00e-03,1.35e+01,
22508,-1.60e-02,1.35e+01,
22509,-8.00e-03,1.39e+01,
22510,-8.00e-03,1.39e+01,
22511,-8.00e-03,1.39e+01,
22512,-8.00e-03,1.39e+01,
22513,-8.00e-03,1.39e+01,
22514,-8.00e-03,1.43e+01,
22515,-8.00e-03,1.43e+01,
22516,-1.60e-02,1.43e+01,
22517,-8.00e-03,1.43e+01,
22518,-8.00e-03,1.47e+01,
22519,-8.00e-03,1.47e+01,
22520,-8.00e-03,1.47e+01,
22521,-8.00e-03,1.47e+01,
22522,-8.00e-03,1.51e+01,
22523,-8.00e-03,1.51e+01,
22524,-8.00e-03,1.51e+01,
22525,-8.00e-03,1.51e+01,
22526,-8.00e-03,1.51e+01,
22527,-8.00e-03,1.55e+01,
22528,-1.60e-02,1.55e+01,
22529,-8.00e-03,1.55e+01,
22530,-8.00e-03,1.55e+01,
22531,-8.00e-03,1.59e+01,
22532,-8.00e-03,1.59e+01,
22533,-8.00e-03,1.59e+01,
22534,-8.00e-03,1.59e+01,
22535,-8.00e-03,1.59e+01,
22536,-8.00e-03,1.67e+01,
22537,-8.00e-03,1.67e+01,
22538,-8.00e-03,1.67e+01,
22539,-8.00e-03,1.67e+01,
22540,-1.60e-02,1.67e+01,
22541,-8.00e-03,1.71e+01,
22542,-8.00e-03,1.71e+01,
22543,-8.00e-03,1.71e+01,
22544,-1.60e-02,1.71e+01,
22545,-8.00e-03,1.75e+01,
22546,-8.00e-03,1.75e+01,
22547,-8.00e-03,1.79e+01,
22548,-1.60e-02,1.75e+01,
22549,-8.00e-03,1.79e+01,
22550,-8.00e-03,1.79e+01,
22551,-8.00e-03,1.79e+01,
22552,-8.00e-03,1.79e+01,
22553,-8.00e-03,1.83e+01,
22554,-8.00e-03,1.83e+01,
22555,-8.00e-03,1.83e+01,
22556,-1.60e-02,1.83e+01,
22557,-8.00e-03,1.87e+01,
22558,-8.00e-03,1.87e+01,
22559,-8.00e-03,1.87e+01,
22560,-8.00e-03,1.87e+01,
22561,-8.00e-03,1.91e+01,
22562,-8.00e-03,1.91e+01,
22563,-8.00e-03,1.91e+01,
22564,-8.00e-03,1.91e+01,
22565,-1.60e-02,1.91e+01,
22566,-8.00e-03,1.95e+01,
22567,-8.00e-03,1.95e+01,
22568,-8.00e-03,1.95e+01,
22569,-8.00e-03,1.95e+01,
22570,-8.00e-03,1.99e+01,
22571,-8.00e-03,1.99e+01,
22572,-8.00e-03,1.99e+01,
22573,-8.00e-03,1.99e+01,
22574,-1.60e-02,2.03e+01,
22575,-8.00e-03,1.99e+01,
22576,-8.00e-03,2.03e+01,
22577,-8.00e-03,2.03e+01,
22578,-8.00e-03,2.03e+01,
22579,-8.00e-03,2.07e+01,
22580,-8.00e-03,2.03e+01,
22581,-1.60e-02,2.07e+01,
22582,-8.00e-03,2.07e+01,
22583,-8.00e-03,2.07e+01,
22584,-8.00e-03,2.07e+01,
22585,-8.00e-03,2.11e+01,
22586,-8.00e-03,2.11e+01,
22587,-8.00e-03,2.11e+01,
22588,-1.60e-02,2.11e+01,
22589,-1.60e-02,2.11e+01,
22590,-8.00e-03,2.15e+01,
22591,-8.00e-03,2.15e+01,
22592,-1.60e-02,2.15e+01,
22593,-8.00e-03,2.15e+01,
22594,-8.00e-03,2.19e+01,
22595,-8.00e-03,2.19e+01,
22596,-1.60e-02,2.19e+01,
22597,-8.00e-03,2.19e+01,
22598,-8.00e-03,2.19e+01,
22599,-8.00e-03,2.19e+01,
22600,-1.60e-02,2.19e+01,
22601,-8.00e-03,2.19e+01,
22602,-8.00e-03,2.27e+01,
22603,-8.00e-03,2.27e+01,
22604,-1.60e-02,2.27e+01,
22605,-8.00e-03,2.27e+01,
22606,-8.00e-03,2.31e+01,
22607,-8.00e-03,2.27e+01,
22608,-1.60e-02,2.27e+01,
22609,-8.00e-03,2.31e+01,
22610,-1.60e-02,2.31e+01,
22611,-8.00e-03,2.31e+01,
22612,-1.60e-02,2.31e+01,
22613,-8.00e-03,2.31e+01,
22614,-8.00e-03,2.31e+01,
22615,-8.00e-03,2.35e+01,
22616,-1.60e-02,2.35e+01,
22617,-8.00e-03,2.35e+01,
22618,-1.60e-02,2.35e+01,
22619,-8.00e-03,2.35e+01,
22620,-1.60e-02,2.35e+01,
22621,-8.00e-03,2.35e+01,
22622,-8.00e-03,2.39e+01,
22623,-8.00e-03,2.39e+01,
22624,-1.60e-02,2.39e+01,
22625,-8.00e-03,2.39e+01,
22626,-1.60e-02,2.39e+01,
22627,-8.00e-03,2.39e+01,
22628,-1.60e-02,2.39e+01,
22629,-1.60e-02,2.39e+01,
22630,-8.00e-03,2.43e+01,
22631,-8.00e-03,2.39e+01,
22632,-1.60e-02,2.39e+01,
22633,-8.00e-03,2.43e+01,
22634,-8.00e-03,2.43e+01,
22635,-8.00e-03,2.43e+01,
22636,-1.60e-02,2.43e+01,
22637,-8.00e-03,2.43e+01,
22638,-8.00e-03,2.43e+01,
22639,-8.00e-03,2.43e+01,
22640,-1.60e-02,2.43e+01,
22641,-8.00e-03,2.43e+01,
22642,-8.00e-03,2.43e+01,
22643,-8.00e-03,2.43e+01,
22644,-1.60e-02,2.43e+01,
22645,-1.60e-02,2.43e+01,
22646,-1.60e-02,2.47e+01,
22647,-8.00e-03,2.47e+01,
22648,-1.60e-02,2.43e+01,
22649,-1.60e-02,2.47e+01,
22650,-1.60e-02,2.47e+01,
22651,-8.00e-03,2.47e+01,
22652,-1.60e-02,2.43e+01,
22653,-8.00e-03,2.47e+01,
22654,-1.60e-02,2.47e+01,
22655,-8.00e-03,2.47e+01,
22656,-1.60e-02,2.47e+01,
22657,-1.60e-02,2.47e+01,
22658,-1.60e-02,2.47e+01,
22659,-8.00e-03,2.47e+01,
22660,-1.60e-02,2.43e+01,
22661,-1.60e-02,2.47e+01,
22662,-8.00e-03,2.47e+01,
22663,-8.00e-03,2.47e+01,
22664,-1.60e-02,2.43e+01,
22665,-1.60e-02,2.47e+01,
22666,-1.60e-02,2.47e+01,
22667,-8.00e-03,2.47e+01,
22668,-1.60e-02,2.47e+01,
22669,-1.60e-02,2.47e+01,
22670,-1.60e-02,2.47e+01,
22671,-8.00e-03,2.47e+01,
22672,-1.60e-02,2.47e+01,
22673,-8.00e-03,2.47e+01,
22674,-1.60e-02,2.47e+01,
22675,-8.00e-03,2.47e+01,
22676,-1.60e-02,2.43e+01,
22677,-1.60e-02,2.43e+01,
22678,-1.60e-02,2.43e+01,
22679,-1.60e-02,2.43e+01,
22680,-1.60e-02,2.43e+01,
22681,-8.00e-03,2.43e+01,
22682,-1.60e-02,2.47e+01,
22683,-8.00e-03,2.43e+01,
22684,-1.60e-02,2.43e+01,
22685,-1.60e-02,2.43e+01,
22686,-8.00e-03,2.43e+01,
22687,-8.00e-03,2.43e+01,
22688,-1.60e-02,2.43e+01,
22689,-1.60e-02,2.43e+01,
22690,-1.60e-02,2.43e+01,
22691,-8.00e-03,2.43e+01,
22692,-1.60e-02,2.43e+01,
22693,-1.60e-02,2.43e+01,
22694,-1.60e-02,2.43e+01,
22695,-8.00e-03,2.39e+01,
22696,-1.60e-02,2.39e+01,
22697,-1.60e-02,2.39e+01,
22698,-1.60e-02,2.39e+01,
22699,-8.00e-03,2.39e+01,
22700,-1.60e-02,2.39e+01,
22701,-1.60e-02,2.39e+01,
22702,-1.60e-02,2.39e+01,
22703,-8.00e-03,2.39e+01,
22704,-1.60e-02,2.35e+01,
22705,-8.00e-03,2.35e+01,
22706,-1.60e-02,2.35e+01,
22707,-8.00e-03,2.35e+01,
22708,-1.60e-02,2.35e+01,
22709,-1.60e-02,2.35e+01,
22710,-8.00e-03,2.35e+01,
22711,-1.60e-02,2.35e+01,
22712,-1.60e-02,2.31e+01,
22713,-1.60e-02,2.35e+01,
22714,-1.60e-02,2.35e+01,
22715,-1.60e-02,2.31e+01,
22716,-1.60e-02,2.31e+01,
22717,-8.00e-03,2.31e+01,
22718,-1.60e-02,2.31e+01,
22719,-1.60e-02,2.31e+01,
22720,-1.60e-02,2.27e+01,
22721,-1.60e-02,2.27e+01,
22722,-1.60e-02,2.27e+01,
22723,-8.00e-03,2.27e+01,
22724,-1.60e-02,2.27e+01,
22725,-1.60e-02,2.27e+01,
22726,-1.60e-02,2.27e+01,
22727,-1.60e-02,2.27e+01,
22728,-1.60e-02,2.19e+01,
22729,-1.60e-02,2.19e+01,
22730,-1.60e-02,2.19e+01,
22731,-1.60e-02,2.19e+01,
22732,-1.60e-02,2.19e+01,
22733,-1.60e-02,2.19e+01,
22734,-1.60e-02,2.19e+01,
22735,-1.60e-02,2.15e+01,
22736,-1.60e-02,2.15e+01,
22737,-1.60e-02,2.15e+01,
22738,-1.60e-02,2.15e+01,
22739,-8.00e-03,2.15e+01,
22740,-1.60e-02,2.11e+01,
22741,-1.60e-02,2.11e+01,
22742,-1.60e-02,2.11e+01,
22743,-8.00e-03,2.11e+01,
22744,-8.00e-03,2.11e+01,
22745,-1.60e-02,2.11e+01,
22746,-1.60e-02,2.11e+01,
22747,-1.60e-02,2.07e+01,
22748,-1.60e-02,2.07e+01,
22749,-1.60e-02,2.07e+01,
22750,-1.60e-02,2.07e+01,
22751,-1.60e-02,2.07e+01,
22752,-1.60e-02,2.03e+01,
22753,-1.60e-02,2.03e+01,
22754,-1.60e-02,2.03e+01,
22755,-8.00e-03,2.03e+01,
22756,-1.60e-02,2.03e+01,
22757,-1.60e-02,1.99e+01,
22758,-1.60e-02,1.99e+01,
22759,-1.60e-02,1.99e+01,
22760,-1.60e-02,1.99e+01,
22761,-1.60e-02,1.99e+01,
22762,-1.60e-02,1.99e+01,
22763,-8.00e-03,1.95e+01,
22764,-1.60e-02,1.95e+01,
22765,-1.60e-02,1.95e+01,
22766,-1.60e-02,1.95e+01,
22767,-8.00e-03,1.95e+01,
22768,-1.60e-02,1.91e+01,
22769,-1.60e-02,1.91e+01,
22770,-1.60e-02,1.91e+01,
22771,-8.00e-03,1.91e+01,
22772,-1.60e-02,1.87e+01,
22773,-1.60e-02,1.87e+01,
22774,-1.60e-02,1.91e+01,
22775,-8.00e-03,1.87e+01,
22776,-1.60e-02,1.87e+01,
22777,-8.00e-03,1.87e+01,
22778,-1.60e-02,1.87e+01,
22779,-8.00e-03,1.83e+01,
22780,-1.60e-02,1.83e+01,
22781,-1.60e-02,1.83e+01,
22782,-1.60e-02,1.83e+01,
22783,-1.60e-02,1.79e+01,
22784,-1.60e-02,1.79e+01,
22785,-1.60e-02,1.79e+01,
22786,-1.60e-02,1.79e+01,
22787,-1.60e-02,1.79e+01,
22788,-1.60e-02,1.75e+01,
22789,-1.60e-02,1.75e+01,
22790,-1.60e-02,1.75e+01,
22791,-1.60e-02,1.75e+01,
22792,-1.60e-02,1.71e+01,
22793,-1.60e-02,1.75e+01,
22794,-1.60e-02,1.75e+01,
22795,-8.00e-03,1.71e+01,
22796,-1.60e-02,1.71e+01,
22797,-1.60e-02,1.71e+01,
22798,-1.60e-02,1.71e+01,
22799,-1.60e-02,1.67e+01,
22800,-1.60e-02,1.67e+01,
22801,-1.60e-02,1.67e+01,
22802,-1.60e-02,1.67e+01,
22803,-8.00e-03,1.67e+01,
22804,-1.60e-02,1.59e+01,
22805,-1.60e-02,1.59e+01,
22806,-1.60e-02,1.59e+01,
22807,-1.60e-02,1.59e+01,
22808,-1.60e-02,1.55e+01,
22809,-1.60e-02,1.55e+01,
22810,-1.60e-02,1.55e+01,
22811,-8.00e-03,1.55e+01,
22812,-1.60e-02,1.55e+01,
22813,-1.60e-02,1.55e+01,
22814,-1.60e-02,1.55e+01,
22815,-1.60e-02,1.51e+01,
22816,-1.60e-02,1.51e+01,
22817,-1.60e-02,1.51e+01,
22818,-1.60e-02,1.51e+01,
22819,-8.00e-03,1.51e+01,
22820,-1.60e-02,1.47e+01,
22821,-1.60e-02,1.47e+01,
22822,-1.60e-02,1.47e+01,
22823,-8.00e-03,1.47e+01,
22824,-1.60e-02,1.47e+01,
22825,-1.60e-02,1.43e+01,
22826,-1.60e-02,1.47e+01,
22827,-8.00e-03,1.43e+01,
22828,-1.60e-02,1.43e+01,
22829,-1.60e-02,1.43e+01,
22830,-1.60e-02,1.43e+01,
22831,-8.00e-03,1.39e+01,
22832,-1.60e-02,1.39e+01,
22833,-1.60e-02,1.39e+01,
22834,-1.60e-02,1.39e+01,
22835,-8.00e-03,1.39e+01,
22836,-1.60e-02,1.35e+01,
22837,-1.60e-02,1.39e+01,
22838,-8.00e-03,1.39e+01,
22839,-1.60e-02,1.35e+01,
22840,-1.60e-02,1.35e+01,
22841,-1.60e-02,1.35e+01,
22842,-1.60e-02,1.35e+01,
22843,-8.00e-03,1.35e+01,
22844,-1.60e-02,1.31e+01,
22845,-1.60e-02,1.31e+01,
22846,-1.60e-02,1.35e+01,
22847,-8.00e-03,1.31e+01,
22848,-1.60e-02,1.27e+01,
22849,-8.00e-03,1.31e+01,
22850,-1.60e-02,1.27e+01,
22851,-8.00e-03,1.27e+01,
22852,-1.60e-02,1.27e+01,
22853,-1.60e-02,1.27e+01,
22854,-1.60e-02,1.27e+01,
22855,-8.00e-03,1.27e+01,
22856,-1.60e-02,1.27e+01,
22857,-1.60e-02,1.27e+01,
22858,-8.00e-03,1.27e+01,
22859,-8.00e-03,1.27e+01,
22860,-1.60e-02,1.23e+01,
22861,-1.60e-02,1.23e+01,
22862,-8.00e-03,1.23e+01,
22863,-8.00e-03,1.23e+01,
22864,-1.60e-02,1.19e+01,
22865,-1.60e-02,1.23e+01,
22866,-1.60e-02,1.23e+01,
22867,-8.00e-03,1.19e+01,
22868,-1.60e-02,1.19e+01,
22869,-8.00e-03,1.19e+01,
22870,-1.60e-02,1.19e+01,
22871,-8.00e-03,1.19e+01,
22872,-1.60e-02,1.19e+01,
22873,-1.60e-02,1.19e+01,
22874,-8.00e-03,1.19e+01,
22875,-8.00e-03,1.19e+01,
22876,-1.60e-02,1.15e+01,
22877,-1.60e-02,1.15e+01,
22878,-1.60e-02,1.15e+01,
22879,-8.00e-03,1.15e+01,
22880,-1.60e-02,1.15e+01,
22881,-8.00e-03,1.15e+01,
22882,-8.00e-03,1.15e+01,
22883,-8.00e-03,1.15e+01,
22884,-1.60e-02,1.11e+01,
22885,-1.60e-02,1.11e+01,
22886,-8.00e-03,1.15e+01,
22887,-8.00e-03,1.11e+01,
22888,-8.00e-03,1.11e+01,
22889,-8.00e-03,1.11e+01,
22890,-1.60e-02,1.11e+01,
22891,-8.00e-03,1.11e+01,
22892,-1.60e-02,1.11e+01,
22893,-1.60e-02,1.11e+01,
22894,-8.00e-03,1.11e+01,
22895,-8.00e-03,1.07e+01,
22896,-1.60e-02,1.07e+01,
22897,-8.00e-03,1.07e+01,
22898,-8.00e-03,1.07e+01,
22899,-8.00e-03,1.07e+01,
22900,-1.60e-02,1.07e+01,
22901,-8.00e-03,1.07e+01,
22902,-8.00e-03,1.07e+01,
22903,-8.00e-03,1.07e+01,
22904,-1.60e-02,9.90e+00,
22905,-8.00e-03,1.07e+01,
22906,-1.60e-02,1.07e+01,
22907,-8.00e-03,1.07e+01,
22908,-8.00e-03,9.90e+00,
22909,-8.00e-03,1.07e+01,
22910,-8.00e-03,1.07e+01,
22911,-8.00e-03,1.07e+01,
22912,-8.00e-03,9.90e+00,
22913,-8.00e-03,1.07e+01,
22914,-8.00e-03,9.90e+00,
22915,-8.00e-03,9.90e+00,
22916,-1.60e-02,9.90e+00,
22917,-8.00e-03,9.90e+00,
22918,-8.00e-03,9.90e+00,
22919,-8.00e-03,9.90e+00,
22920,-1.60e-02,9.90e+00,
22921,-8.00e-03,9.90e+00,
22922,-8.00e-03,9.90e+00,
22923,-8.00e-03,9.90e+00,
22924,-1.60e-02,9.50e+00,
22925,-8.00e-03,9.90e+00,
22926,-8.00e-03,9.90e+00,
22927,-8.00e-03,9.50e+00,
22928,-8.00e-03,9.50e+00,
22929,-8.00e-03,9.90e+00,
22930,-8.00e-03,9.90e+00,
22931,-8.00e-03,9.90e+00,
22932,-1.60e-02,9.50e+00,
22933,-8.00e-03,9.90e+00,
22934,-8.00e-03,9.90e+00,
22935,-8.00e-03,9.50e+00,
22936,-8.00e-03,9.50e+00,
22937,-8.00e-03,9.50e+00,
22938,-8.00e-03,9.90e+00,
22939,-8.00e-03,9.50e+00,
22940,-8.00e-03,9.50e+00,
22941,-8.00e-03,9.50e+00,
22942,-8.00e-03,9.90e+00,
22943,-8.00e-03,9.50e+00,
22944,-8.00e-03,9.50e+00,
22945,-8.00e-03,9.50e+00,
22946,-8.00e-03,9.90e+00,
22947,-8.00e-03,9.50e+00,
22948,-8.00e-03,9.50e+00,
22949,-8.00e-03,9.50e+00,
22950,-8.00e-03,9.90e+00,
22951,-8.00e-03,9.50e+00,
22952,-8.00e-03,9.50e+00,
22953,-8.00e-03,9.50e+00,
22954,-8.00e-03,9.90e+00,
22955,-8.00e-03,9.50e+00,
22956,-8.00e-03,9.50e+00,
22957,-8.00e-03,9.50e+00,
22958,-8.00e-03,9.90e+00,
22959,-8.00e-03,9.50e+00,
22960,-8.00e-03,9.50e+00,
22961,-8.00e-03,9.50e+00,
22962,-8.00e-03,9.90e+00,
22963,-8.00e-03,9.90e+00,
22964,-8.00e-03,9.50e+00,
22965,-8.00e-03,9.50e+00,
22966,-8.00e-03,9.90e+00,
22967,-8.00e-03,9.90e+00,
22968,-8.00e-03,9.50e+00,
22969,-8.00e-03,9.90e+00,
22970,-8.00e-03,9.90e+00,
22971,-8.00e-03,9.90e+00,
22972,-8.00e-03,9.50e+00,
22973,-8.00e-03,9.90e+00,
22974,-8.00e-03,9.90e+00,
22975,-8.00e-03,9.90e+00,
22976,-1.60e-02,9.90e+00,
22977,-8.00e-03,9.90e+00,
22978,-8.00e-03,9.90e+00,
22979,-8.00e-03,9.90e+00,
22980,-8.00e-03,9.90e+00,
22981,-8.00e-03,9.90e+00,
22982,-8.00e-03,9.90e+00,
22983,-8.00e-03,9.90e+00,
22984,-1.60e-02,9.90e+00,
22985,-8.00e-03,9.90e+00,
22986,-8.00e-03,9.90e+00,
22987,-8.00e-03,1.07e+01,
22988,-8.00e-03,9.90e+00,
22989,-8.00e-03,1.07e+01,
22990,-8.00e-03,1.07e+01,
22991,-8.00e-03,1.07e+01,
22992,-8.00e-03,1.07e+01,
22993,-8.00e-03,1.07e+01,
22994,-8.00e-03,1.07e+01,
22995,-8.00e-03,1.07e+01,
22996,-8.00e-03,1.07e+01,
22997,-8.00e-03,1.07e+01,
22998,-8.00e-03,1.07e+01,
22999,-8.00e-03,1.07e+01,
23000,-8.00e-03,1.07e+01,
23001,-8.00e-03,1.07e+01,
23002,-8.00e-03,1.11e+01,
23003,-8.00e-03,1.11e+01,
23004,-8.00e-03,1.07e+01,
23005,-8.00e-03,1.07e+01,
23006,-8.00e-03,1.11e+01,
23007,-8.00e-03,1.11e+01,
23008,-8.00e-03,1.11e+01,
23009,-8.00e-03,1.11e+01,
23010,-8.00e-03,1.11e+01,
23011,-8.00e-03,1.11e+01,
23012,-8.00e-03,1.11e+01,
23013,-8.00e-03,1.11e+01,
23014,-8.00e-03,1.15e+01,
23015,-8.00e-03,1.15e+01,
23016,-8.00e-03,1.11e+01,
23017,-8.00e-03,1.15e+01,
23018,-8.00e-03,1.15e+01,
23019,-8.00e-03,1.15e+01,
23020,-8.00e-03,1.15e+01,
23021,-8.00e-03,1.15e+01,
23022,-8.00e-03,1.19e+01,
23023,-8.00e-03,1.15e+01,
23024,-8.00e-03,1.15e+01,
23025,-8.00e-03,1.15e+01,
23026,-8.00e-03,1.19e+01,
23027,-8.00e-03,1.19e+01,
23028,-8.00e-03,1.19e+01,
23029,-8.00e-03,1.19e+01,
23030,-8.00e-03,1.19e+01,
23031,-8.00e-03,1.19e+01,
23032,-8.00e-03,1.19e+01,
23033,-8.00e-03,1.19e+01,
23034,-8.00e-03,1.23e+01,
23035,-8.00e-03,1.23e+01,
23036,-8.00e-03,1.23e+01,
23037,-8.00e-03,1.23e+01,
23038,-8.00e-03,1.23e+01,
23039,-8.00e-03,1.23e+01,
23040,-8.00e-03,1.23e+01,
23041,-8.00e-03,1.23e+01,
23042,-8.00e-03,1.27e+01,
23043,-8.00e-03,1.27e+01,
23044,-8.00e-03,1.27e+01,
23045,-8.00e-03,1.27e+01,
23046,-8.00e-03,1.27e+01,
23047,-8.00e-03,1.27e+01,
23048,-8.00e-03,1.27e+01,
23049,-8.00e-03,1.31e+01,
23050,-8.00e-03,1.31e+01,
23051,-8.00e-03,1.31e+01,
23052,-8.00e-03,1.31e+01,
23053,-8.00e-03,1.31e+01,
23054,-8.00e-03,1.35e+01,
23055,-8.00e-03,1.31e+01,
23056,-8.00e-03,1.31e+01,
23057,-8.00e-03,1.35e+01,
23058,-8.00e-03,1.35e+01,
23059,-8.00e-03,1.35e+01,
23060,-8.00e-03,1.35e+01,
23061,-8.00e-03,1.35e+01,
23062,-8.00e-03,1.39e+01,
23063,-8.00e-03,1.39e+01,
23064,-8.00e-03,1.35e+01,
23065,-8.00e-03,1.39e+01,
23066,-8.00e-03,1.39e+01,
23067,-8.00e-03,1.39e+01,
23068,-8.00e-03,1.39e+01,
23069,-8.00e-03,1.39e+01,
23070,-8.00e-03,1.43e+01,
23071,-8.00e-03,1.43e+01,
23072,-8.00e-03,1.43e+01,
23073,-8.00e-03,1.43e+01,
23074,-8.00e-03,1.43e+01,
23075,-8.00e-03,1.43e+01,
23076,-8.00e-03,1.43e+01,
23077,-8.00e-03,1.47e+01,
23078,-8.00e-03,1.47e+01,
23079,-8.00e-03,1.47e+01,
23080,-8.00e-03,1.47e+01,
23081,-8.00e-03,1.47e+01,
23082,-8.00e-03,1.51e+01,
23083,-8.00e-03,1.51e+01,
23084,-8.00e-03,1.51e+01,
23085,-8.00e-03,1.51e+01,
23086,-8.00e-03,1.51e+01,
23087,-8.00e-03,1.51e+01,
23088,-8.00e-03,1.51e+01,
23089,-8.00e-03,1.55e+01,
23090,-8.00e-03,1.55e+01,
23091,-8.00e-03,1.55e+01,
23092,-8.00e-03,1.55e+01,
23093,-8.00e-03,1.55e+01,
23094,-8.00e-03,1.55e+01,
23095,-8.00e-03,1.55e+01,
23096,-8.00e-03,1.55e+01,
23097,-8.00e-03,1.59e+01,
23098,-8.00e-03,1.59e+01,
23099,-8.00e-03,1.59e+01,
23100,-8.00e-03,1.59e+01,
23101,-8.00e-03,1.59e+01,
23102,-8.00e-03,1.67e+01,
23103,-8.00e-03,1.67e+01,
23104,-8.00e-03,1.67e+01,
23105,-8.00e-03,1.67e+01,
23106,-8.00e-03,1.71e+01,
23107,-8.00e-03,1.71e+01,
23108,-8.00e-03,1.67e+01,
23109,-8.00e-03,1.71e+01,
23110,-8.00e-03,1.71e+01,
23111,-8.00e-03,1.71e+01,
23112,-8.00e-03,1.71e+01,
23113,-8.00e-03,1.71e+01,
23114,-8.00e-03,1.75e+01,
23115,-8.00e-03,1.75e+01,
23116,-8.00e-03,1.75e+01,
23117,-8.00e-03,1.75e+01,
23118,-8.00e-03,1.75e+01,
23119,-8.00e-03,1.75e+01,
23120,-8.00e-03,1.75e+01,
23121,-8.00e-03,1.79e+01,
23122,-8.00e-03,1.79e+01,
23123,-8.00e-03,1.79e+01,
23124,-8.00e-03,1.79e+01,
23125,-8.00e-03,1.79e+01,
23126,-8.00e-03,1.83e+01,
23127,-8.00e-03,1.83e+01,
23128,-8.00e-03,1.79e+01,
23129,-8.00e-03,1.83e+01,
23130,-8.00e-03,1.83e+01,
23131,-8.00e-03,1.83e+01,
23132,-8.00e-03,1.83e+01,
23133,-8.00e-03,1.83e+01,
23134,-8.00e-03,1.87e+01,
23135,-8.00e-03,1.87e+01,
23136,-8.00e-03,1.87e+01,
23137,-8.00e-03,1.87e+01,
23138,-8.00e-03,1.87e+01,
23139,-8.00e-03,1.87e+01,
23140,-8.00e-03,1.87e+01,
23141,-8.00e-03,1.91e+01,
23142,-8.00e-03,1.91e+01,
23143,-8.00e-03,1.91e+01,
23144,-8.00e-03,1.91e+01,
23145,-8.00e-03,1.91e+01,
23146,-8.00e-03,1.95e+01,
23147,-8.00e-03,1.91e+01,
23148,-8.00e-03,1.91e+01,
23149,-8.00e-03,1.95e+01,
23150,-8.00e-03,1.95e+01,
23151,-8.00e-03,1.95e+01,
23152,-8.00e-03,1.95e+01,
23153,-8.00e-03,1.95e+01,
23154,-8.00e-03,1.99e+01,
23155,-8.00e-03,1.99e+01,
23156,-8.00e-03,1.99e+01,
23157,-8.00e-03,1.99e+01,
23158,-8.00e-03,1.99e+01,
23159,-8.00e-03,1.99e+01,
23160,-8.00e-03,1.99e+01,
23161,-8.00e-03,1.99e+01,
23162,-8.00e-03,1.99e+01,
23163,-8.00e-03,1.99e+01,
23164,-1.60e-02,1.99e+01,
23165,-8.00e-03,2.03e+01,
23166,-8.00e-03,2.03e+01,
23167,-8.00e-03,2.03e+01,
23168,-8.00e-03,2.03e+01,
23169,-8.00e-03,2.03e+01,
23170,-8.00e-03,2.03e+01,
23171,-8.00e-03,2.03e+01,
23172,-8.00e-03,2.03e+01,
23173,-1.60e-02,2.07e+01,
23174,-8.00e-03,2.07e+01,
23175,-8.00e-03,2.07e+01,
23176,-8.00e-03,2.07e+01,
23177,-8.00e-03,2.07e+01,
23178,-8.00e-03,2.07e+01,
23179,-8.00e-03,2.07e+01,
23180,-1.60e-02,2.07e+01,
23181,-8.00e-03,2.07e+01,
23182,-8.00e-03,2.11e+01,
23183,-8.00e-03,2.07e+01,
23184,-8.00e-03,2.07e+01,
23185,-8.00e-03,2.11e+01,
23186,-8.00e-03,2.11e+01,
23187,-8.00e-03,2.11e+01,
23188,-8.00e-03,2.11e+01,
23189,-8.00e-03,2.11e+01,
23190,-8.00e-03,2.11e+01,
23191,-8.00e-03,2.11e+01,
23192,-8.00e-03,2.11e+01,
23193,-1.60e-02,2.11e+01,
23194,-8.00e-03,2.15e+01,
23195,-8.00e-03,2.15e+01,
23196,-8.00e-03,2.11e+01,
23197,-8.00e-03,2.11e+01,
23198,-8.00e-03,2.15e+01,
23199,-8.00e-03,2.15e+01,
23200,-8.00e-03,2.15e+01,
23201,-8.00e-03,2.15e+01,
23202,-8.00e-03,2.15e+01,
23203,-8.00e-03,2.15e+01,
23204,-8.00e-03,2.15e+01,
23205,-8.00e-03,2.15e+01,
23206,-8.00e-03,2.15e+01,
23207,-8.00e-03,2.15e+01,
23208,-8.00e-03,2.15e+01,
23209,-8.00e-03,2.15e+01,
23210,-8.00e-03,2.15e+01,
23211,-8.00e-03,2.15e+01,
23212,-1.60e-02,2.15e+01,
23213,-8.00e-03,2.15e+01,
23214,-8.00e-03,2.19e+01,
23215,-8.00e-03,2.15e+01,
23216,-8.00e-03,2.15e+01,
23217,-1.60e-02,2.15e+01,
23218,-8.00e-03,2.19e+01,
23219,-8.00e-03,2.15e+01,
23220,-8.00e-03,2.15e+01,
23221,-8.00e-03,2.15e+01,
23222,-8.00e-03,2.19e+01,
23223,-8.00e-03,2.15e+01,
23224,-1.60e-02,2.15e+01,
23225,-8.00e-03,2.15e+01,
23226,-8.00e-03,2.19e+01,
23227,-8.00e-03,2.15e+01,
23228,-1.60e-02,2.15e+01,
23229,-8.00e-03,2.15e+01,
23230,-8.00e-03,2.15e+01,
23231,-8.00e-03,2.15e+01,
23232,-8.00e-03,2.15e+01,
23233,-8.00e-03,2.19e+01,
23234,-1.60e-02,2.19e+01,
23235,-8.00e-03,2.19e+01,
23236,-8.00e-03,2.15e+01,
23237,-8.00e-03,2.15e+01,
23238,-8.00e-03,2.15e+01,
23239,-8.00e-03,2.15e+01,
23240,-8.00e-03,2.15e+01,
23241,-8.00e-03,2.15e+01,
23242,-8.00e-03,2.15e+01,
23243,-8.00e-03,2.15e+01,
23244,-1.60e-02,2.15e+01,
23245,-1.60e-02,2.15e+01,
23246,-8.00e-03,2.19e+01,
23247,-8.00e-03,2.15e+01,
23248,-8.00e-03,2.15e+01,
23249,-8.00e-03,2.15e+01,
23250,-8.00e-03,2.15e+01,
23251,-8.00e-03,2.15e+01,
23252,-1.60e-02,2.15e+01,
23253,-8.00e-03,2.15e+01,
23254,-1.60e-02,2.15e+01,
23255,-8.00e-03,2.15e+01,
23256,-1.60e-02,2.11e+01,
23257,-8.00e-03,2.15e+01,
23258,-1.60e-02,2.15e+01,
23259,-8.00e-03,2.15e+01,
23260,-8.00e-03,2.15e+01,
23261,-8.00e-03,2.11e+01,
23262,-8.00e-03,2.15e+01,
23263,-8.00e-03,2.11e+01,
23264,-1.60e-02,2.11e+01,
23265,-1.60e-02,2.11e+01,
23266,-8.00e-03,2.11e+01,
23267,-8.00e-03,2.11e+01,
23268,-1.60e-02,2.11e+01,
23269,-8.00e-03,2.11e+01,
23270,-1.60e-02,2.11e+01,
23271,-8.00e-03,2.11e+01,
23272,-8.00e-03,2.11e+01,
23273,-1.60e-02,2.11e+01,
23274,-1.60e-02,2.11e+01,
23275,-8.00e-03,2.11e+01,
23276,-1.60e-02,2.07e+01,
23277,-8.00e-03,2.07e+01,
23278,-8.00e-03,2.07e+01,
23279,-8.00e-03,2.07e+01,
23280,-8.00e-03,2.07e+01,
23281,-8.00e-03,2.07e+01,
23282,-1.60e-02,2.07e+01,
23283,-8.00e-03,2.07e+01,
23284,-1.60e-02,2.07e+01,
23285,-8.00e-03,2.07e+01,
23286,-8.00e-03,2.07e+01,
23287,-1.60e-02,2.03e+01,
23288,-1.60e-02,2.03e+01,
23289,-8.00e-03,2.03e+01,
23290,-8.00e-03,2.03e+01,
23291,-8.00e-03,2.03e+01,
23292,-1.60e-02,2.03e+01,
23293,-8.00e-03,2.03e+01,
23294,-8.00e-03,2.03e+01,
23295,-1.60e-02,1.99e+01,
23296,-1.60e-02,1.99e+01,
23297,-8.00e-03,1.99e+01,
23298,-1.60e-02,2.03e+01,
23299,-8.00e-03,1.99e+01,
23300,-8.00e-03,1.99e+01,
23301,-8.00e-03,1.99e+01,
23302,-8.00e-03,1.99e+01,
23303,-8.00e-03,1.99e+01,
23304,-1.60e-02,1.99e+01,
23305,-8.00e-03,1.99e+01,
23306,-8.00e-03,1.99e+01,
23307,-8.00e-03,1.95e+01,
23308,-1.60e-02,1.95e+01,
23309,-1.60e-02,1.95e+01,
23310,-8.00e-03,1.95e+01,
23311,-8.00e-03,1.95e+01,
23312,-1.60e-02,1.95e+01,
23313,-8.00e-03,1.95e+01,
23314,-8.00e-03,1.95e+01,
23315,-8.00e-03,1.95e+01,
23316,-1.60e-02,1.91e+01,
23317,-8.00e-03,1.91e+01,
23318,-8.00e-03,1.91e+01,
23319,-8.00e-03,1.91e+01,
23320,-1.60e-02,1.91e+01,
23321,-8.00e-03,1.91e+01,
23322,-8.00e-03,1.91e+01,
23323,-8.00e-03,1.87e+01,
23324,-1.60e-02,1.87e+01,
23325,-8.00e-03,1.87e+01,
23326,-8.00e-03,1.87e+01,
23327,-8.00e-03,1.87e+01,
23328,-1.60e-02,1.87e+01,
23329,-1.60e-02,1.87e+01,
23330,-8.00e-03,1.87e+01,
23331,-8.00e-03,1.83e+01,
23332,-8.00e-03,1.83e+01,
23333,-8.00e-03,1.83e+01,
23334,-8.00e-03,1.83e+01,
23335,-8.00e-03,1.83e+01,
23336,-1.60e-02,1.79e+01,
23337,-8.00e-03,1.83e+01,
23338,-8.00e-03,1.83e+01,
23339,-8.00e-03,1.79e+01,
23340,-1.60e-02,1.79e+01,
23341,-8.00e-03,1.79e+01,
23342,-8.00e-03,1.79e+01,
23343,-8.00e-03,1.79e+01,
23344,-1.60e-02,1.79e+01,
23345,-1.60e-02,1.79e+01,
23346,-8.00e-03,1.79e+01,
23347,-8.00e-03,1.75e+01,
23348,-1.60e-02,1.75e+01,
23349,-1.60e-02,1.75e+01,
23350,-1.60e-02,1.75e+01,
23351,-8.00e-03,1.75e+01,
23352,-1.60e-02,1.75e+01,
23353,-8.00e-03,1.75e+01,
23354,-8.00e-03,1.75e+01,
23355,-8.00e-03,1.71e+01,
23356,-1.60e-02,1.71e+01,
23357,-1.60e-02,1.71e+01,
23358,-8.00e-03,1.71e+01,
23359,-8.00e-03,1.71e+01,
23360,-1.60e-02,1.67e+01,
23361,-8.00e-03,1.67e+01,
23362,-8.00e-03,1.71e+01,
23363,-8.00e-03,1.67e+01,
23364,-1.60e-02,1.67e+01,
23365,-8.00e-03,1.67e+01,
23366,-1.60e-02,1.67e+01,
23367,-8.00e-03,1.67e+01,
23368,-1.60e-02,1.59e+01,
23369,-8.00e-03,1.67e+01,
23370,-1.60e-02,1.67e+01,
23371,-8.00e-03,1.59e+01,
23372,-1.60e-02,1.59e+01,
23373,-8.00e-03,1.59e+01,
23374,-8.00e-03,1.59e+01,
23375,-8.00e-03,1.59e+01,
23376,-1.60e-02,1.55e+01,
23377,-1.60e-02,1.55e+01,
23378,-1.60e-02,1.59e+01,
23379,-8.00e-03,1.55e+01,
23380,-1.60e-02,1.55e+01,
23381,-8.00e-03,1.55e+01,
23382,-8.00e-03,1.55e+01,
23383,-8.00e-03,1.55e+01,
23384,-1.60e-02,1.51e+01,
23385,-1.60e-02,1.51e+01,
23386,-1.60e-02,1.51e+01,
23387,-8.00e-03,1.51e+01,
23388,-1.60e-02,1.51e+01,
23389,-8.00e-03,1.51e+01,
23390,-8.00e-03,1.51e+01,
23391,-8.00e-03,1.51e+01,
23392,-8.00e-03,1.47e+01,
23393,8.00e-03,1.51e+01,
23394,8.00e-03,1.51e+01,
23395,1.60e-02,1.51e+01,
23396,2.40e-02,1.47e+01,
23397,4.00e-02,1.47e+01,
23398,2.40e-02,1.47e+01,
23399,2.40e-02,1.47e+01,
23400,1.60e-02,1.47e+01,
23401,1.60e-02,1.47e+01,
23402,1.60e-02,1.47e+01,
23403,2.40e-02,1.47e+01,
23404,1.60e-02,1.43e+01,
23405,1.60e-02,1.43e+01,
23406,1.60e-02,1.47e+01,
23407,2.40e-02,1.43e+01,
23408,2.40e-02,1.43e+01,
23409,4.00e-02,1.43e+01,
23410,2.40e-02,1.43e+01,
23411,4.00e-02,1.43e+01,
23412,2.40e-02,1.43e+01,
23413,2.40e-02,1.43e+01,
23414,8.00e-03,1.43e+01,
23415,0.00e+00,1.43e+01,
23416,0.00e+00,1.39e+01,
23417,0.00e+00,1.43e+01,
23418,0.00e+00,1.43e+01,
23419,0.00e+00,1.43e+01,
23420,0.00e+00,1.39e+01,
23421,0.00e+00,1.39e+01,
23422,8.00e-03,1.31e+01,
23423,2.40e-02,1.19e+01,
23424,5.60e-02,9.50e+00,
23425,8.80e-02,8.30e+00,
23426,8.80e-02,7.50e+00,
23427,8.00e-02,5.90e+00,
23428,6.40e-02,5.10e+00,
23429,4.00e-02,4.70e+00,
23430,0.00e+00,4.70e+00,
23431,-3.20e-02,3.90e+00,
23432,-4.80e-02,3.50e+00,
23433,-4.00e-02,3.50e+00,
23434,-2.40e-02,3.50e+00,
23435,8.00e-03,3.50e+00,
23436,4.00e-02,3.10e+00,
23437,5.60e-02,2.70e+00,
23438,6.40e-02,2.70e+00,
23439,4.80e-02,1.90e+00,
23440,2.40e-02,1.50e+00,
23441,0.00e+00,1.90e+00,
23442,-2.40e-02,1.50e+00,
23443,-2.40e-02,1.50e+00,
23444,-2.40e-02,1.10e+00,
23445,-8.00e-03,1.10e+00,
23446,1.60e-02,1.50e+00,
23447,4.00e-02,7.00e-01,
23448,4.80e-02,-1.00e-01,
23449,4.80e-02,7.00e-01,
23450,4.00e-02,-1.00e-01,
23451,1.60e-02,-1.00e-01,
23452,-8.00e-03,-1.00e-01,
23453,-2.40e-02,-1.00e-01,
23454,-3.20e-02,3.00e-01,
23455,-2.40e-02,-1.00e-01,
23456,-8.00e-03,-1.00e-01,
23457,8.00e-03,3.00e-01,
23458,1.60e-02,3.00e-01,
23459,4.00e-02,3.00e-01,
23460,2.40e-02,-1.00e-01,
23461,1.60e-02,-1.00e-01,
23462,0.00e+00,3.00e-01,
23463,-8.00e-03,-1.00e-01,
23464,-2.40e-02,-1.00e-01,
23465,-2.40e-02,-1.00e-01,
23466,-1.60e-02,3.00e-01,
23467,0.00e+00,3.00e-01,
23468,8.00e-03,-1.00e-01,
23469,1.60e-02,3.00e-01,
23470,1.60e-02,3.00e-01,
23471,1.60e-02,-1.00e-01,
23472,8.00e-03,-1.00e-01,
23473,0.00e+00,-1.00e-01,
23474,-1.60e-02,-1.00e-01,
23475,-1.60e-02,-1.00e-01,
23476,-1.60e-02,-1.00e-01,
23477,-8.00e-03,-1.00e-01,
23478,0.00e+00,3.00e-01,
23479,1.60e-02,3.00e-01,
23480,1.60e-02,-1.00e-01,
23481,1.60e-02,-1.00e-01,
23482,8.00e-03,-1.00e-01,
23483,0.00e+00,-1.00e-01,
23484,-8.00e-03,-1.00e-01,
23485,-8.00e-03,-1.00e-01,
23486,-8.00e-03,3.00e-01,
23487,-8.00e-03,-1.00e-01,
23488,0.00e+00,-1.00e-01,
23489,8.00e-03,-1.00e-01,
23490,8.00e-03,3.00e-01,
23491,1.60e-02,-1.00e-01,
23492,8.00e-03,-1.00e-01,
23493,8.00e-03,-1.00e-01,
23494,0.00e+00,3.00e-01,
23495,0.00e+00,-1.00e-01,
23496,-8.00e-03,-1.00e-01,
23497,-8.00e-03,-1.00e-01,
23498,0.00e+00,3.00e-01,
23499,8.00e-03,3.00e-01,
23500,0.00e+00,-1.00e-01,
23501,8.00e-03,-1.00e-01,
23502,8.00e-03,3.00e-01,
23503,8.00e-03,-1.00e-01,
23504,0.00e+00,-1.00e-01,
23505,0.00e+00,-1.00e-01,
23506,-8.00e-03,3.00e-01,
23507,0.00e+00,-1.00e-01,
23508,-8.00e-03,-1.00e-01,
23509,0.00e+00,-1.00e-01,
23510,8.00e-03,3.00e-01,
23511,8.00e-03,-1.00e-01,
23512,8.00e-03,-1.00e-01,
23513,8.00e-03,3.00e-01,
23514,0.00e+00,3.00e-01,
23515,8.00e-03,-1.00e-01,
23516,0.00e+00,-1.00e-01,
23517,0.00e+00,-1.00e-01,
23518,0.00e+00,3.00e-01,
23519,0.00e+00,-1.00e-01,
23520,0.00e+00,-1.00e-01,
23521,8.00e-03,-1.00e-01,
23522,8.00e-03,3.00e-01,
23523,8.00e-03,-1.00e-01,
23524,8.00e-03,-1.00e-01,
23525,0.00e+00,-1.00e-01,
23526,0.00e+00,3.00e-01,
23527,8.00e-03,-1.00e-01,
23528,0.00e+00,-1.00e-01,
23529,0.00e+00,-1.00e-01,
23530,0.00e+00,3.00e-01,
23531,8.00e-03,3.00e-01,
23532,8.00e-03,-1.00e-01,
23533,8.00e-03,-1.00e-01,
23534,8.00e-03,3.00e-01,
23535,8.00e-03,-1.00e-01,
23536,8.00e-03,-1.00e-01,
23537,0.00e+00,-1.00e-01,
23538,0.00e+00,-1.00e-01,
23539,8.00e-03,3.00e-01,
23540,0.00e+00,-1.00e-01,
23541,0.00e+00,3.00e-01,
23542,8.00e-03,3.00e-01,
23543,8.00e-03,3.00e-01,
23544,8.00e-03,-1.00e-01,
23545,8.00e-03,-1.00e-01,
23546,8.00e-03,3.00e-01,
23547,8.00e-03,-1.00e-01,
23548,0.00e+00,-1.00e-01,
23549,0.00e+00,-1.00e-01,
23550,0.00e+00,3.00e-01,
23551,8.00e-03,-1.00e-01,
23552,0.00e+00,-1.00e-01,
23553,8.00e-03,3.00e-01,
23554,8.00e-03,3.00e-01,
23555,8.00e-03,3.00e-01,
23556,8.00e-03,-1.00e-01,
23557,8.00e-03,-1.00e-01,
23558,0.00e+00,3.00e-01,
23559,8.00e-03,-1.00e-01,
23560,0.00e+00,-1.00e-01,
23561,8.00e-03,3.00e-01,
23562,8.00e-03,3.00e-01,
23563,8.00e-03,3.00e-01,
23564,8.00e-03,-1.00e-01,
23565,8.00e-03,-1.00e-01,
23566,8.00e-03,3.00e-01,
23567,8.00e-03,-1.00e-01,
23568,8.00e-03,-1.00e-01,
23569,8.00e-03,-1.00e-01,
23570,8.00e-03,3.00e-01,
23571,8.00e-03,-1.00e-01,
23572,0.00e+00,-1.00e-01,
23573,0.00e+00,-1.00e-01,
23574,8.00e-03,3.00e-01,
23575,8.00e-03,-1.00e-01,
23576,8.00e-03,-1.00e-01,
23577,8.00e-03,3.00e-01,
23578,8.00e-03,3.00e-01,
23579,8.00e-03,3.00e-01,
23580,8.00e-03,-1.00e-01,
23581,8.00e-03,-1.00e-01,
23582,8.00e-03,3.00e-01,
23583,8.00e-03,-1.00e-01,
23584,8.00e-03,-1.00e-01,
23585,8.00e-03,-1.00e-01,
23586,8.00e-03,3.00e-01,
23587,1.60e-02,-1.00e-01,
23588,8.00e-03,-1.00e-01,
23589,8.00e-03,-1.00e-01,
23590,8.00e-03,3.00e-01,
23591,8.00e-03,-1.00e-01,
23592,8.00e-03,-1.00e-01,
23593,8.00e-03,-1.00e-01,
23594,8.00e-03,3.00e-01,
23595,1.60e-02,3.00e-01,
23596,8.00e-03,-1.00e-01,
23597,8.00e-03,-1.00e-01,
23598,8.00e-03,3.00e-01,
23599,8.00e-03,-1.00e-01,
23600,8.00e-03,-1.00e-01,
23601,8.00e-03,3.00e-01,
23602,8.00e-03,3.00e-01,
23603,8.00e-03,-1.00e-01,
23604,8.00e-03,-1.00e-01,
23605,8.00e-03,-1.00e-01,
23606,8.00e-03,3.00e-01,
23607,8.00e-03,-1.00e-01,
23608,8.00e-03,-1.00e-01,
23609,8.00e-03,3.00e-01,
23610,8.00e-03,3.00e-01,
23611,8.00e-03,3.00e-01,
23612,8.00e-03,-1.00e-01,
23613,8.00e-03,-1.00e-01,
23614,8.00e-03,3.00e-01,
23615,8.00e-03,-1.00e-01,
23616,8.00e-03,-1.00e-01,
23617,8.00e-03,-1.00e-01,
23618,8.00e-03,3.00e-01,
23619,1.60e-02,-1.00e-01,
23620,8.00e-03,-1.00e-01,
23621,8.00e-03,3.00e-01,
23622,8.00e-03,3.00e-01,
23623,8.00e-03,3.00e-01,
23624,8.00e-03,-1.00e-01,
23625,8.00e-03,-1.00e-01,
23626,8.00e-03,3.00e-01,
23627,1.60e-02,3.00e-01,
23628,8.00e-03,-1.00e-01,
23629,1.60e-02,-1.00e-01,
23630,8.00e-03,3.00e-01,
23631,1.60e-02,-1.00e-01,
23632,8.00e-03,-1.00e-01,
23633,1.60e-02,-1.00e-01,
23634,8.00e-03,3.00e-01,
23635,1.60e-02,3.00e-01,
23636,8.00e-03,-1.00e-01,
23637,8.00e-03,-1.00e-01,
23638,8.00e-03,3.00e-01,
23639,1.60e-02,3.00e-01,
23640,8.00e-03,-1.00e-01,
23641,1.60e-02,3.00e-01,
23642,8.00e-03,3.00e-01,
23643,1.60e-02,3.00e-01,
23644,8.00e-03,-1.00e-01,
23645,1.60e-02,-1.00e-01,
23646,8.00e-03,3.00e-01,
23647,1.60e-02,3.00e-01,
23648,8.00e-03,-5.00e-01,
23649,1.60e-02,3.00e-01,
23650,1.60e-02,-1.00e-01,
23651,1.60e-02,3.00e-01,
23652,1.60e-02,-1.00e-01,
23653,1.60e-02,-1.00e-01,
23654,8.00e-03,3.00e-01,
23655,1.60e-02,-1.00e-01,
23656,1.60e-02,-1.00e-01,
23657,1.60e-02,3.00e-01,
23658,1.60e-02,3.00e-01,
23659,1.60e-02,3.00e-01,
23660,1.60e-02,-1.00e-01,
23661,1.60e-02,3.00e-01,
23662,1.60e-02,3.00e-01,
23663,1.60e-02,3.00e-01,
23664,8.00e-03,-1.00e-01,
23665,1.60e-02,-1.00e-01,
23666,8.00e-03,3.00e-01,
23667,1.60e-02,-1.00e-01,
23668,1.60e-02,-1.00e-01,
23669,1.60e-02,-1.00e-01,
23670,1.60e-02,3.00e-01,
23671,1.60e-02,-1.00e-01,
23672,1.60e-02,-1.00e-01,
23673,1.60e-02,-1.00e-01,
23674,1.60e-02,3.00e-01,
23675,1.60e-02,3.00e-01,
23676,1.60e-02,-1.00e-01,
23677,1.60e-02,-1.00e-01,
23678,1.60e-02,3.00e-01,
23679,1.60e-02,-1.00e-01,
23680,1.60e-02,-1.00e-01,
23681,1.60e-02,-1.00e-01,
23682,1.60e-02,3.00e-01,
23683,1.60e-02,3.00e-01,
23684,1.60e-02,-1.00e-01,
23685,1.60e-02,-1.00e-01,
23686,1.60e-02,3.00e-01,
23687,1.60e-02,-1.00e-01,
23688,1.60e-02,-1.00e-01,
23689,1.60e-02,-1.00e-01,
23690,1.60e-02,3.00e-01,
23691,1.60e-02,3.00e-01,
23692,1.60e-02,-1.00e-01,
23693,1.60e-02,3.00e-01,
23694,1.60e-02,3.00e-01,
23695,1.60e-02,3.00e-01,
23696,1.60e-02,-1.00e-01,
23697,1.60e-02,-1.00e-01,
23698,1.60e-02,3.00e-01,
23699,2.40e-02,3.00e-01,
23700,1.60e-02,-1.00e-01,
23701,1.60e-02,3.00e-01,
23702,1.60e-02,3.00e-01,
23703,1.60e-02,3.00e-01,
23704,1.60e-02,-1.00e-01,
23705,1.60e-02,-1.00e-01,
23706,1.60e-02,3.00e-01,
23707,1.60e-02,3.00e-01,
23708,1.60e-02,-1.00e-01,
23709,1.60e-02,-1.00e-01,
23710,1.60e-02,3.00e-01,
23711,1.60e-02,3.00e-01,
23712,1.60e-02,-1.00e-01,
23713,1.60e-02,3.00e-01,
23714,1.60e-02,3.00e-01,
23715,2.40e-02,3.00e-01,
23716,1.60e-02,-1.00e-01,
23717,1.60e-02,-1.00e-01,
23718,1.60e-02,3.00e-01,
23719,2.40e-02,3.00e-01,
23720,1.60e-02,-1.00e-01,
23721,1.60e-02,3.00e-01,
23722,1.60e-02,3.00e-01,
23723,2.40e-02,3.00e-01,
23724,1.60e-02,-1.00e-01,
23725,1.60e-02,-1.00e-01,
23726,1.60e-02,3.00e-01,
23727,2.40e-02,3.00e-01,
23728,1.60e-02,-1.00e-01,
23729,1.60e-02,3.00e-01,
23730,1.60e-02,3.00e-01,
23731,2.40e-02,3.00e-01,
23732,1.60e-02,-1.00e-01,
23733,1.60e-02,3.00e-01,
23734,1.60e-02,3.00e-01,
23735,2.40e-02,-1.00e-01,
23736,1.60e-02,-1.00e-01,
23737,1.60e-02,-1.00e-01,
23738,1.60e-02,3.00e-01,
23739,2.40e-02,3.00e-01,
23740,1.60e-02,-1.00e-01,
23741,2.40e-02,-1.00e-01,
23742,1.60e-02,3.00e-01,
23743,2.40e-02,-1.00e-01,
23744,1.60e-02,-1.00e-01,
23745,2.40e-02,-1.00e-01,
23746,1.60e-02,3.00e-01,
23747,2.40e-02,-1.00e-01,
23748,2.40e-02,-1.00e-01,
23749,2.40e-02,-1.00e-01,
23750,1.60e-02,3.00e-01,
23751,2.40e-02,3.00e-01,
23752,1.60e-02,-1.00e-01,
23753,2.40e-02,3.00e-01,
23754,2.40e-02,3.00e-01,
23755,2.40e-02,3.00e-01,
23756,1.60e-02,-1.00e-01,
23757,2.40e-02,-1.00e-01,
23758,2.40e-02,3.00e-01,
23759,2.40e-02,3.00e-01,
23760,2.40e-02,-1.00e-01,
23761,2.40e-02,3.00e-01,
23762,2.40e-02,3.00e-01,
23763,2.40e-02,3.00e-01,
23764,2.40e-02,-1.00e-01,
23765,2.40e-02,3.00e-01,
23766,2.40e-02,3.00e-01,
23767,2.40e-02,3.00e-01,
23768,2.40e-02,-1.00e-01,
23769,2.40e-02,3.00e-01,
23770,2.40e-02,3.00e-01,
23771,2.40e-02,3.00e-01,
23772,2.40e-02,-1.00e-01,
23773,2.40e-02,3.00e-01,
23774,2.40e-02,3.00e-01,
23775,2.40e-02,-1.00e-01,
23776,2.40e-02,-1.00e-01,
23777,2.40e-02,3.00e-01,
23778,2.40e-02,3.00e-01,
23779,2.40e-02,-1.00e-01,
23780,2.40e-02,-1.00e-01,
23781,2.40e-02,-1.00e-01,
23782,2.40e-02,3.00e-01,
23783,2.40e-02,3.00e-01,
23784,2.40e-02,-1.00e-01,
23785,2.40e-02,3.00e-01,
23786,2.40e-02,3.00e-01,
23787,2.40e-02,3.00e-01,
23788,2.40e-02,-1.00e-01,
23789,2.40e-02,3.00e-01,
23790,2.40e-02,3.00e-01,
23791,2.40e-02,3.00e-01,
23792,2.40e-02,-1.00e-01,
23793,2.40e-02,3.00e-01,
23794,2.40e-02,3.00e-01,
23795,2.40e-02,-1.00e-01,
23796,2.40e-02,-1.00e-01,
23797,2.40e-02,-1.00e-01,
23798,2.40e-02,3.00e-01,
23799,2.40e-02,-1.00e-01,
23800,2.40e-02,-1.00e-01,
23801,2.40e-02,3.00e-01,
23802,2.40e-02,3.00e-01,
23803,4.00e-02,3.00e-01,
23804,2.40e-02,-1.00e-01,
23805,2.40e-02,3.00e-01,
23806,2.40e-02,3.00e-01,
23807,4.00e-02,3.00e-01,
23808,2.40e-02,-1.00e-01,
23809,2.40e-02,-1.00e-01,
23810,2.40e-02,3.00e-01,
23811,4.00e-02,3.00e-01,
23812,2.40e-02,-1.00e-01,
23813,2.40e-02,3.00e-01,
23814,2.40e-02,3.00e-01,
23815,4.00e-02,3.00e-01,
23816,2.40e-02,-1.00e-01,
23817,4.00e-02,3.00e-01,
23818,2.40e-02,3.00e-01,
23819,4.00e-02,3.00e-01,
23820,2.40e-02,-1.00e-01,
23821,2.40e-02,-1.00e-01,
23822,2.40e-02,3.00e-01,
23823,4.00e-02,3.00e-01,
23824,2.40e-02,-1.00e-01,
23825,4.00e-02,-1.00e-01,
23826,2.40e-02,3.00e-01,
23827,4.00e-02,3.00e-01,
23828,2.40e-02,-1.00e-01,
23829,4.00e-02,3.00e-01,
23830,4.00e-02,3.00e-01,
23831,4.00e-02,3.00e-01,
23832,2.40e-02,-1.00e-01,
23833,4.00e-02,3.00e-01,
23834,4.00e-02,3.00e-01,
23835,4.00e-02,3.00e-01,
23836,2.40e-02,-1.00e-01,
23837,4.00e-02,-1.00e-01,
23838,2.40e-02,3.00e-01,
23839,4.00e-02,3.00e-01,
23840,2.40e-02,-1.00e-01,
23841,4.00e-02,3.00e-01,
23842,2.40e-02,3.00e-01,
23843,4.00e-02,3.00e-01,
23844,2.40e-02,-1.00e-01,
23845,4.00e-02,-1.00e-01,
23846,2.40e-02,3.00e-01,
23847,4.00e-02,3.00e-01,
23848,4.00e-02,-5.00e-01,
23849,4.00e-02,3.00e-01,
23850,4.00e-02,-1.00e-01,
23851,4.00e-02,3.00e-01,
23852,4.00e-02,-1.00e-01,
23853,4.00e-02,-1.00e-01,
23854,4.00e-02,3.00e-01,
23855,4.00e-02,-1.00e-01,
23856,4.00e-02,-1.00e-01,
23857,4.00e-02,-1.00e-01,
23858,4.00e-02,3.00e-01,
23859,4.00e-02,3.00e-01,
23860,4.00e-02,-1.00e-01,
23861,4.00e-02,3.00e-01,
23862,4.00e-02,3.00e-01,
23863,4.00e-02,3.00e-01,
23864,4.00e-02,-1.00e-01,
23865,4.00e-02,3.00e-01,
23866,4.00e-02,3.00e-01,
23867,4.00e-02,3.00e-01,
23868,4.00e-02,-1.00e-01,
23869,4.00e-02,3.00e-01,
23870,4.00e-02,3.00e-01,
23871,4.00e-02,3.00e-01,
23872,4.00e-02,-1.00e-01,
23873,4.00e-02,3.00e-01,
23874,4.00e-02,3.00e-01,
23875,4.00e-02,3.00e-01,
23876,4.00e-02,-1.00e-01,
23877,4.00e-02,3.00e-01,
23878,4.00e-02,3.00e-01,
23879,4.00e-02,3.00e-01,
23880,4.00e-02,-1.00e-01,
23881,4.00e-02,3.00e-01,
23882,4.00e-02,3.00e-01,
23883,4.00e-02,3.00e-01,
23884,4.00e-02,-1.00e-01,
23885,4.00e-02,3.00e-01,
23886,4.00e-02,3.00e-01,
23887,4.00e-02,3.00e-01,
23888,4.00e-02,-1.00e-01,
23889,4.00e-02,3.00e-01,
23890,4.00e-02,3.00e-01,
23891,4.00e-02,3.00e-01,
23892,4.00e-02,-1.00e-01,
23893,4.00e-02,3.00e-01,
23894,4.00e-02,3.00e-01,
23895,4.80e-02,3.00e-01,
23896,4.00e-02,-1.00e-01,
23897,4.00e-02,3.00e-01,
23898,4.00e-02,3.00e-01,
23899,4.80e-02,3.00e-01,
23900,4.00e-02,-1.00e-01,
23901,4.00e-02,3.00e-01,
23902,4.00e-02,3.00e-01,
23903,4.00e-02,3.00e-01,
23904,4.00e-02,-1.00e-01,
23905,4.00e-02,-1.00e-01,
23906,4.00e-02,3.00e-01,
23907,4.80e-02,3.00e-01,
23908,4.00e-02,-1.00e-01,
23909,4.00e-02,3.00e-01,
23910,4.00e-02,3.00e-01,
23911,4.80e-02,-1.00e-01,
23912,4.00e-02,-1.00e-01,
23913,4.00e-02,3.00e-01,
23914,4.00e-02,3.00e-01,
23915,4.80e-02,3.00e-01,
23916,4.00e-02,-1.00e-01,
23917,4.00e-02,3.00e-01,
23918,4.80e-02,3.00e-01,
23919,4.80e-02,-1.00e-01,
23920,4.00e-02,-1.00e-01,
23921,4.80e-02,3.00e-01,
23922,4.00e-02,3.00e-01,
23923,4.80e-02,3.00e-01,
23924,4.00e-02,-1.00e-01,
23925,4.80e-02,-1.00e-01,
23926,4.80e-02,3.00e-01,
23927,4.80e-02,-1.00e-01,
23928,4.00e-02,-1.00e-01,
23929,4.80e-02,3.00e-01,
23930,4.80e-02,3.00e-01,
23931,4.80e-02,3.00e-01,
23932,4.80e-02,-1.00e-01,
23933,4.00e-02,3.00e-01,
23934,4.80e-02,3.00e-01,
23935,4.80e-02,3.00e-01,
23936,4.80e-02,-1.00e-01,
23937,4.80e-02,3.00e-01,
23938,4.00e-02,3.00e-01,
23939,4.80e-02,3.00e-01,
23940,4.00e-02,-1.00e-01,
23941,4.80e-02,3.00e-01,
23942,4.80e-02,3.00e-01,
23943,4.80e-02,3.00e-01,
23944,4.80e-02,-1.00e-01,
23945,4.80e-02,3.00e-01,
23946,4.00e-02,3.00e-01,
23947,4.80e-02,3.00e-01,
23948,4.80e-02,-1.00e-01,
23949,4.80e-02,3.00e-01,
23950,4.80e-02,3.00e-01,
23951,4.80e-02,3.00e-01,
23952,4.80e-02,-1.00e-01,
23953,4.80e-02,3.00e-01,
23954,4.80e-02,3.00e-01,
23955,4.80e-02,3.00e-01,
23956,4.80e-02,-1.00e-01,
23957,4.80e-02,-1.00e-01,
23958,4.80e-02,3.00e-01,
23959,4.80e-02,3.00e-01,
23960,4.80e-02,-1.00e-01,
23961,4.80e-02,3.00e-01,
23962,4.80e-02,3.00e-01,
23963,4.80e-02,3.00e-01,
23964,4.80e-02,-1.00e-01,
23965,4.80e-02,3.00e-01,
23966,4.80e-02,3.00e-01,
23967,4.80e-02,3.00e-01,
23968,4.80e-02,-1.00e-01,
23969,4.80e-02,3.00e-01,
23970,4.80e-02,3.00e-01,
23971,4.80e-02,3.00e-01,
23972,4.80e-02,-1.00e-01,
23973,4.80e-02,3.00e-01,
23974,4.80e-02,3.00e-01,
23975,5.60e-02,-1.00e-01,
23976,4.80e-02,-1.00e-01,
23977,4.80e-02,3.00e-01,
23978,4.80e-02,3.00e-01,
23979,5.60e-02,3.00e-01,
23980,4.80e-02,-1.00e-01,
23981,4.80e-02,3.00e-01,
23982,4.80e-02,3.00e-01,
23983,5.60e-02,3.00e-01,
23984,4.80e-02,-1.00e-01,
23985,5.60e-02,3.00e-01,
23986,4.80e-02,3.00e-01,
23987,5.60e-02,3.00e-01,
23988,4.80e-02,-1.00e-01,
23989,4.80e-02,3.00e-01,
23990,4.80e-02,3.00e-01,
23991,4.80e-02,3.00e-01,
23992,4.80e-02,-1.00e-01,
23993,4.80e-02,3.00e-01,
23994,4.80e-02,3.00e-01,
23995,5.60e-02,3.00e-01,
23996,4.80e-02,-1.00e-01,
23997,4.80e-02,3.00e-01,
23998,4.80e-02,3.00e-01,
23999,5.60e-02,3.00e-01,
24000,4.80e-02,-1.00e-01,
24001,5.60e-02,3.00e-01,
24002,4.80e-02,3.00e-01,
24003,5.60e-02,3.00e-01,
24004,4.80e-02,-1.00e-01,
24005,4.80e-02,3.00e-01,
24006,4.80e-02,3.00e-01,
24007,5.60e-02,3.00e-01,
24008,4.80e-02,-1.00e-01,
24009,5.60e-02,3.00e-01,
24010,4.80e-02,3.00e-01,
24011,5.60e-02,3.00e-01,
24012,4.80e-02,-1.00e-01,
24013,5.60e-02,3.00e-01,
24014,4.80e-02,3.00e-01,
24015,5.60e-02,3.00e-01,
24016,4.80e-02,-1.00e-01,
24017,5.60e-02,-1.00e-01,
24018,4.80e-02,3.00e-01,
24019,5.60e-02,3.00e-01,
24020,4.80e-02,-1.00e-01,
24021,5.60e-02,3.00e-01,
24022,5.60e-02,3.00e-01,
24023,5.60e-02,3.00e-01,
24024,5.60e-02,-1.00e-01,
24025,5.60e-02,3.00e-01,
24026,4.80e-02,3.00e-01,
24027,5.60e-02,3.00e-01,
24028,5.60e-02,-1.00e-01,
24029,5.60e-02,3.00e-01,
24030,5.60e-02,3.00e-01,
24031,5.60e-02,3.00e-01,
24032,5.60e-02,-1.00e-01,
24033,5.60e-02,3.00e-01,
24034,5.60e-02,3.00e-01,
24035,5.60e-02,3.00e-01,
24036,5.60e-02,-1.00e-01,
24037,5.60e-02,-1.00e-01,
24038,5.60e-02,3.00e-01,
24039,5.60e-02,-1.00e-01,
24040,5.60e-02,-1.00e-01,
24041,5.60e-02,3.00e-01,
24042,5.60e-02,3.00e-01,
24043,5.60e-02,3.00e-01,
24044,5.60e-02,-1.00e-01,
24045,5.60e-02,-1.00e-01,
24046,5.60e-02,3.00e-01,
24047,5.60e-02,3.00e-01,
24048,5.60e-02,-5.00e-01,
24049,5.60e-02,3.00e-01,
24050,5.60e-02,3.00e-01,
24051,5.60e-02,3.00e-01,
24052,5.60e-02,-1.00e-01,
24053,5.60e-02,-1.00e-01,
24054,5.60e-02,3.00e-01,
24055,5.60e-02,3.00e-01,
24056,5.60e-02,-1.00e-01,
24057,5.60e-02,3.00e-01,
24058,5.60e-02,3.00e-01,
24059,5.60e-02,3.00e-01,
24060,5.60e-02,-1.00e-01,
24061,5.60e-02,3.00e-01,
24062,5.60e-02,3.00e-01,
24063,5.60e-02,3.00e-01,
24064,5.60e-02,-1.00e-01,
24065,5.60e-02,-1.00e-01,
24066,5.60e-02,3.00e-01,
24067,6.40e-02,3.00e-01,
24068,5.60e-02,-1.00e-01,
24069,5.60e-02,3.00e-01,
24070,5.60e-02,3.00e-01,
24071,6.40e-02,3.00e-01,
24072,5.60e-02,-1.00e-01,
24073,5.60e-02,3.00e-01,
24074,5.60e-02,3.00e-01,
24075,6.40e-02,3.00e-01,
24076,5.60e-02,-1.00e-01,
24077,5.60e-02,3.00e-01,
24078,5.60e-02,3.00e-01,
24079,5.60e-02,3.00e-01,
24080,5.60e-02,-1.00e-01,
24081,5.60e-02,3.00e-01,
24082,5.60e-02,3.00e-01,
24083,6.40e-02,3.00e-01,
24084,5.60e-02,-1.00e-01,
24085,5.60e-02,3.00e-01,
24086,5.60e-02,3.00e-01,
24087,6.40e-02,3.00e-01,
24088,5.60e-02,-1.00e-01,
24089,5.60e-02,3.00e-01,
24090,5.60e-02,3.00e-01,
24091,6.40e-02,3.00e-01,
24092,5.60e-02,-1.00e-01,
24093,6.40e-02,3.00e-01,
24094,5.60e-02,3.00e-01,
24095,6.40e-02,3.00e-01,
24096,5.60e-02,-1.00e-01,
24097,6.40e-02,3.00e-01,
24098,5.60e-02,3.00e-01,
24099,6.40e-02,3.00e-01,
24100,5.60e-02,-1.00e-01,
24101,6.40e-02,3.00e-01,
24102,6.40e-02,3.00e-01,
24103,6.40e-02,3.00e-01,
24104,5.60e-02,-1.00e-01,
24105,6.40e-02,3.00e-01,
24106,5.60e-02,3.00e-01,
24107,6.40e-02,3.00e-01,
24108,5.60e-02,-1.00e-01,
24109,6.40e-02,-1.00e-01,
24110,5.60e-02,3.00e-01,
24111,6.40e-02,3.00e-01,
24112,5.60e-02,-1.00e-01,
24113,6.40e-02,3.00e-01,
24114,6.40e-02,3.00e-01,
24115,6.40e-02,3.00e-01,
24116,5.60e-02,-1.00e-01,
24117,6.40e-02,3.00e-01,
24118,6.40e-02,3.00e-01,
24119,6.40e-02,3.00e-01,
24120,6.40e-02,-1.00e-01,
24121,6.40e-02,3.00e-01,
24122,5.60e-02,3.00e-01,
24123,6.40e-02,3.00e-01,
24124,5.60e-02,-1.00e-01,
24125,6.40e-02,3.00e-01,
24126,6.40e-02,3.00e-01,
24127,6.40e-02,3.00e-01,
24128,6.40e-02,-1.00e-01,
24129,6.40e-02,3.00e-01,
24130,6.40e-02,3.00e-01,
24131,6.40e-02,3.00e-01,
24132,6.40e-02,-1.00e-01,
24133,6.40e-02,3.00e-01,
24134,6.40e-02,3.00e-01,
24135,6.40e-02,3.00e-01,
24136,6.40e-02,-1.00e-01,
24137,6.40e-02,-1.00e-01,
24138,6.40e-02,3.00e-01,
24139,7.20e-02,3.00e-01,
24140,6.40e-02,-1.00e-01,
24141,6.40e-02,3.00e-01,
24142,6.40e-02,3.00e-01,
24143,6.40e-02,3.00e-01,
24144,6.40e-02,-1.00e-01,
24145,6.40e-02,3.00e-01,
24146,6.40e-02,3.00e-01,
24147,6.40e-02,3.00e-01,
24148,6.40e-02,-1.00e-01,
24149,6.40e-02,3.00e-01,
24150,6.40e-02,3.00e-01,
24151,6.40e-02,3.00e-01,
24152,6.40e-02,-1.00e-01,
24153,6.40e-02,3.00e-01,
24154,6.40e-02,3.00e-01,
24155,6.40e-02,3.00e-01,
24156,6.40e-02,-1.00e-01,
24157,6.40e-02,-1.00e-01,
24158,6.40e-02,3.00e-01,
24159,7.20e-02,3.00e-01,
24160,6.40e-02,-1.00e-01,
24161,6.40e-02,3.00e-01,
24162,6.40e-02,3.00e-01,
24163,6.40e-02,3.00e-01,
24164,6.40e-02,-1.00e-01,
24165,6.40e-02,3.00e-01,
24166,6.40e-02,3.00e-01,
24167,7.20e-02,3.00e-01,
24168,6.40e-02,-1.00e-01,
24169,6.40e-02,3.00e-01,
24170,6.40e-02,3.00e-01,
24171,7.20e-02,3.00e-01,
24172,6.40e-02,-1.00e-01,
24173,6.40e-02,3.00e-01,
24174,6.40e-02,3.00e-01,
24175,7.20e-02,-1.00e-01,
24176,6.40e-02,3.00e-01,
24177,6.40e-02,3.00e-01,
24178,6.40e-02,3.00e-01,
24179,7.20e-02,3.00e-01,
24180,6.40e-02,-1.00e-01,
24181,6.40e-02,3.00e-01,
24182,6.40e-02,3.00e-01,
24183,7.20e-02,3.00e-01,
24184,6.40e-02,-1.00e-01,
24185,7.20e-02,3.00e-01,
24186,6.40e-02,3.00e-01,
24187,7.20e-02,3.00e-01,
24188,6.40e-02,-1.00e-01,
24189,6.40e-02,3.00e-01,
24190,6.40e-02,3.00e-01,
24191,7.20e-02,3.00e-01,
24192,6.40e-02,-1.00e-01,
24193,7.20e-02,3.00e-01,
24194,6.40e-02,3.00e-01,
24195,7.20e-02,3.00e-01,
24196,6.40e-02,-1.00e-01,
24197,7.20e-02,3.00e-01,
24198,7.20e-02,3.00e-01,
24199,7.20e-02,3.00e-01,
24200,6.40e-02,-1.00e-01,
24201,7.20e-02,3.00e-01,
24202,6.40e-02,3.00e-01,
24203,7.20e-02,3.00e-01,
24204,7.20e-02,-1.00e-01,
24205,7.20e-02,3.00e-01,
24206,7.20e-02,3.00e-01,
24207,7.20e-02,3.00e-01,
24208,6.40e-02,-1.00e-01,
24209,7.20e-02,3.00e-01,
24210,7.20e-02,3.00e-01,
24211,7.20e-02,3.00e-01,
24212,7.20e-02,-1.00e-01,
24213,7.20e-02,3.00e-01,
24214,7.20e-02,3.00e-01,
24215,7.20e-02,3.00e-01,
24216,7.20e-02,-1.00e-01,
24217,7.20e-02,3.00e-01,
24218,7.20e-02,3.00e-01,
24219,7.20e-02,3.00e-01,
24220,7.20e-02,-1.00e-01,
24221,7.20e-02,3.00e-01,
24222,7.20e-02,3.00e-01,
24223,7.20e-02,3.00e-01,
24224,7.20e-02,-1.00e-01,
24225,7.20e-02,-1.00e-01,
24226,7.20e-02,3.00e-01,
24227,7.20e-02,3.00e-01,
24228,7.20e-02,-1.00e-01,
24229,7.20e-02,3.00e-01,
24230,7.20e-02,3.00e-01,
24231,7.20e-02,3.00e-01,
24232,7.20e-02,-1.00e-01,
24233,7.20e-02,3.00e-01,
24234,7.20e-02,3.00e-01,
24235,7.20e-02,3.00e-01,
24236,7.20e-02,-1.00e-01,
24237,7.20e-02,-1.00e-01,
24238,7.20e-02,3.00e-01,
24239,7.20e-02,3.00e-01,
24240,7.20e-02,-1.00e-01,
24241,7.20e-02,3.00e-01,
24242,7.20e-02,3.00e-01,
24243,7.20e-02,3.00e-01,
24244,7.20e-02,3.00e-01,
24245,7.20e-02,-1.00e-01,
24246,7.20e-02,3.00e-01,
24247,8.00e-02,3.00e-01,
24248,7.20e-02,-1.00e-01,
24249,7.20e-02,3.00e-01,
24250,7.20e-02,3.00e-01,
24251,8.00e-02,3.00e-01,
24252,7.20e-02,-1.00e-01,
24253,7.20e-02,-1.00e-01,
24254,7.20e-02,3.00e-01,
24255,8.00e-02,3.00e-01,
24256,7.20e-02,-1.00e-01,
24257,7.20e-02,3.00e-01,
24258,7.20e-02,3.00e-01,
24259,8.00e-02,3.00e-01,
24260,7.20e-02,-1.00e-01,
24261,7.20e-02,3.00e-01,
24262,7.20e-02,3.00e-01,
24263,8.00e-02,3.00e-01,
24264,7.20e-02,-1.00e-01,
24265,7.20e-02,3.00e-01,
24266,7.20e-02,3.00e-01,
24267,8.00e-02,3.00e-01,
24268,7.20e-02,-1.00e-01,
24269,7.20e-02,3.00e-01,
24270,7.20e-02,3.00e-01,
24271,8.00e-02,3.00e-01,
24272,7.20e-02,-1.00e-01,
24273,7.20e-02,3.00e-01,
24274,7.20e-02,3.00e-01,
24275,8.00e-02,3.00e-01,
24276,7.20e-02,-1.00e-01,
24277,8.00e-02,-1.00e-01,
24278,7.20e-02,3.00e-01,
24279,8.00e-02,3.00e-01,
24280,7.20e-02,-1.00e-01,
24281,8.00e-02,3.00e-01,
24282,7.20e-02,3.00e-01,
24283,8.00e-02,3.00e-01,
24284,7.20e-02,-1.00e-01,
24285,7.20e-02,3.00e-01,
24286,8.00e-02,3.00e-01,
24287,8.00e-02,3.00e-01,
24288,7.20e-02,-1.00e-01,
24289,8.00e-02,3.00e-01,
24290,8.00e-02,3.00e-01,
24291,8.00e-02,3.00e-01,
24292,8.00e-02,-1.00e-01,
24293,8.00e-02,3.00e-01,
24294,8.00e-02,3.00e-01,
24295,8.00e-02,3.00e-01,
24296,8.00e-02,-1.00e-01,
24297,8.00e-02,-1.00e-01,
24298,8.00e-02,3.00e-01,
24299,8.00e-02,3.00e-01,
24300,8.00e-02,-1.00e-01,
24301,8.00e-02,3.00e-01,
24302,8.00e-02,3.00e-01,
24303,8.00e-02,3.00e-01,
24304,8.00e-02,-1.00e-01,
24305,8.00e-02,3.00e-01,
24306,8.00e-02,3.00e-01,
24307,8.00e-02,3.00e-01,
24308,8.00e-02,-1.00e-01,
24309,8.00e-02,3.00e-01,
24310,8.00e-02,3.00e-01,
24311,8.00e-02,3.00e-01,
24312,8.00e-02,-1.00e-01,
24313,8.00e-02,3.00e-01,
24314,8.00e-02,3.00e-01,
24315,8.00e-02,3.00e-01,
24316,8.00e-02,-1.00e-01,
24317,8.00e-02,3.00e-01,
24318,8.00e-02,3.00e-01,
24319,8.00e-02,3.00e-01,
24320,8.00e-02,-1.00e-01,
24321,8.00e-02,3.00e-01,
24322,8.00e-02,3.00e-01,
24323,8.00e-02,3.00e-01,
24324,8.00e-02,-1.00e-01,
24325,8.00e-02,3.00e-01,
24326,8.00e-02,3.00e-01,
24327,8.00e-02,3.00e-01,
24328,8.00e-02,-1.00e-01,
24329,8.00e-02,3.00e-01,
24330,8.00e-02,3.00e-01,
24331,8.00e-02,3.00e-01,
24332,8.00e-02,-1.00e-01,
24333,8.00e-02,3.00e-01,
24334,8.00e-02,3.00e-01,
24335,8.00e-02,3.00e-01,
24336,8.00e-02,-1.00e-01,
24337,8.00e-02,3.00e-01,
24338,8.00e-02,3.00e-01,
24339,8.00e-02,3.00e-01,
24340,8.00e-02,-1.00e-01,
24341,8.00e-02,3.00e-01,
24342,8.00e-02,3.00e-01,
24343,8.00e-02,3.00e-01,
24344,8.00e-02,-1.00e-01,
24345,8.00e-02,3.00e-01,
24346,8.00e-02,3.00e-01,
24347,8.80e-02,3.00e-01,
24348,8.00e-02,-1.00e-01,
24349,8.00e-02,3.00e-01,
24350,8.00e-02,3.00e-01,
24351,8.00e-02,3.00e-01,
24352,8.00e-02,-1.00e-01,
24353,8.00e-02,3.00e-01,
24354,8.00e-02,3.00e-01,
24355,8.80e-02,3.00e-01,
24356,8.00e-02,3.00e-01,
24357,8.00e-02,3.00e-01,
24358,8.00e-02,3.00e-01,
24359,8.80e-02,3.00e-01,
24360,8.00e-02,-1.00e-01,
24361,8.00e-02,3.00e-01,
24362,8.00e-02,3.00e-01,
24363,8.80e-02,3.00e-01,
24364,8.00e-02,-1.00e-01,
24365,8.00e-02,3.00e-01,
24366,8.00e-02,3.00e-01,
24367,8.80e-02,3.00e-01,
24368,8.00e-02,-1.00e-01,
24369,8.80e-02,3.00e-01,
24370,8.00e-02,3.00e-01,
24371,8.80e-02,3.00e-01,
24372,8.00e-02,-1.00e-01,
24373,8.00e-02,3.00e-01,
24374,8.00e-02,3.00e-01,
24375,8.80e-02,3.00e-01,
24376,8.00e-02,-1.00e-01,
24377,8.80e-02,3.00e-01,
24378,8.00e-02,3.00e-01,
24379,8.80e-02,3.00e-01,
24380,8.80e-02,-1.00e-01,
24381,8.80e-02,3.00e-01,
24382,8.80e-02,3.00e-01,
24383,8.80e-02,3.00e-01,
24384,8.80e-02,-1.00e-01,
24385,8.80e-02,3.00e-01,
24386,8.00e-02,3.00e-01,
24387,8.80e-02,3.00e-01,
24388,8.80e-02,-1.00e-01,
24389,8.80e-02,3.00e-01,
24390,8.80e-02,3.00e-01,
24391,8.80e-02,3.00e-01,
24392,8.80e-02,-1.00e-01,
24393,8.80e-02,3.00e-01,
24394,8.80e-02,3.00e-01,
24395,8.80e-02,3.00e-01,
24396,8.80e-02,-1.00e-01,
24397,8.80e-02,3.00e-01,
24398,8.80e-02,3.00e-01,
24399,8.80e-02,3.00e-01,
24400,8.80e-02,-1.00e-01,
24401,8.80e-02,3.00e-01,
24402,8.80e-02,3.00e-01,
24403,8.80e-02,3.00e-01,
24404,8.80e-02,-1.00e-01,
24405,8.80e-02,3.00e-01,
24406,8.80e-02,3.00e-01,
24407,8.80e-02,3.00e-01,
24408,8.80e-02,-1.00e-01,
24409,8.80e-02,3.00e-01,
24410,8.80e-02,3.00e-01,
24411,8.80e-02,3.00e-01,
24412,8.80e-02,-1.00e-01,
24413,8.80e-02,3.00e-01,
24414,8.80e-02,3.00e-01,
24415,8.80e-02,3.00e-01,
24416,8.80e-02,3.00e-01,
24417,8.80e-02,3.00e-01,
24418,8.80e-02,3.00e-01,
24419,8.80e-02,3.00e-01,
24420,8.80e-02,-1.00e-01,
24421,8.80e-02,3.00e-01,
24422,8.80e-02,3.00e-01,
24423,9.60e-02,3.00e-01,
24424,8.80e-02,-1.00e-01,
24425,8.80e-02,3.00e-01,
24426,8.80e-02,3.00e-01,
24427,9.60e-02,3.00e-01,
24428,8.80e-02,-1.00e-01,
24429,8.80e-02,3.00e-01,
24430,8.80e-02,3.00e-01,
24431,8.80e-02,3.00e-01,
24432,8.80e-02,-1.00e-01,
24433,8.80e-02,3.00e-01,
24434,8.80e-02,3.00e-01,
24435,9.60e-02,3.00e-01,
24436,8.80e-02,-1.00e-01,
24437,8.80e-02,-1.00e-01,
24438,8.80e-02,3.00e-01,
24439,9.60e-02,3.00e-01,
24440,8.80e-02,-1.00e-01,
24441,8.80e-02,3.00e-01,
24442,8.80e-02,3.00e-01,
24443,9.60e-02,3.00e-01,
24444,8.80e-02,-1.00e-01,
24445,8.80e-02,-1.00e-01,
24446,8.80e-02,3.00e-01,
24447,9.60e-02,3.00e-01,
24448,8.80e-02,-5.00e-01,
24449,8.80e-02,7.00e-01,
24450,8.80e-02,3.00e-01,
24451,9.60e-02,3.00e-01,
24452,8.80e-02,-1.00e-01,
24453,8.80e-02,3.00e-01,
24454,8.80e-02,3.00e-01,
24455,9.60e-02,-1.00e-01,
24456,8.80e-02,-1.00e-01,
24457,8.80e-02,3.00e-01,
24458,8.80e-02,3.00e-01,
24459,9.60e-02,3.00e-01,
24460,8.80e-02,-1.00e-01,
24461,9.60e-02,3.00e-01,
24462,8.80e-02,3.00e-01,
24463,9.60e-02,3.00e-01,
24464,8.80e-02,-1.00e-01,
24465,9.60e-02,3.00e-01,
24466,8.80e-02,3.00e-01,
24467,9.60e-02,3.00e-01,
24468,8.80e-02,-1.00e-01,
24469,8.80e-02,3.00e-01,
24470,8.80e-02,3.00e-01,
24471,9.60e-02,3.00e-01,
24472,8.80e-02,-1.00e-01,
24473,9.60e-02,3.00e-01,
24474,8.80e-02,3.00e-01,
24475,9.60e-02,3.00e-01,
24476,9.60e-02,-1.00e-01,
24477,9.60e-02,3.00e-01,
24478,9.60e-02,3.00e-01,
24479,9.60e-02,3.00e-01,
24480,9.60e-02,-1.00e-01,
24481,9.60e-02,3.00e-01,
24482,8.80e-02,3.00e-01,
24483,9.60e-02,3.00e-01,
24484,9.60e-02,-1.00e-01,
24485,9.60e-02,3.00e-01,
24486,9.60e-02,3.00e-01,
24487,9.60e-02,3.00e-01,
24488,9.60e-02,-1.00e-01,
24489,9.60e-02,3.00e-01,
24490,9.60e-02,3.00e-01,
24491,9.60e-02,3.00e-01,
24492,9.60e-02,-1.00e-01,
24493,9.60e-02,3.00e-01,
24494,9.60e-02,3.00e-01,
24495,9.60e-02,3.00e-01,
24496,9.60e-02,-1.00e-01,
24497,9.60e-02,3.00e-01,
24498,9.60e-02,3.00e-01,
24499,9.60e-02,3.00e-01,
24500,9.60e-02,-1.00e-01,
24501,9.60e-02,3.00e-01,
24502,9.60e-02,3.00e-01,
24503,9.60e-02,3.00e-01,
24504,9.60e-02,-1.00e-01,
24505,9.60e-02,3.00e-01,
24506,9.60e-02,3.00e-01,
24507,9.60e-02,3.00e-01,
24508,9.60e-02,-1.00e-01,
24509,9.60e-02,3.00e-01,
24510,9.60e-02,3.00e-01,
24511,9.60e-02,3.00e-01,
24512,9.60e-02,-1.00e-01,
24513,9.60e-02,3.00e-01,
24514,9.60e-02,3.00e-01,
24515,9.60e-02,3.00e-01,
24516,9.60e-02,3.00e-01,
24517,9.60e-02,3.00e-01,
24518,9.60e-02,3.00e-01,
24519,1.04e-01,3.00e-01,
24520,9.60e-02,-1.00e-01,
24521,9.60e-02,3.00e-01,
24522,9.60e-02,3.00e-01,
24523,1.04e-01,3.00e-01,
24524,9.60e-02,-1.00e-01,
24525,9.60e-02,3.00e-01,
24526,9.60e-02,3.00e-01,
24527,1.04e-01,3.00e-01,
24528,9.60e-02,-1.00e-01,
24529,9.60e-02,3.00e-01,
24530,9.60e-02,3.00e-01,
24531,1.04e-01,3.00e-01,
24532,9.60e-02,-1.00e-01,
24533,9.60e-02,3.00e-01,
24534,9.60e-02,3.00e-01,
24535,1.04e-01,3.00e-01,
24536,9.60e-02,3.00e-01,
24537,9.60e-02,3.00e-01,
24538,9.60e-02,3.00e-01,
24539,1.04e-01,3.00e-01,
24540,9.60e-02,-1.00e-01,
24541,9.60e-02,3.00e-01,
24542,9.60e-02,3.00e-01,
24543,1.04e-01,3.00e-01,
24544,9.60e-02,-1.00e-01,
24545,9.60e-02,3.00e-01,
24546,9.60e-02,3.00e-01,
24547,1.04e-01,3.00e-01,
24548,9.60e-02,-1.00e-01,
24549,9.60e-02,3.00e-01,
24550,9.60e-02,3.00e-01,
24551,1.04e-01,3.00e-01,
24552,9.60e-02,-1.00e-01,
24553,1.04e-01,3.00e-01,
24554,9.60e-02,3.00e-01,
24555,1.04e-01,3.00e-01,
24556,1.04e-01,3.00e-01,
24557,9.60e-02,3.00e-01,
24558,9.60e-02,3.00e-01,
24559,1.04e-01,3.00e-01,
24560,1.04e-01,-1.00e-01,
24561,1.04e-01,3.00e-01,
24562,9.60e-02,3.00e-01,
24563,1.04e-01,3.00e-01,
24564,1.04e-01,-1.00e-01,
24565,1.04e-01,3.00e-01,
24566,9.60e-02,3.00e-01,
24567,1.04e-01,3.00e-01,
24568,1.04e-01,-1.00e-01,
24569,1.04e-01,3.00e-01,
24570,9.60e-02,3.00e-01,
24571,1.04e-01,3.00e-01,
24572,9.60e-02,-1.00e-01,
24573,1.04e-01,3.00e-01,
24574,9.60e-02,3.00e-01,
24575,1.04e-01,3.00e-01,
24576,1.04e-01,-1.00e-01,
24577,1.04e-01,3.00e-01,
24578,9.60e-02,3.00e-01,
24579,1.04e-01,3.00e-01,
24580,1.04e-01,-1.00e-01,
24581,1.04e-01,3.00e-01,
24582,1.04e-01,3.00e-01,
24583,1.04e-01,3.00e-01,
24584,1.04e-01,-1.00e-01,
24585,1.04e-01,3.00e-01,
24586,1.04e-01,3.00e-01,
24587,1.04e-01,3.00e-01,
24588,1.04e-01,3.00e-01,
24589,1.04e-01,3.00e-01,
24590,1.04e-01,3.00e-01,
24591,1.04e-01,3.00e-01,
24592,1.04e-01,-1.00e-01,
24593,1.04e-01,3.00e-01,
24594,1.04e-01,3.00e-01,
24595,1.04e-01,3.00e-01,
24596,1.04e-01,3.00e-01,
24597,1.04e-01,3.00e-01,
24598,1.04e-01,3.00e-01,
24599,1.04e-01,3.00e-01,
24600,1.04e-01,-1.00e-01,
24601,1.04e-01,3.00e-01,
24602,1.04e-01,3.00e-01,
24603,1.12e-01,3.00e-01,
24604,1.04e-01,-1.00e-01,
24605,1.04e-01,3.00e-01,
24606,1.04e-01,3.00e-01,
24607,1.12e-01,3.00e-01,
24608,1.04e-01,3.00e-01,
24609,1.04e-01,3.00e-01,
24610,1.04e-01,3.00e-01,
24611,1.12e-01,3.00e-01,
24612,1.04e-01,-1.00e-01,
24613,1.04e-01,3.00e-01,
24614,1.04e-01,3.00e-01,
24615,1.04e-01,3.00e-01,
24616,1.04e-01,-1.00e-01,
24617,1.04e-01,3.00e-01,
24618,1.04e-01,3.00e-01,
24619,1.12e-01,3.00e-01,
24620,1.04e-01,-1.00e-01,
24621,1.04e-01,3.00e-01,
24622,1.04e-01,3.00e-01,
24623,1.12e-01,3.00e-01,
24624,1.04e-01,-1.00e-01,
24625,1.04e-01,3.00e-01,
24626,1.04e-01,3.00e-01,
24627,1.12e-01,3.00e-01,
24628,1.04e-01,3.00e-01,
24629,1.04e-01,3.00e-01,
24630,1.04e-01,3.00e-01,
24631,1.12e-01,3.00e-01,
24632,1.04e-01,-1.00e-01,
24633,1.12e-01,3.00e-01,
24634,1.04e-01,3.00e-01,
24635,1.12e-01,3.00e-01,
24636,1.04e-01,3.00e-01,
24637,1.12e-01,-1.00e-01,
24638,1.04e-01,3.00e-01,
24639,1.12e-01,3.00e-01,
24640,1.04e-01,-1.00e-01,
24641,1.04e-01,3.00e-01,
24642,1.04e-01,3.00e-01,
24643,1.12e-01,3.00e-01,
24644,1.04e-01,3.00e-01,
24645,1.12e-01,-1.00e-01,
24646,1.04e-01,3.00e-01,
24647,1.12e-01,3.00e-01,
24648,1.04e-01,-5.00e-01,
24649,1.04e-01,7.00e-01,
24650,1.04e-01,3.00e-01,
24651,1.12e-01,3.00e-01,
24652,1.04e-01,-1.00e-01,
24653,1.04e-01,3.00e-01,
24654,1.04e-01,7.00e-01,
24655,1.12e-01,3.00e-01,
24656,1.04e-01,-1.00e-01,
24657,1.12e-01,3.00e-01,
24658,1.04e-01,3.00e-01,
24659,1.12e-01,3.00e-01,
24660,1.12e-01,-1.00e-01,
24661,1.12e-01,3.00e-01,
24662,1.04e-01,3.00e-01,
24663,1.12e-01,3.00e-01,
24664,1.04e-01,-1.00e-01,
24665,1.12e-01,3.00e-01,
24666,1.04e-01,3.00e-01,
24667,1.12e-01,3.00e-01,
24668,1.12e-01,-1.00e-01,
24669,1.12e-01,3.00e-01,
24670,1.12e-01,3.00e-01,
24671,1.12e-01,3.00e-01,
24672,1.12e-01,-1.00e-01,
24673,1.12e-01,3.00e-01,
24674,1.12e-01,3.00e-01,
24675,1.12e-01,3.00e-01,
24676,1.12e-01,3.00e-01,
24677,1.12e-01,3.00e-01,
24678,1.12e-01,3.00e-01,
24679,1.12e-01,3.00e-01,
24680,1.12e-01,-1.00e-01,
24681,1.12e-01,3.00e-01,
24682,1.12e-01,3.00e-01,
24683,1.12e-01,3.00e-01,
24684,1.12e-01,-1.00e-01,
24685,1.12e-01,3.00e-01,
24686,1.12e-01,3.00e-01,
24687,1.12e-01,3.00e-01,
24688,1.12e-01,-1.00e-01,
24689,1.12e-01,3.00e-01,
24690,1.12e-01,3.00e-01,
24691,1.12e-01,3.00e-01,
24692,1.12e-01,-1.00e-01,
24693,1.12e-01,3.00e-01,
24694,1.12e-01,3.00e-01,
24695,1.20e-01,3.00e-01,
24696,1.12e-01,-1.00e-01,
24697,1.12e-01,3.00e-01,
24698,1.12e-01,3.00e-01,
24699,1.12e-01,3.00e-01,
24700,1.12e-01,-1.00e-01,
24701,1.12e-01,3.00e-01,
24702,1.12e-01,3.00e-01,
24703,1.20e-01,3.00e-01,
24704,1.12e-01,-1.00e-01,
24705,1.12e-01,3.00e-01,
24706,1.12e-01,3.00e-01,
24707,1.20e-01,3.00e-01,
24708,1.12e-01,-1.00e-01,
24709,1.12e-01,3.00e-01,
24710,1.12e-01,3.00e-01,
24711,1.20e-01,3.00e-01,
24712,1.12e-01,3.00e-01,
24713,1.12e-01,3.00e-01,
24714,1.12e-01,3.00e-01,
24715,1.20e-01,3.00e-01,
24716,1.12e-01,-1.00e-01,
24717,1.12e-01,3.00e-01,
24718,1.12e-01,3.00e-01,
24719,1.20e-01,3.00e-01,
24720,1.12e-01,-1.00e-01,
24721,1.12e-01,3.00e-01,
24722,1.12e-01,3.00e-01,
24723,1.20e-01,3.00e-01,
24724,1.12e-01,-1.00e-01,
24725,1.12e-01,3.00e-01,
24726,1.12e-01,3.00e-01,
24727,1.20e-01,3.00e-01,
24728,1.12e-01,-1.00e-01,
24729,1.12e-01,3.00e-01,
24730,1.12e-01,3.00e-01,
24731,1.20e-01,3.00e-01,
24732,1.12e-01,-1.00e-01,
24733,1.12e-01,3.00e-01,
24734,1.12e-01,3.00e-01,
24735,1.20e-01,3.00e-01,
24736,1.12e-01,3.00e-01,
24737,1.12e-01,3.00e-01,
24738,1.12e-01,3.00e-01,
24739,1.20e-01,3.00e-01,
24740,1.12e-01,3.00e-01,
24741,1.12e-01,3.00e-01,
24742,1.12e-01,3.00e-01,
24743,1.20e-01,3.00e-01,
24744,1.12e-01,-1.00e-01,
24745,1.20e-01,3.00e-01,
24746,1.12e-01,3.00e-01,
24747,1.20e-01,3.00e-01,
24748,1.12e-01,3.00e-01,
24749,1.20e-01,3.00e-01,
24750,1.12e-01,3.00e-01,
24751,1.20e-01,3.00e-01,
24752,1.12e-01,-1.00e-01,
24753,1.20e-01,3.00e-01,
24754,1.12e-01,3.00e-01,
24755,1.20e-01,3.00e-01,
24756,1.12e-01,3.00e-01,
24757,1.20e-01,3.00e-01,
24758,1.12e-01,3.00e-01,
24759,1.20e-01,3.00e-01,
24760,1.20e-01,-1.00e-01,
24761,1.20e-01,3.00e-01,
24762,1.12e-01,3.00e-01,
24763,1.20e-01,3.00e-01,
24764,1.20e-01,-1.00e-01,
24765,1.20e-01,3.00e-01,
24766,1.20e-01,3.00e-01,
24767,1.20e-01,3.00e-01,
24768,1.20e-01,-1.00e-01,
24769,1.20e-01,3.00e-01,
24770,1.20e-01,3.00e-01,
24771,1.20e-01,3.00e-01,
24772,1.20e-01,-1.00e-01,
24773,1.20e-01,3.00e-01,
24774,1.20e-01,3.00e-01,
24775,1.20e-01,3.00e-01,
24776,1.20e-01,3.00e-01,
24777,1.20e-01,3.00e-01,
24778,1.20e-01,3.00e-01,
24779,1.28e-01,3.00e-01,
24780,1.20e-01,-1.00e-01,
24781,1.20e-01,3.00e-01,
24782,1.20e-01,3.00e-01,
24783,1.20e-01,3.00e-01,
24784,1.20e-01,-1.00e-01,
24785,1.20e-01,3.00e-01,
24786,1.20e-01,3.00e-01,
24787,1.28e-01,3.00e-01,
24788,1.20e-01,-1.00e-01,
24789,1.20e-01,3.00e-01,
24790,1.20e-01,3.00e-01,
24791,1.28e-01,3.00e-01,
24792,1.20e-01,-1.00e-01,
24793,1.20e-01,3.00e-01,
24794,1.20e-01,3.00e-01,
24795,1.28e-01,3.00e-01,
24796,1.20e-01,-1.00e-01,
24797,1.20e-01,3.00e-01,
24798,1.20e-01,3.00e-01,
24799,1.28e-01,3.00e-01,
24800,1.20e-01,3.00e-01,
24801,1.20e-01,3.00e-01,
24802,1.20e-01,3.00e-01,
24803,1.28e-01,3.00e-01,
24804,1.20e-01,-1.00e-01,
24805,1.20e-01,3.00e-01,
24806,1.20e-01,3.00e-01,
24807,1.28e-01,3.00e-01,
24808,1.20e-01,-1.00e-01,
24809,1.20e-01,3.00e-01,
24810,1.20e-01,3.00e-01,
24811,1.28e-01,3.00e-01,
24812,1.20e-01,-1.00e-01,
24813,1.20e-01,3.00e-01,
24814,1.20e-01,3.00e-01,
24815,1.28e-01,3.00e-01,
24816,1.20e-01,3.00e-01,
24817,1.20e-01,3.00e-01,
24818,1.20e-01,3.00e-01,
24819,1.28e-01,3.00e-01,
24820,1.20e-01,-1.00e-01,
24821,1.28e-01,3.00e-01,
24822,1.20e-01,3.00e-01,
24823,1.28e-01,3.00e-01,
24824,1.20e-01,3.00e-01,
24825,1.20e-01,3.00e-01,
24826,1.20e-01,3.00e-01,
24827,1.28e-01,3.00e-01,
24828,1.20e-01,-1.00e-01,
24829,1.20e-01,3.00e-01,
24830,1.20e-01,3.00e-01,
24831,1.28e-01,3.00e-01,
24832,1.20e-01,3.00e-01,
24833,1.28e-01,3.00e-01,
24834,1.20e-01,3.00e-01,
24835,1.28e-01,3.00e-01,
24836,1.20e-01,3.00e-01,
24837,1.28e-01,3.00e-01,
24838,1.20e-01,3.00e-01,
24839,1.28e-01,3.00e-01,
24840,1.20e-01,-1.00e-01,
24841,1.28e-01,3.00e-01,
24842,1.20e-01,3.00e-01,
24843,1.28e-01,3.00e-01,
24844,1.20e-01,3.00e-01,
24845,1.28e-01,-1.00e-01,
24846,1.20e-01,7.00e-01,
24847,1.28e-01,3.00e-01,
24848,1.28e-01,-1.00e-01,
24849,1.20e-01,7.00e-01,
24850,1.20e-01,3.00e-01,
24851,1.28e-01,3.00e-01,
24852,1.20e-01,-1.00e-01,
24853,1.28e-01,3.00e-01,
24854,1.20e-01,3.00e-01,
24855,1.28e-01,3.00e-01,
24856,1.28e-01,3.00e-01,
24857,1.28e-01,3.00e-01,
24858,1.28e-01,3.00e-01,
24859,1.28e-01,3.00e-01,
24860,1.28e-01,-1.00e-01,
24861,1.28e-01,3.00e-01,
24862,1.20e-01,3.00e-01,
24863,1.36e-01,3.00e-01,
24864,1.28e-01,-1.00e-01,
24865,1.28e-01,3.00e-01,
24866,1.28e-01,3.00e-01,
24867,1.28e-01,3.00e-01,
24868,1.28e-01,-1.00e-01,
24869,1.28e-01,3.00e-01,
24870,1.28e-01,3.00e-01,
24871,1.28e-01,3.00e-01,
24872,1.28e-01,-1.00e-01,
24873,1.28e-01,3.00e-01,
24874,1.28e-01,3.00e-01,
24875,1.28e-01,3.00e-01,
24876,1.28e-01,3.00e-01,
24877,1.28e-01,3.00e-01,
24878,1.28e-01,3.00e-01,
24879,1.28e-01,3.00e-01,
24880,1.28e-01,-1.00e-01,
24881,1.28e-01,3.00e-01,
24882,1.28e-01,3.00e-01,
24883,1.28e-01,3.00e-01,
24884,1.28e-01,3.00e-01,
24885,1.28e-01,3.00e-01,
24886,1.28e-01,3.00e-01,
24887,1.28e-01,3.00e-01,
24888,1.28e-01,3.00e-01,
24889,1.28e-01,3.00e-01,
24890,1.28e-01,3.00e-01,
24891,1.28e-01,3.00e-01,
24892,1.28e-01,-1.00e-01,
24893,1.28e-01,3.00e-01,
24894,1.28e-01,3.00e-01,
24895,1.28e-01,3.00e-01,
24896,1.28e-01,3.00e-01,
24897,1.28e-01,3.00e-01,
24898,1.28e-01,3.00e-01,
24899,1.36e-01,3.00e-01,
24900,1.28e-01,-1.00e-01,
24901,1.28e-01,3.00e-01,
24902,1.28e-01,3.00e-01,
24903,1.36e-01,3.00e-01,
24904,1.28e-01,-1.00e-01,
24905,1.28e-01,3.00e-01,
24906,1.28e-01,3.00e-01,
24907,1.36e-01,3.00e-01,
24908,1.28e-01,3.00e-01,
24909,1.28e-01,3.00e-01,
24910,1.28e-01,3.00e-01,
24911,1.36e-01,3.00e-01,
24912,1.28e-01,-1.00e-01,
24913,1.36e-01,3.00e-01,
24914,1.28e-01,3.00e-01,
24915,1.36e-01,3.00e-01,
24916,1.28e-01,3.00e-01,
24917,1.28e-01,3.00e-01,
24918,1.28e-01,3.00e-01,
24919,1.36e-01,3.00e-01,
24920,1.28e-01,3.00e-01,
24921,1.36e-01,3.00e-01,
24922,1.28e-01,3.00e-01,
24923,1.36e-01,3.00e-01,
24924,1.28e-01,-1.00e-01,
24925,1.28e-01,3.00e-01,
24926,1.28e-01,3.00e-01,
24927,1.36e-01,3.00e-01,
24928,1.28e-01,-1.00e-01,
24929,1.36e-01,3.00e-01,
24930,1.28e-01,3.00e-01,
24931,1.36e-01,3.00e-01,
24932,1.28e-01,-1.00e-01,
24933,1.36e-01,3.00e-01,
24934,1.36e-01,7.00e-01,
24935,1.36e-01,3.00e-01,
24936,1.28e-01,3.00e-01,
24937,1.36e-01,3.00e-01,
24938,1.28e-01,3.00e-01,
24939,1.36e-01,3.00e-01,
24940,1.28e-01,-1.00e-01,
24941,1.36e-01,3.00e-01,
24942,1.28e-01,3.00e-01,
24943,1.36e-01,3.00e-01,
24944,1.28e-01,3.00e-01,
24945,1.36e-01,3.00e-01,
24946,1.28e-01,3.00e-01,
24947,1.36e-01,3.00e-01,
24948,1.36e-01,-1.00e-01,
24949,1.36e-01,3.00e-01,
24950,1.36e-01,3.00e-01,
24951,1.36e-01,3.00e-01,
24952,1.36e-01,-1.00e-01,
24953,1.36e-01,3.00e-01,
24954,1.28e-01,3.00e-01,
24955,1.44e-01,3.00e-01,
24956,1.36e-01,3.00e-01,
24957,1.36e-01,3.00e-01,
24958,1.36e-01,3.00e-01,
24959,1.36e-01,3.00e-01,
24960,1.36e-01,3.00e-01,
24961,1.36e-01,3.00e-01,
24962,1.36e-01,3.00e-01,
24963,1.36e-01,3.00e-01,
24964,1.36e-01,-1.00e-01,
24965,1.36e-01,3.00e-01,
24966,1.36e-01,3.00e-01,
24967,1.36e-01,3.00e-01,
24968,1.36e-01,3.00e-01,
24969,1.36e-01,3.00e-01,
24970,1.36e-01,3.00e-01,
24971,1.36e-01,3.00e-01,
24972,1.36e-01,-1.00e-01,
24973,1.36e-01,3.00e-01,
24974,1.36e-01,3.00e-01,
24975,1.36e-01,3.00e-01,
24976,1.36e-01,-1.00e-01,
24977,1.36e-01,3.00e-01,
24978,1.36e-01,3.00e-01,
24979,1.44e-01,3.00e-01,
24980,1.36e-01,-1.00e-01,
24981,1.36e-01,3.00e-01,
24982,1.36e-01,3.00e-01,
24983,1.36e-01,3.00e-01,
24984,1.36e-01,-1.00e-01,
24985,1.36e-01,3.00e-01,
24986,1.36e-01,3.00e-01,
24987,1.44e-01,3.00e-01,
24988,1.36e-01,3.00e-01,
24989,1.36e-01,3.00e-01,
24990,1.36e-01,7.00e-01,
24991,1.44e-01,3.00e-01,
24992,1.36e-01,-1.00e-01,
24993,1.36e-01,3.00e-01,
24994,1.36e-01,3.00e-01,
24995,1.44e-01,3.00e-01,
24996,1.36e-01,3.00e-01,
24997,1.36e-01,3.00e-01,
24998,1.36e-01,3.00e-01,
24999,1.44e-01,3.00e-01,
25000,1.36e-01,-1.00e-01,
25001,1.36e-01,3.00e-01,
25002,1.36e-01,3.00e-01,
25003,1.44e-01,3.00e-01,
25004,1.36e-01,-1.00e-01,
25005,1.36e-01,3.00e-01,
25006,1.36e-01,7.00e-01,
25007,1.44e-01,3.00e-01,
25008,1.36e-01,-1.00e-01,
25009,1.44e-01,3.00e-01,
25010,1.36e-01,3.00e-01,
25011,1.44e-01,3.00e-01,
25012,1.36e-01,-1.00e-01,
25013,1.44e-01,3.00e-01,
25014,1.36e-01,3.00e-01,
25015,1.44e-01,3.00e-01,
25016,1.36e-01,3.00e-01,
25017,1.44e-01,3.00e-01,
25018,1.36e-01,3.00e-01,
25019,1.44e-01,3.00e-01,
25020,1.36e-01,-1.00e-01,
25021,1.36e-01,3.00e-01,
25022,1.36e-01,3.00e-01,
25023,1.44e-01,3.00e-01,
25024,1.36e-01,-1.00e-01,
25025,1.44e-01,3.00e-01,
25026,1.36e-01,3.00e-01,
25027,1.44e-01,3.00e-01,
25028,1.36e-01,3.00e-01,
25029,1.36e-01,3.00e-01,
25030,1.36e-01,3.00e-01,
25031,1.44e-01,3.00e-01,
25032,1.36e-01,3.00e-01,
25033,1.44e-01,3.00e-01,
25034,1.36e-01,3.00e-01,
25035,1.44e-01,3.00e-01,
25036,1.36e-01,3.00e-01,
25037,1.44e-01,3.00e-01,
25038,1.36e-01,7.00e-01,
25039,1.44e-01,3.00e-01,
25040,1.36e-01,-1.00e-01,
25041,1.44e-01,3.00e-01,
25042,1.36e-01,3.00e-01,
25043,1.44e-01,3.00e-01,
25044,1.36e-01,3.00e-01,
25045,1.44e-01,-1.00e-01,
25046,1.44e-01,7.00e-01,
25047,1.44e-01,3.00e-01,
25048,1.44e-01,-1.00e-01,
25049,1.36e-01,7.00e-01,
25050,1.44e-01,3.00e-01,
25051,1.44e-01,3.00e-01,
25052,1.44e-01,3.00e-01,
25053,1.44e-01,3.00e-01,
25054,1.36e-01,3.00e-01,
25055,1.44e-01,3.00e-01,
25056,1.44e-01,3.00e-01,
25057,1.44e-01,3.00e-01,
25058,1.44e-01,3.00e-01,
25059,1.44e-01,3.00e-01,
25060,1.44e-01,-1.00e-01,
25061,1.44e-01,3.00e-01,
25062,1.44e-01,3.00e-01,
25063,1.44e-01,3.00e-01,
25064,1.44e-01,-1.00e-01,
25065,1.44e-01,3.00e-01,
25066,1.44e-01,7.00e-01,
25067,1.52e-01,3.00e-01,
25068,1.44e-01,3.00e-01,
25069,1.44e-01,3.00e-01,
25070,1.44e-01,3.00e-01,
25071,1.44e-01,3.00e-01,
25072,1.44e-01,3.00e-01,
25073,1.44e-01,3.00e-01,
25074,1.44e-01,3.00e-01,
25075,1.52e-01,3.00e-01,
25076,1.44e-01,3.00e-01,
25077,1.44e-01,3.00e-01,
25078,1.44e-01,3.00e-01,
25079,1.52e-01,3.00e-01,
25080,1.44e-01,-1.00e-01,
25081,1.44e-01,3.00e-01,
25082,1.44e-01,3.00e-01,
25083,1.52e-01,3.00e-01,
25084,1.44e-01,3.00e-01,
25085,1.44e-01,3.00e-01,
25086,1.44e-01,3.00e-01,
25087,1.52e-01,3.00e-01,
25088,1.44e-01,-1.00e-01,
25089,1.44e-01,3.00e-01,
25090,1.44e-01,3.00e-01,
25091,1.52e-01,3.00e-01,
25092,1.44e-01,3.00e-01,
25093,1.44e-01,3.00e-01,
25094,1.44e-01,3.00e-01,
25095,1.44e-01,3.00e-01,
25096,1.44e-01,-1.00e-01,
25097,1.44e-01,3.00e-01,
25098,1.44e-01,3.00e-01,
25099,1.52e-01,3.00e-01,
25100,1.44e-01,3.00e-01,
25101,1.44e-01,3.00e-01,
25102,1.44e-01,3.00e-01,
25103,1.52e-01,3.00e-01,
25104,1.44e-01,3.00e-01,
25105,1.52e-01,3.00e-01,
25106,1.44e-01,3.00e-01,
25107,1.52e-01,3.00e-01,
25108,1.44e-01,-1.00e-01,
25109,1.44e-01,3.00e-01,
25110,1.44e-01,3.00e-01,
25111,1.52e-01,3.00e-01,
25112,1.44e-01,3.00e-01,
25113,1.44e-01,3.00e-01,
25114,1.44e-01,3.00e-01,
25115,1.52e-01,3.00e-01,
25116,1.44e-01,3.00e-01,
25117,1.44e-01,3.00e-01,
25118,1.44e-01,3.00e-01,
25119,1.52e-01,3.00e-01,
25120,1.44e-01,3.00e-01,
25121,1.52e-01,3.00e-01,
25122,1.44e-01,3.00e-01,
25123,1.52e-01,3.00e-01,
25124,1.44e-01,3.00e-01,
25125,1.44e-01,3.00e-01,
25126,1.44e-01,3.00e-01,
25127,1.52e-01,3.00e-01,
25128,1.44e-01,3.00e-01,
25129,1.52e-01,3.00e-01,
25130,1.44e-01,3.00e-01,
25131,1.52e-01,3.00e-01,
25132,1.44e-01,3.00e-01,
25133,1.52e-01,3.00e-01,
25134,1.52e-01,3.00e-01,
25135,1.52e-01,3.00e-01,
25136,1.52e-01,3.00e-01,
25137,1.52e-01,3.00e-01,
25138,1.44e-01,3.00e-01,
25139,1.52e-01,3.00e-01,
25140,1.52e-01,3.00e-01,
25141,1.52e-01,3.00e-01,
25142,1.44e-01,3.00e-01,
25143,1.52e-01,3.00e-01,
25144,1.44e-01,3.00e-01,
25145,1.52e-01,3.00e-01,
25146,1.44e-01,3.00e-01,
25147,1.52e-01,3.00e-01,
25148,1.52e-01,-1.00e-01,
25149,1.52e-01,3.00e-01,
25150,1.52e-01,7.00e-01,
25151,1.52e-01,3.00e-01,
25152,1.52e-01,-1.00e-01,
25153,1.52e-01,3.00e-01,
25154,1.52e-01,3.00e-01,
25155,1.52e-01,3.00e-01,
25156,1.52e-01,-1.00e-01,
25157,1.52e-01,3.00e-01,
25158,1.44e-01,3.00e-01,
25159,1.60e-01,3.00e-01,
25160,1.52e-01,3.00e-01,
25161,1.52e-01,3.00e-01,
25162,1.52e-01,3.00e-01,
25163,1.60e-01,3.00e-01,
25164,1.52e-01,-1.00e-01,
25165,1.52e-01,3.00e-01,
25166,1.52e-01,3.00e-01,
25167,1.52e-01,3.00e-01,
25168,1.52e-01,3.00e-01,
25169,1.52e-01,3.00e-01,
25170,1.52e-01,3.00e-01,
25171,1.60e-01,3.00e-01,
25172,1.52e-01,3.00e-01,
25173,1.52e-01,3.00e-01,
25174,1.52e-01,3.00e-01,
25175,1.60e-01,3.00e-01,
25176,1.52e-01,3.00e-01,
25177,1.52e-01,3.00e-01,
25178,1.52e-01,3.00e-01,
25179,1.60e-01,3.00e-01,
25180,1.52e-01,-1.00e-01,
25181,1.52e-01,3.00e-01,
25182,1.52e-01,3.00e-01,
25183,1.60e-01,3.00e-01,
25184,1.52e-01,3.00e-01,
25185,1.52e-01,3.00e-01,
25186,1.52e-01,3.00e-01,
25187,1.60e-01,3.00e-01,
25188,1.52e-01,3.00e-01,
25189,1.52e-01,3.00e-01,
25190,1.52e-01,3.00e-01,
25191,1.60e-01,3.00e-01,
25192,1.52e-01,3.00e-01,
25193,1.52e-01,3.00e-01,
25194,1.52e-01,3.00e-01,
25195,1.60e-01,3.00e-01,
25196,1.52e-01,3.00e-01,
25197,1.52e-01,3.00e-01,
25198,1.52e-01,3.00e-01,
25199,1.60e-01,3.00e-01,
25200,1.52e-01,3.00e-01,
25201,1.52e-01,3.00e-01,
25202,1.52e-01,3.00e-01,
25203,1.60e-01,3.00e-01,
25204,1.52e-01,3.00e-01,
25205,1.52e-01,3.00e-01,
25206,1.52e-01,3.00e-01,
25207,1.60e-01,3.00e-01,
25208,1.52e-01,3.00e-01,
25209,1.60e-01,3.00e-01,
25210,1.52e-01,3.00e-01,
25211,1.60e-01,3.00e-01,
25212,1.52e-01,3.00e-01,
25213,1.60e-01,3.00e-01,
25214,1.52e-01,3.00e-01,
25215,1.60e-01,3.00e-01,
25216,1.52e-01,3.00e-01,
25217,1.60e-01,3.00e-01,
25218,1.52e-01,3.00e-01,
25219,1.60e-01,3.00e-01,
25220,1.52e-01,-1.00e-01,
25221,1.60e-01,3.00e-01,
25222,1.60e-01,3.00e-01,
25223,1.60e-01,3.00e-01,
25224,1.52e-01,-1.00e-01,
25225,1.60e-01,3.00e-01,
25226,1.60e-01,7.00e-01,
25227,1.60e-01,3.00e-01,
25228,1.52e-01,3.00e-01,
25229,1.60e-01,3.00e-01,
25230,1.52e-01,3.00e-01,
25231,1.60e-01,3.00e-01,
25232,1.60e-01,3.00e-01,
25233,1.60e-01,3.00e-01,
25234,1.52e-01,3.00e-01,
25235,1.60e-01,3.00e-01,
25236,1.52e-01,3.00e-01,
25237,1.60e-01,3.00e-01,
25238,1.52e-01,7.00e-01,
25239,1.60e-01,3.00e-01,
25240,1.60e-01,-1.00e-01,
25241,1.60e-01,3.00e-01,
25242,1.52e-01,3.00e-01,
25243,1.60e-01,3.00e-01,
25244,1.60e-01,3.00e-01,
25245,1.60e-01,-1.00e-01,
25246,1.52e-01,7.00e-01,
25247,1.60e-01,3.00e-01,
25248,1.60e-01,-1.00e-01,
25249,1.60e-01,7.00e-01,
25250,1.60e-01,3.00e-01,
25251,1.60e-01,3.00e-01,
25252,1.60e-01,3.00e-01,
25253,1.60e-01,3.00e-01,
25254,1.60e-01,7.00e-01,
25255,1.60e-01,3.00e-01,
25256,1.60e-01,3.00e-01,
25257,1.60e-01,3.00e-01,
25258,1.60e-01,3.00e-01,
25259,1.68e-01,3.00e-01,
25260,1.60e-01,3.00e-01,
25261,1.60e-01,3.00e-01,
25262,1.60e-01,3.00e-01,
25263,1.68e-01,3.00e-01,
25264,1.60e-01,3.00e-01,
25265,1.60e-01,3.00e-01,
25266,1.60e-01,7.00e-01,
25267,1.68e-01,3.00e-01,
25268,1.60e-01,3.00e-01,
25269,1.60e-01,3.00e-01,
25270,1.60e-01,3.00e-01,
25271,1.60e-01,3.00e-01,
25272,1.60e-01,-1.00e-01,
25273,1.60e-01,3.00e-01,
25274,1.60e-01,3.00e-01,
25275,1.68e-01,3.00e-01,
25276,1.60e-01,3.00e-01,
25277,1.60e-01,3.00e-01,
25278,1.60e-01,3.00e-01,
25279,1.68e-01,3.00e-01,
25280,1.60e-01,-1.00e-01,
25281,1.60e-01,3.00e-01,
25282,1.60e-01,3.00e-01,
25283,1.68e-01,3.00e-01,
25284,1.60e-01,3.00e-01,
25285,1.60e-01,3.00e-01,
25286,1.60e-01,7.00e-01,
25287,1.68e-01,3.00e-01,
25288,1.60e-01,3.00e-01,
25289,1.60e-01,3.00e-01,
25290,1.60e-01,3.00e-01,
25291,1.68e-01,3.00e-01,
25292,1.60e-01,-1.00e-01,
25293,1.60e-01,3.00e-01,
25294,1.60e-01,3.00e-01,
25295,1.68e-01,3.00e-01,
25296,1.60e-01,3.00e-01,
25297,1.60e-01,3.00e-01,
25298,1.60e-01,3.00e-01,
25299,1.68e-01,3.00e-01,
25300,1.60e-01,-1.00e-01,
25301,1.60e-01,3.00e-01,
25302,1.60e-01,3.00e-01,
25303,1.68e-01,3.00e-01,
25304,1.60e-01,3.00e-01,
25305,1.68e-01,3.00e-01,
25306,1.60e-01,3.00e-01,
25307,1.68e-01,3.00e-01,
25308,1.60e-01,3.00e-01,
25309,1.68e-01,3.00e-01,
25310,1.60e-01,3.00e-01,
25311,1.68e-01,3.00e-01,
25312,1.60e-01,3.00e-01,
25313,1.68e-01,3.00e-01,
25314,1.60e-01,3.00e-01,
25315,1.68e-01,3.00e-01,
25316,1.60e-01,3.00e-01,
25317,1.68e-01,3.00e-01,
25318,1.60e-01,3.00e-01,
25319,1.68e-01,3.00e-01,
25320,1.68e-01,3.00e-01,
25321,1.68e-01,3.00e-01,
25322,1.60e-01,3.00e-01,
25323,1.68e-01,3.00e-01,
25324,1.60e-01,3.00e-01,
25325,1.68e-01,3.00e-01,
25326,1.60e-01,3.00e-01,
25327,1.68e-01,3.00e-01,
25328,1.60e-01,3.00e-01,
25329,1.68e-01,3.00e-01,
25330,1.60e-01,3.00e-01,
25331,1.68e-01,3.00e-01,
25332,1.68e-01,3.00e-01,
25333,1.68e-01,3.00e-01,
25334,1.68e-01,3.00e-01,
25335,1.68e-01,3.00e-01,
25336,1.68e-01,3.00e-01,
25337,1.68e-01,3.00e-01,
25338,1.68e-01,3.00e-01,
25339,1.76e-01,3.00e-01,
25340,1.68e-01,3.00e-01,
25341,1.68e-01,3.00e-01,
25342,1.68e-01,7.00e-01,
25343,1.68e-01,3.00e-01,
25344,1.68e-01,3.00e-01,
25345,1.68e-01,3.00e-01,
25346,1.68e-01,3.00e-01,
25347,1.76e-01,3.00e-01,
25348,1.68e-01,3.00e-01,
25349,1.68e-01,3.00e-01,
25350,1.68e-01,3.00e-01,
25351,1.76e-01,3.00e-01,
25352,1.68e-01,3.00e-01,
25353,1.68e-01,3.00e-01,
25354,1.68e-01,3.00e-01,
25355,1.68e-01,3.00e-01,
25356,1.68e-01,3.00e-01,
25357,1.68e-01,3.00e-01,
25358,1.68e-01,3.00e-01,
25359,1.76e-01,3.00e-01,
25360,1.68e-01,3.00e-01,
25361,1.68e-01,3.00e-01,
25362,1.68e-01,3.00e-01,
25363,1.76e-01,3.00e-01,
25364,1.68e-01,3.00e-01,
25365,1.68e-01,3.00e-01,
25366,1.68e-01,7.00e-01,
25367,1.68e-01,3.00e-01,
25368,1.68e-01,3.00e-01,
25369,1.68e-01,3.00e-01,
25370,1.68e-01,3.00e-01,
25371,1.76e-01,3.00e-01,
25372,1.68e-01,3.00e-01,
25373,1.68e-01,3.00e-01,
25374,1.68e-01,7.00e-01,
25375,1.76e-01,3.00e-01,
25376,1.68e-01,3.00e-01,
25377,1.68e-01,3.00e-01,
25378,1.68e-01,3.00e-01,
25379,1.76e-01,3.00e-01,
25380,1.68e-01,3.00e-01,
25381,1.68e-01,3.00e-01,
25382,1.68e-01,3.00e-01,
25383,1.76e-01,3.00e-01,
25384,1.68e-01,3.00e-01,
25385,1.68e-01,3.00e-01,
25386,1.68e-01,3.00e-01,
25387,1.76e-01,3.00e-01,
25388,1.68e-01,3.00e-01,
25389,1.68e-01,3.00e-01,
25390,1.68e-01,3.00e-01,
25391,1.76e-01,3.00e-01,
25392,1.68e-01,3.00e-01,
25393,1.68e-01,3.00e-01,
25394,1.68e-01,3.00e-01,
25395,1.76e-01,3.00e-01,
25396,1.68e-01,3.00e-01,
25397,1.76e-01,3.00e-01,
25398,1.68e-01,7.00e-01,
25399,1.76e-01,3.00e-01,
25400,1.68e-01,3.00e-01,
25401,1.68e-01,3.00e-01,
25402,1.68e-01,3.00e-01,
25403,1.76e-01,3.00e-01,
25404,1.68e-01,3.00e-01,
25405,1.76e-01,3.00e-01,
25406,1.68e-01,7.00e-01,
25407,1.76e-01,3.00e-01,
25408,1.68e-01,3.00e-01,
25409,1.76e-01,3.00e-01,
25410,1.68e-01,3.00e-01,
25411,1.76e-01,3.00e-01,
25412,1.68e-01,3.00e-01,
25413,1.68e-01,3.00e-01,
25414,1.68e-01,3.00e-01,
25415,1.76e-01,3.00e-01,
25416,1.68e-01,3.00e-01,
25417,1.76e-01,3.00e-01,
25418,1.68e-01,3.00e-01,
25419,1.76e-01,3.00e-01,
25420,1.68e-01,3.00e-01,
25421,1.76e-01,3.00e-01,
25422,1.76e-01,3.00e-01,
25423,1.76e-01,3.00e-01,
25424,1.68e-01,3.00e-01,
25425,1.76e-01,3.00e-01,
25426,1.68e-01,7.00e-01,
25427,1.84e-01,3.00e-01,
25428,1.76e-01,3.00e-01,
25429,1.76e-01,3.00e-01,
25430,1.68e-01,3.00e-01,
25431,1.76e-01,3.00e-01,
25432,1.68e-01,3.00e-01,
25433,1.76e-01,3.00e-01,
25434,1.76e-01,3.00e-01,
25435,1.84e-01,3.00e-01,
25436,1.76e-01,3.00e-01,
25437,1.76e-01,3.00e-01,
25438,1.68e-01,7.00e-01,
25439,1.76e-01,3.00e-01,
25440,1.76e-01,3.00e-01,
25441,1.76e-01,3.00e-01,
25442,1.76e-01,3.00e-01,
25443,1.76e-01,3.00e-01,
25444,1.76e-01,3.00e-01,
25445,1.76e-01,3.00e-01,
25446,1.68e-01,7.00e-01,
25447,1.76e-01,7.00e-01,
25448,1.76e-01,-1.00e-01,
25449,1.68e-01,7.00e-01,
25450,1.76e-01,3.00e-01,
25451,1.84e-01,3.00e-01,
25452,1.76e-01,3.00e-01,
25453,1.76e-01,3.00e-01,
25454,1.76e-01,7.00e-01,
25455,1.84e-01,3.00e-01,
25456,1.76e-01,3.00e-01,
25457,1.76e-01,3.00e-01,
25458,1.76e-01,3.00e-01,
25459,1.84e-01,3.00e-01,
25460,1.76e-01,3.00e-01,
25461,1.76e-01,3.00e-01,
25462,1.76e-01,3.00e-01,
25463,1.76e-01,3.00e-01,
25464,1.76e-01,3.00e-01,
25465,1.76e-01,3.00e-01,
25466,1.76e-01,7.00e-01,
25467,1.84e-01,3.00e-01,
25468,1.76e-01,3.00e-01,
25469,1.76e-01,3.00e-01,
25470,1.76e-01,3.00e-01,
25471,1.84e-01,3.00e-01,
25472,1.76e-01,3.00e-01,
25473,1.76e-01,3.00e-01,
25474,1.76e-01,3.00e-01,
25475,1.84e-01,3.00e-01,
25476,1.76e-01,3.00e-01,
25477,1.76e-01,3.00e-01,
25478,1.76e-01,7.00e-01,
25479,1.84e-01,3.00e-01,
25480,1.76e-01,-1.00e-01,
25481,1.76e-01,3.00e-01,
25482,1.76e-01,7.00e-01,
25483,1.84e-01,3.00e-01,
25484,1.76e-01,3.00e-01,
25485,1.84e-01,3.00e-01,
25486,1.76e-01,3.00e-01,
25487,1.84e-01,3.00e-01,
25488,1.76e-01,3.00e-01,
25489,1.76e-01,3.00e-01,
25490,1.76e-01,3.00e-01,
25491,1.84e-01,3.00e-01,
25492,1.76e-01,3.00e-01,
25493,1.76e-01,3.00e-01,
25494,1.76e-01,3.00e-01,
25495,1.84e-01,3.00e-01,
25496,1.76e-01,3.00e-01,
25497,1.76e-01,3.00e-01,
25498,1.76e-01,3.00e-01,
25499,1.84e-01,3.00e-01,
25500,1.76e-01,3.00e-01,
25501,1.84e-01,3.00e-01,
25502,1.76e-01,3.00e-01,
25503,1.84e-01,3.00e-01,
25504,1.84e-01,3.00e-01,
25505,1.84e-01,3.00e-01,
25506,1.76e-01,7.00e-01,
25507,1.84e-01,3.00e-01,
25508,1.76e-01,3.00e-01,
25509,1.84e-01,3.00e-01,
25510,1.76e-01,3.00e-01,
25511,1.84e-01,3.00e-01,
25512,1.76e-01,3.00e-01,
25513,1.84e-01,3.00e-01,
25514,1.76e-01,7.00e-01,
25515,1.84e-01,3.00e-01,
25516,1.76e-01,3.00e-01,
25517,1.84e-01,3.00e-01,
25518,1.76e-01,7.00e-01,
25519,1.84e-01,3.00e-01,
25520,1.76e-01,3.00e-01,
25521,1.84e-01,3.00e-01,
25522,1.76e-01,3.00e-01,
25523,1.84e-01,3.00e-01,
25524,1.84e-01,-1.00e-01,
25525,1.84e-01,3.00e-01,
25526,1.76e-01,7.00e-01,
25527,1.84e-01,3.00e-01,
25528,1.76e-01,3.00e-01,
25529,1.84e-01,3.00e-01,
25530,1.84e-01,3.00e-01,
25531,1.92e-01,3.00e-01,
25532,1.84e-01,3.00e-01,
25533,1.84e-01,3.00e-01,
25534,1.84e-01,3.00e-01,
25535,1.84e-01,3.00e-01,
25536,1.84e-01,3.00e-01,
25537,1.84e-01,3.00e-01,
25538,1.84e-01,3.00e-01,
25539,1.84e-01,3.00e-01,
25540,1.84e-01,3.00e-01,
25541,1.84e-01,3.00e-01,
25542,1.84e-01,7.00e-01,
25543,1.84e-01,3.00e-01,
25544,1.84e-01,3.00e-01,
25545,1.84e-01,3.00e-01,
25546,1.84e-01,3.00e-01,
25547,1.92e-01,3.00e-01,
25548,1.84e-01,3.00e-01,
25549,1.84e-01,3.00e-01,
25550,1.84e-01,3.00e-01,
25551,1.92e-01,3.00e-01,
25552,1.84e-01,3.00e-01,
25553,1.84e-01,3.00e-01,
25554,1.84e-01,3.00e-01,
25555,1.92e-01,3.00e-01,
25556,1.84e-01,3.00e-01,
25557,1.84e-01,3.00e-01,
25558,1.84e-01,3.00e-01,
25559,1.92e-01,3.00e-01,
25560,1.84e-01,3.00e-01,
25561,1.84e-01,3.00e-01,
25562,1.84e-01,7.00e-01,
25563,1.92e-01,3.00e-01,
25564,1.84e-01,3.00e-01,
25565,1.84e-01,3.00e-01,
25566,1.84e-01,7.00e-01,
25567,1.92e-01,3.00e-01,
25568,1.84e-01,3.00e-01,
25569,1.84e-01,3.00e-01,
25570,1.84e-01,3.00e-01,
25571,1.92e-01,3.00e-01,
25572,1.84e-01,-1.00e-01,
25573,1.84e-01,3.00e-01,
25574,1.84e-01,7.00e-01,
25575,1.92e-01,3.00e-01,
25576,1.84e-01,3.00e-01,
25577,1.92e-01,3.00e-01,
25578,1.84e-01,3.00e-01,
25579,1.92e-01,3.00e-01,
25580,1.84e-01,-1.00e-01,
25581,1.84e-01,3.00e-01,
25582,1.84e-01,7.00e-01,
25583,1.92e-01,3.00e-01,
25584,1.84e-01,3.00e-01,
25585,1.92e-01,3.00e-01,
25586,1.84e-01,3.00e-01,
25587,1.92e-01,3.00e-01,
25588,1.84e-01,3.00e-01,
25589,1.84e-01,3.00e-01,
25590,1.84e-01,7.00e-01,
25591,1.92e-01,3.00e-01,
25592,1.84e-01,3.00e-01,
25593,1.84e-01,3.00e-01,
25594,1.84e-01,7.00e-01,
25595,1.92e-01,3.00e-01,
25596,1.84e-01,3.00e-01,
25597,1.92e-01,3.00e-01,
25598,1.84e-01,7.00e-01,
25599,1.92e-01,3.00e-01,
25600,1.92e-01,3.00e-01,
25601,1.92e-01,3.00e-01,
25602,1.84e-01,7.00e-01,
25603,1.92e-01,3.00e-01,
25604,1.84e-01,3.00e-01,
25605,1.92e-01,3.00e-01,
25606,1.84e-01,7.00e-01,
25607,1.92e-01,3.00e-01,
25608,1.92e-01,3.00e-01,
25609,1.92e-01,3.00e-01,
25610,1.84e-01,3.00e-01,
25611,1.92e-01,3.00e-01,
25612,1.84e-01,3.00e-01,
25613,1.92e-01,3.00e-01,
25614,1.84e-01,7.00e-01,
25615,1.92e-01,3.00e-01,
25616,1.84e-01,3.00e-01,
25617,1.92e-01,3.00e-01,
25618,1.84e-01,3.00e-01,
25619,1.92e-01,3.00e-01,
25620,1.84e-01,3.00e-01,
25621,1.92e-01,3.00e-01,
25622,1.92e-01,7.00e-01,
25623,1.92e-01,3.00e-01,
25624,1.92e-01,3.00e-01,
25625,1.92e-01,3.00e-01,
25626,1.92e-01,3.00e-01,
25627,1.92e-01,3.00e-01,
25628,1.92e-01,3.00e-01,
25629,1.92e-01,3.00e-01,
25630,1.92e-01,7.00e-01,
25631,1.92e-01,3.00e-01,
25632,1.92e-01,3.00e-01,
25633,1.92e-01,3.00e-01,
25634,1.92e-01,3.00e-01,
25635,2.00e-01,3.00e-01,
25636,1.92e-01,3.00e-01,
25637,1.92e-01,3.00e-01,
25638,1.92e-01,7.00e-01,
25639,2.00e-01,3.00e-01,
25640,1.92e-01,3.00e-01,
25641,1.92e-01,3.00e-01,
25642,1.92e-01,7.00e-01,
25643,1.92e-01,3.00e-01,
25644,1.92e-01,3.00e-01,
25645,1.92e-01,3.00e-01,
25646,1.92e-01,7.00e-01,
25647,2.00e-01,7.00e-01,
25648,1.92e-01,-1.00e-01,
25649,1.92e-01,7.00e-01,
25650,1.92e-01,3.00e-01,
25651,2.00e-01,3.00e-01,
25652,1.92e-01,3.00e-01,
25653,1.92e-01,3.00e-01,
25654,1.92e-01,7.00e-01,
25655,2.00e-01,3.00e-01,
25656,1.92e-01,3.00e-01,
25657,1.92e-01,3.00e-01,
25658,1.92e-01,3.00e-01,
25659,2.00e-01,3.00e-01,
25660,1.92e-01,3.00e-01,
25661,1.92e-01,3.00e-01,
25662,1.92e-01,7.00e-01,
25663,2.00e-01,3.00e-01,
25664,1.92e-01,3.00e-01,
25665,1.92e-01,3.00e-01,
25666,1.92e-01,7.00e-01,
25667,2.00e-01,3.00e-01,
25668,1.92e-01,3.00e-01,
25669,1.92e-01,3.00e-01,
25670,1.92e-01,7.00e-01,
25671,2.00e-01,3.00e-01,
25672,1.92e-01,3.00e-01,
25673,1.92e-01,3.00e-01,
25674,1.92e-01,3.00e-01,
25675,2.00e-01,3.00e-01,
25676,1.92e-01,3.00e-01,
25677,1.92e-01,3.00e-01,
25678,1.92e-01,3.00e-01,
25679,2.00e-01,3.00e-01,
25680,1.92e-01,3.00e-01,
25681,2.00e-01,3.00e-01,
25682,1.92e-01,3.00e-01,
25683,2.00e-01,3.00e-01,
25684,1.92e-01,3.00e-01,
25685,1.92e-01,3.00e-01,
25686,1.92e-01,7.00e-01,
25687,2.00e-01,3.00e-01,
25688,1.92e-01,3.00e-01,
25689,1.92e-01,3.00e-01,
25690,1.92e-01,7.00e-01,
25691,2.00e-01,3.00e-01,
25692,1.92e-01,3.00e-01,
25693,2.00e-01,3.00e-01,
25694,1.92e-01,3.00e-01,
25695,2.00e-01,3.00e-01,
25696,1.92e-01,3.00e-01,
25697,2.00e-01,3.00e-01,
25698,1.92e-01,7.00e-01,
25699,2.00e-01,7.00e-01,
25700,2.00e-01,3.00e-01,
25701,2.00e-01,3.00e-01,
25702,1.92e-01,7.00e-01,
25703,2.00e-01,3.00e-01,
25704,1.92e-01,3.00e-01,
25705,2.00e-01,3.00e-01,
25706,1.92e-01,7.00e-01,
25707,2.00e-01,3.00e-01,
25708,1.92e-01,3.00e-01,
25709,2.00e-01,3.00e-01,
25710,1.92e-01,7.00e-01,
25711,2.00e-01,3.00e-01,
25712,1.92e-01,3.00e-01,
25713,2.00e-01,3.00e-01,
25714,1.92e-01,7.00e-01,
25715,2.00e-01,3.00e-01,
25716,1.92e-01,3.00e-01,
25717,2.00e-01,3.00e-01,
25718,2.00e-01,7.00e-01,
25719,2.00e-01,3.00e-01,
25720,2.00e-01,3.00e-01,
25721,2.00e-01,3.00e-01,
25722,1.92e-01,3.00e-01,
25723,2.00e-01,3.00e-01,
25724,2.00e-01,3.00e-01,
25725,2.00e-01,3.00e-01,
25726,2.00e-01,7.00e-01,
25727,2.00e-01,3.00e-01,
25728,2.00e-01,3.00e-01,
25729,2.00e-01,3.00e-01,
25730,2.00e-01,7.00e-01,
25731,2.08e-01,3.00e-01,
25732,2.00e-01,3.00e-01,
25733,2.00e-01,3.00e-01,
25734,2.00e-01,7.00e-01,
25735,2.08e-01,3.00e-01,
25736,2.00e-01,3.00e-01,
25737,2.00e-01,3.00e-01,
25738,2.00e-01,7.00e-01,
25739,2.00e-01,3.00e-01,
25740,2.00e-01,3.00e-01,
25741,2.00e-01,3.00e-01,
25742,2.00e-01,7.00e-01,
25743,2.08e-01,3.00e-01,
25744,2.00e-01,3.00e-01,
25745,2.00e-01,3.00e-01,
25746,2.00e-01,3.00e-01,
25747,2.08e-01,3.00e-01,
25748,2.00e-01,3.00e-01,
25749,2.00e-01,3.00e-01,
25750,2.00e-01,7.00e-01,
25751,2.08e-01,3.00e-01,
25752,2.00e-01,3.00e-01,
25753,2.00e-01,3.00e-01,
25754,2.00e-01,3.00e-01,
25755,2.08e-01,3.00e-01,
25756,2.00e-01,3.00e-01,
25757,2.00e-01,3.00e-01,
25758,2.00e-01,7.00e-01,
25759,2.08e-01,3.00e-01,
25760,2.00e-01,3.00e-01,
25761,2.00e-01,3.00e-01,
25762,2.00e-01,3.00e-01,
25763,2.08e-01,3.00e-01,
25764,2.00e-01,3.00e-01,
25765,2.00e-01,3.00e-01,
25766,2.00e-01,7.00e-01,
25767,2.08e-01,3.00e-01,
25768,2.00e-01,3.00e-01,
25769,2.00e-01,3.00e-01,
25770,2.00e-01,3.00e-01,
25771,2.08e-01,3.00e-01,
25772,2.00e-01,3.00e-01,
25773,2.00e-01,3.00e-01,
25774,2.00e-01,7.00e-01,
25775,2.08e-01,3.00e-01,
25776,2.00e-01,3.00e-01,
25777,2.00e-01,3.00e-01,
25778,2.00e-01,7.00e-01,
25779,2.08e-01,3.00e-01,
25780,2.00e-01,3.00e-01,
25781,2.00e-01,3.00e-01,
25782,2.00e-01,7.00e-01,
25783,2.08e-01,3.00e-01,
25784,2.00e-01,3.00e-01,
25785,2.08e-01,3.00e-01,
25786,2.00e-01,7.00e-01,
25787,2.08e-01,3.00e-01,
25788,2.00e-01,3.00e-01,
25789,2.00e-01,3.00e-01,
25790,2.00e-01,7.00e-01,
25791,2.08e-01,3.00e-01,
25792,2.00e-01,3.00e-01,
25793,2.08e-01,3.00e-01,
25794,2.00e-01,3.00e-01,
25795,2.08e-01,3.00e-01,
25796,2.00e-01,3.00e-01,
25797,2.08e-01,3.00e-01,
25798,2.00e-01,7.00e-01,
25799,2.08e-01,3.00e-01,
25800,2.08e-01,3.00e-01,
25801,2.08e-01,3.00e-01,
25802,2.00e-01,3.00e-01,
25803,2.08e-01,7.00e-01,
25804,2.00e-01,3.00e-01,
25805,2.08e-01,3.00e-01,
25806,2.00e-01,7.00e-01,
25807,2.08e-01,3.00e-01,
25808,2.08e-01,3.00e-01,
25809,2.08e-01,3.00e-01,
25810,2.00e-01,7.00e-01,
25811,2.24e-01,3.00e-01,
25812,2.08e-01,3.00e-01,
25813,2.08e-01,3.00e-01,
25814,2.00e-01,7.00e-01,
25815,2.08e-01,3.00e-01,
25816,2.08e-01,3.00e-01,
25817,2.08e-01,3.00e-01,
25818,2.08e-01,7.00e-01,
25819,2.08e-01,3.00e-01,
25820,2.08e-01,3.00e-01,
25821,2.08e-01,3.00e-01,
25822,2.00e-01,7.00e-01,
25823,2.08e-01,3.00e-01,
25824,2.08e-01,3.00e-01,
25825,2.08e-01,3.00e-01,
25826,2.00e-01,7.00e-01,
25827,2.24e-01,3.00e-01,
25828,2.08e-01,3.00e-01,
25829,2.08e-01,3.00e-01,
25830,2.08e-01,7.00e-01,
25831,2.08e-01,3.00e-01,
25832,2.08e-01,3.00e-01,
25833,2.08e-01,3.00e-01,
25834,2.08e-01,7.00e-01,
25835,2.24e-01,3.00e-01,
25836,2.08e-01,3.00e-01,
25837,2.08e-01,3.00e-01,
25838,2.08e-01,7.00e-01,
25839,2.24e-01,3.00e-01,
25840,2.08e-01,3.00e-01,
25841,2.08e-01,3.00e-01,
25842,2.08e-01,7.00e-01,
25843,2.08e-01,3.00e-01,
25844,2.08e-01,3.00e-01,
25845,2.08e-01,3.00e-01,
25846,2.08e-01,7.00e-01,
25847,2.24e-01,7.00e-01,
25848,2.08e-01,-1.00e-01,
25849,2.08e-01,7.00e-01,
25850,2.08e-01,3.00e-01,
25851,2.24e-01,3.00e-01,
25852,2.08e-01,3.00e-01,
25853,2.08e-01,3.00e-01,
25854,2.08e-01,7.00e-01,
25855,2.24e-01,3.00e-01,
25856,2.08e-01,3.00e-01,
25857,2.08e-01,3.00e-01,
25858,2.08e-01,3.00e-01,
25859,2.24e-01,3.00e-01,
25860,2.08e-01,3.00e-01,
25861,2.08e-01,3.00e-01,
25862,2.08e-01,7.00e-01,
25863,2.24e-01,3.00e-01,
25864,2.08e-01,3.00e-01,
25865,2.08e-01,3.00e-01,
25866,2.08e-01,7.00e-01,
25867,2.24e-01,3.00e-01,
25868,2.08e-01,3.00e-01,
25869,2.08e-01,3.00e-01,
25870,2.08e-01,7.00e-01,
25871,2.24e-01,3.00e-01,
25872,2.08e-01,3.00e-01,
25873,2.08e-01,3.00e-01,
25874,2.08e-01,3.00e-01,
25875,2.24e-01,3.00e-01,
25876,2.08e-01,3.00e-01,
25877,2.08e-01,3.00e-01,
25878,2.08e-01,7.00e-01,
25879,2.24e-01,3.00e-01,
25880,2.08e-01,3.00e-01,
25881,2.08e-01,3.00e-01,
25882,2.08e-01,3.00e-01,
25883,2.24e-01,3.00e-01,
25884,2.08e-01,3.00e-01,
25885,2.24e-01,3.00e-01,
25886,2.08e-01,7.00e-01,
25887,2.24e-01,3.00e-01,
25888,2.08e-01,3.00e-01,
25889,2.08e-01,3.00e-01,
25890,2.08e-01,3.00e-01,
25891,2.24e-01,7.00e-01,
25892,2.08e-01,3.00e-01,
25893,2.24e-01,3.00e-01,
25894,2.08e-01,7.00e-01,
25895,2.24e-01,3.00e-01,
25896,2.08e-01,3.00e-01,
25897,2.24e-01,3.00e-01,
25898,2.08e-01,7.00e-01,
25899,2.24e-01,3.00e-01,
25900,2.24e-01,3.00e-01,
25901,2.24e-01,3.00e-01,
25902,2.08e-01,7.00e-01,
25903,2.24e-01,3.00e-01,
25904,2.24e-01,3.00e-01,
25905,2.24e-01,3.00e-01,
25906,2.08e-01,7.00e-01,
25907,2.24e-01,3.00e-01,
25908,2.24e-01,3.00e-01,
25909,2.24e-01,3.00e-01,
25910,2.08e-01,7.00e-01,
25911,2.24e-01,3.00e-01,
25912,2.24e-01,3.00e-01,
25913,2.24e-01,3.00e-01,
25914,2.08e-01,3.00e-01,
25915,2.24e-01,3.00e-01,
25916,2.08e-01,3.00e-01,
25917,2.24e-01,3.00e-01,
25918,2.08e-01,7.00e-01,
25919,2.24e-01,3.00e-01,
25920,2.24e-01,3.00e-01,
25921,2.24e-01,3.00e-01,
25922,2.24e-01,7.00e-01,
25923,2.24e-01,7.00e-01,
25924,2.24e-01,3.00e-01,
25925,2.24e-01,7.00e-01,
25926,2.24e-01,7.00e-01,
25927,2.32e-01,3.00e-01,
25928,2.24e-01,3.00e-01,
25929,2.24e-01,3.00e-01,
25930,2.24e-01,3.00e-01,
25931,2.32e-01,3.00e-01,
25932,2.24e-01,3.00e-01,
25933,2.24e-01,3.00e-01,
25934,2.24e-01,7.00e-01,
25935,2.32e-01,3.00e-01,
25936,2.24e-01,3.00e-01,
25937,2.24e-01,3.00e-01,
25938,2.24e-01,7.00e-01,
25939,2.32e-01,7.00e-01,
25940,2.24e-01,3.00e-01,
25941,2.24e-01,3.00e-01,
25942,2.24e-01,7.00e-01,
25943,2.32e-01,7.00e-01,
25944,2.24e-01,3.00e-01,
25945,2.24e-01,3.00e-01,
25946,2.24e-01,7.00e-01,
25947,2.32e-01,3.00e-01,
25948,2.24e-01,3.00e-01,
25949,2.24e-01,3.00e-01,
25950,2.24e-01,7.00e-01,
25951,2.32e-01,3.00e-01,
25952,2.24e-01,3.00e-01,
25953,2.24e-01,3.00e-01,
25954,2.24e-01,7.00e-01,
25955,2.32e-01,3.00e-01,
25956,2.24e-01,3.00e-01,
25957,2.24e-01,3.00e-01,
25958,2.24e-01,7.00e-01,
25959,2.32e-01,3.00e-01,
25960,2.24e-01,3.00e-01,
25961,2.24e-01,7.00e-01,
25962,2.24e-01,7.00e-01,
25963,2.32e-01,7.00e-01,
25964,2.24e-01,3.00e-01,
25965,2.32e-01,3.00e-01,
25966,2.24e-01,7.00e-01,
25967,2.32e-01,3.00e-01,
25968,2.24e-01,3.00e-01,
25969,2.24e-01,3.00e-01,
25970,2.24e-01,7.00e-01,
25971,2.32e-01,3.00e-01,
25972,2.24e-01,3.00e-01,
25973,2.24e-01,3.00e-01,
25974,2.24e-01,7.00e-01,
25975,2.32e-01,3.00e-01,
25976,2.24e-01,3.00e-01,
25977,2.24e-01,3.00e-01,
25978,2.24e-01,7.00e-01,
25979,2.32e-01,3.00e-01,
25980,2.24e-01,3.00e-01,
25981,2.24e-01,3.00e-01,
25982,2.24e-01,7.00e-01,
25983,2.32e-01,3.00e-01,
25984,2.24e-01,3.00e-01,
25985,2.32e-01,3.00e-01,
25986,2.24e-01,7.00e-01,
25987,2.32e-01,3.00e-01,
25988,2.24e-01,3.00e-01,
25989,2.32e-01,3.00e-01,
25990,2.24e-01,7.00e-01,
25991,2.32e-01,3.00e-01,
25992,2.24e-01,3.00e-01,
25993,2.32e-01,3.00e-01,
25994,2.24e-01,3.00e-01,
25995,2.32e-01,3.00e-01,
25996,2.24e-01,3.00e-01,
25997,2.32e-01,3.00e-01,
25998,2.24e-01,7.00e-01,
25999,2.32e-01,3.00e-01,
26000,2.32e-01,3.00e-01,
26001,2.32e-01,3.00e-01,
26002,2.24e-01,3.00e-01,
26003,2.32e-01,3.00e-01,
26004,2.32e-01,3.00e-01,
26005,2.32e-01,3.00e-01,
26006,2.24e-01,7.00e-01,
26007,2.40e-01,3.00e-01,
26008,2.24e-01,3.00e-01,
26009,2.32e-01,3.00e-01,
26010,2.24e-01,7.00e-01,
26011,2.32e-01,3.00e-01,
26012,2.32e-01,3.00e-01,
26013,2.32e-01,3.00e-01,
26014,2.32e-01,7.00e-01,
26015,2.32e-01,3.00e-01,
26016,2.24e-01,3.00e-01,
26017,2.32e-01,3.00e-01,
26018,2.24e-01,7.00e-01,
26019,2.32e-01,3.00e-01,
26020,2.32e-01,3.00e-01,
26021,2.32e-01,3.00e-01,
26022,2.32e-01,7.00e-01,
26023,2.40e-01,7.00e-01,
26024,2.32e-01,3.00e-01,
26025,2.32e-01,3.00e-01,
26026,2.32e-01,7.00e-01,
26027,2.40e-01,3.00e-01,
26028,2.32e-01,3.00e-01,
26029,2.32e-01,3.00e-01,
26030,2.32e-01,3.00e-01,
26031,2.40e-01,3.00e-01,
26032,2.32e-01,3.00e-01,
26033,2.32e-01,7.00e-01,
26034,2.32e-01,7.00e-01,
26035,2.40e-01,7.00e-01,
26036,2.32e-01,3.00e-01,
26037,2.32e-01,3.00e-01,
26038,2.32e-01,7.00e-01,
26039,2.40e-01,3.00e-01,
26040,2.32e-01,3.00e-01,
26041,2.32e-01,3.00e-01,
26042,2.32e-01,7.00e-01,
26043,2.40e-01,3.00e-01,
26044,2.32e-01,3.00e-01,
26045,2.32e-01,3.00e-01,
26046,2.32e-01,7.00e-01,
26047,2.40e-01,7.00e-01,
26048,2.32e-01,-1.00e-01,
26049,2.32e-01,7.00e-01,
26050,2.32e-01,3.00e-01,
26051,2.40e-01,7.00e-01,
26052,2.32e-01,3.00e-01,
26053,2.32e-01,3.00e-01,
26054,2.32e-01,7.00e-01,
26055,2.40e-01,3.00e-01,
26056,2.32e-01,3.00e-01,
26057,2.32e-01,3.00e-01,
26058,2.32e-01,3.00e-01,
26059,2.40e-01,3.00e-01,
26060,2.32e-01,3.00e-01,
26061,2.32e-01,3.00e-01,
26062,2.32e-01,7.00e-01,
26063,2.40e-01,3.00e-01,
26064,2.32e-01,3.00e-01,
26065,2.32e-01,3.00e-01,
26066,2.32e-01,7.00e-01,
26067,2.40e-01,3.00e-01,
26068,2.32e-01,3.00e-01,
26069,2.32e-01,3.00e-01,
26070,2.32e-01,7.00e-01,
26071,2.40e-01,7.00e-01,
26072,2.32e-01,3.00e-01,
26073,2.32e-01,3.00e-01,
26074,2.32e-01,3.00e-01,
26075,2.40e-01,3.00e-01,
26076,2.32e-01,3.00e-01,
26077,2.32e-01,3.00e-01,
26078,2.32e-01,7.00e-01,
26079,2.40e-01,3.00e-01,
26080,2.32e-01,3.00e-01,
26081,2.32e-01,7.00e-01,
26082,2.32e-01,7.00e-01,
26083,2.40e-01,7.00e-01,
26084,2.32e-01,3.00e-01,
26085,2.40e-01,3.00e-01,
26086,2.32e-01,7.00e-01,
26087,2.40e-01,3.00e-01,
26088,2.32e-01,3.00e-01,
26089,2.40e-01,7.00e-01,
26090,2.32e-01,7.00e-01,
26091,2.40e-01,7.00e-01,
26092,2.32e-01,3.00e-01,
26093,2.40e-01,3.00e-01,
26094,2.32e-01,7.00e-01,
26095,2.40e-01,3.00e-01,
26096,2.32e-01,3.00e-01,
26097,2.40e-01,3.00e-01,
26098,2.32e-01,7.00e-01,
26099,2.40e-01,3.00e-01,
26100,2.32e-01,3.00e-01,
26101,2.40e-01,7.00e-01,
26102,2.32e-01,7.00e-01,
26103,2.40e-01,3.00e-01,
26104,2.40e-01,3.00e-01,
26105,2.40e-01,3.00e-01,
26106,2.32e-01,7.00e-01,
26107,2.40e-01,3.00e-01,
26108,2.40e-01,3.00e-01,
26109,2.40e-01,3.00e-01,
26110,2.32e-01,7.00e-01,
26111,2.40e-01,7.00e-01,
26112,2.40e-01,3.00e-01,
26113,2.40e-01,3.00e-01,
26114,2.32e-01,7.00e-01,
26115,2.48e-01,7.00e-01,
26116,2.32e-01,3.00e-01,
26117,2.40e-01,3.00e-01,
26118,2.32e-01,7.00e-01,
26119,2.40e-01,3.00e-01,
26120,2.40e-01,3.00e-01,
26121,2.40e-01,3.00e-01,
26122,2.40e-01,7.00e-01,
26123,2.48e-01,3.00e-01,
26124,2.40e-01,3.00e-01,
26125,2.40e-01,3.00e-01,
26126,2.40e-01,7.00e-01,
26127,2.48e-01,3.00e-01,
26128,2.40e-01,3.00e-01,
26129,2.40e-01,3.00e-01,
26130,2.40e-01,7.00e-01,
26131,2.48e-01,3.00e-01,
26132,2.40e-01,3.00e-01,
26133,2.40e-01,3.00e-01,
26134,2.40e-01,7.00e-01,
26135,2.48e-01,3.00e-01,
26136,2.40e-01,3.00e-01,
26137,2.40e-01,3.00e-01,
26138,2.40e-01,7.00e-01,
26139,2.48e-01,3.00e-01,
26140,2.40e-01,3.00e-01,
26141,2.40e-01,3.00e-01,
26142,2.40e-01,7.00e-01,
26143,2.48e-01,3.00e-01,
26144,2.40e-01,3.00e-01,
26145,2.40e-01,3.00e-01,
26146,2.32e-01,7.00e-01,
26147,2.48e-01,3.00e-01,
26148,2.40e-01,3.00e-01,
26149,2.40e-01,3.00e-01,
26150,2.40e-01,7.00e-01,
26151,2.48e-01,3.00e-01,
26152,2.40e-01,3.00e-01,
26153,2.40e-01,3.00e-01,
26154,2.40e-01,7.00e-01,
26155,2.48e-01,3.00e-01,
26156,2.40e-01,3.00e-01,
26157,2.40e-01,3.00e-01,
26158,2.40e-01,7.00e-01,
26159,2.48e-01,3.00e-01,
26160,2.40e-01,3.00e-01,
26161,2.40e-01,3.00e-01,
26162,2.40e-01,7.00e-01,
26163,2.48e-01,7.00e-01,
26164,2.40e-01,3.00e-01,
26165,2.48e-01,3.00e-01,
26166,2.40e-01,7.00e-01,
26167,2.48e-01,3.00e-01,
26168,2.40e-01,3.00e-01,
26169,2.40e-01,3.00e-01,
26170,2.40e-01,7.00e-01,
26171,2.48e-01,7.00e-01,
26172,2.40e-01,3.00e-01,
26173,2.48e-01,3.00e-01,
26174,2.40e-01,7.00e-01,
26175,2.48e-01,3.00e-01,
26176,2.40e-01,3.00e-01,
26177,2.40e-01,3.00e-01,
26178,2.40e-01,7.00e-01,
26179,2.48e-01,3.00e-01,
26180,2.40e-01,3.00e-01,
26181,2.48e-01,7.00e-01,
26182,2.40e-01,7.00e-01,
26183,2.48e-01,3.00e-01,
26184,2.40e-01,3.00e-01,
26185,2.40e-01,7.00e-01,
26186,2.40e-01,7.00e-01,
26187,2.48e-01,3.00e-01,
26188,2.40e-01,3.00e-01,
26189,2.48e-01,3.00e-01,
26190,2.40e-01,7.00e-01,
26191,2.48e-01,7.00e-01,
26192,2.40e-01,3.00e-01,
26193,2.40e-01,3.00e-01,
26194,2.40e-01,7.00e-01,
26195,2.48e-01,7.00e-01,
26196,2.40e-01,3.00e-01,
26197,2.48e-01,3.00e-01,
26198,2.40e-01,7.00e-01,
26199,2.48e-01,3.00e-01,
26200,2.40e-01,3.00e-01,
26201,2.48e-01,3.00e-01,
26202,2.40e-01,7.00e-01,
26203,2.48e-01,7.00e-01,
26204,2.40e-01,3.00e-01,
26205,2.48e-01,3.00e-01,
26206,2.40e-01,7.00e-01,
26207,2.48e-01,3.00e-01,
26208,2.40e-01,3.00e-01,
26209,2.48e-01,3.00e-01,
26210,2.40e-01,7.00e-01,
26211,2.48e-01,7.00e-01,
26212,2.48e-01,3.00e-01,
26213,2.48e-01,7.00e-01,
26214,2.48e-01,7.00e-01,
26215,2.56e-01,3.00e-01,
26216,2.48e-01,3.00e-01,
26217,2.48e-01,3.00e-01,
26218,2.48e-01,7.00e-01,
26219,2.48e-01,7.00e-01,
26220,2.40e-01,3.00e-01,
26221,2.48e-01,3.00e-01,
26222,2.48e-01,7.00e-01,
26223,2.56e-01,7.00e-01,
26224,2.48e-01,3.00e-01,
26225,2.48e-01,3.00e-01,
26226,2.40e-01,7.00e-01,
26227,2.56e-01,3.00e-01,
26228,2.48e-01,3.00e-01,
26229,2.48e-01,7.00e-01,
26230,2.48e-01,7.00e-01,
26231,2.56e-01,3.00e-01,
26232,2.48e-01,3.00e-01,
26233,2.48e-01,3.00e-01,
26234,2.48e-01,7.00e-01,
26235,2.56e-01,3.00e-01,
26236,2.48e-01,3.00e-01,
26237,2.48e-01,3.00e-01,
26238,2.48e-01,7.00e-01,
26239,2.56e-01,3.00e-01,
26240,2.48e-01,3.00e-01,
26241,2.48e-01,3.00e-01,
26242,2.48e-01,7.00e-01,
26243,2.56e-01,7.00e-01,
26244,2.48e-01,3.00e-01,
26245,2.48e-01,3.00e-01,
26246,2.48e-01,7.00e-01,
26247,2.56e-01,7.00e-01,
26248,2.48e-01,-1.00e-01,
26249,2.48e-01,7.00e-01,
26250,2.48e-01,3.00e-01,
26251,2.56e-01,7.00e-01,
26252,2.48e-01,3.00e-01,
26253,2.56e-01,3.00e-01,
26254,2.48e-01,7.00e-01,
26255,2.56e-01,3.00e-01,
26256,2.48e-01,3.00e-01,
26257,2.48e-01,7.00e-01,
26258,2.48e-01,7.00e-01,
26259,2.56e-01,7.00e-01,
26260,2.48e-01,3.00e-01,
26261,2.48e-01,3.00e-01,
26262,2.48e-01,7.00e-01,
26263,2.56e-01,7.00e-01,
26264,2.48e-01,3.00e-01,
26265,2.48e-01,3.00e-01,
26266,2.48e-01,7.00e-01,
26267,2.56e-01,3.00e-01,
26268,2.48e-01,3.00e-01,
26269,2.48e-01,3.00e-01,
26270,2.48e-01,7.00e-01,
26271,2.56e-01,3.00e-01,
26272,2.48e-01,3.00e-01,
26273,2.48e-01,3.00e-01,
26274,2.48e-01,7.00e-01,
26275,2.56e-01,7.00e-01,
26276,2.48e-01,3.00e-01,
26277,2.48e-01,3.00e-01,
26278,2.48e-01,7.00e-01,
26279,2.56e-01,3.00e-01,
26280,2.48e-01,3.00e-01,
26281,2.48e-01,7.00e-01,
26282,2.48e-01,7.00e-01,
26283,2.56e-01,7.00e-01,
26284,2.48e-01,3.00e-01,
26285,2.48e-01,3.00e-01,
26286,2.48e-01,7.00e-01,
26287,2.56e-01,7.00e-01,
26288,2.48e-01,3.00e-01,
26289,2.56e-01,7.00e-01,
26290,2.48e-01,7.00e-01,
26291,2.64e-01,7.00e-01,
26292,2.48e-01,3.00e-01,
26293,2.56e-01,3.00e-01,
26294,2.48e-01,7.00e-01,
26295,2.56e-01,3.00e-01,
26296,2.48e-01,3.00e-01,
26297,2.56e-01,7.00e-01,
26298,2.48e-01,7.00e-01,
26299,2.56e-01,7.00e-01,
26300,2.56e-01,3.00e-01,
26301,2.56e-01,3.00e-01,
26302,2.48e-01,7.00e-01,
26303,2.56e-01,7.00e-01,
26304,2.56e-01,3.00e-01,
26305,2.56e-01,3.00e-01,
26306,2.48e-01,7.00e-01,
26307,2.56e-01,7.00e-01,
26308,2.48e-01,3.00e-01,
26309,2.56e-01,7.00e-01,
26310,2.56e-01,7.00e-01,
26311,2.64e-01,3.00e-01,
26312,2.56e-01,3.00e-01,
26313,2.56e-01,3.00e-01,
26314,2.48e-01,7.00e-01,
26315,2.64e-01,3.00e-01,
26316,2.56e-01,3.00e-01,
26317,2.56e-01,3.00e-01,
26318,2.48e-01,7.00e-01,
26319,2.56e-01,3.00e-01,
26320,2.48e-01,3.00e-01,
26321,2.56e-01,3.00e-01,
26322,2.48e-01,7.00e-01,
26323,2.64e-01,7.00e-01,
26324,2.56e-01,3.00e-01,
26325,2.56e-01,7.00e-01,
26326,2.56e-01,7.00e-01,
26327,2.64e-01,3.00e-01,
26328,2.56e-01,3.00e-01,
26329,2.56e-01,3.00e-01,
26330,2.48e-01,7.00e-01,
26331,2.64e-01,3.00e-01,
26332,2.56e-01,3.00e-01,
26333,2.56e-01,3.00e-01,
26334,2.56e-01,7.00e-01,
26335,2.64e-01,3.00e-01,
26336,2.56e-01,3.00e-01,
26337,2.56e-01,3.00e-01,
26338,2.56e-01,7.00e-01,
26339,2.64e-01,7.00e-01,
26340,2.56e-01,3.00e-01,
26341,2.56e-01,3.00e-01,
26342,2.56e-01,7.00e-01,
26343,2.64e-01,3.00e-01,
26344,2.56e-01,3.00e-01,
26345,2.56e-01,7.00e-01,
26346,2.56e-01,7.00e-01,
26347,2.64e-01,7.00e-01,
26348,2.56e-01,3.00e-01,
26349,2.56e-01,7.00e-01,
26350,2.56e-01,7.00e-01,
26351,2.64e-01,3.00e-01,
26352,2.56e-01,3.00e-01,
26353,2.56e-01,3.00e-01,
26354,2.56e-01,7.00e-01,
26355,2.64e-01,7.00e-01,
26356,2.56e-01,3.00e-01,
26357,2.56e-01,3.00e-01,
26358,2.56e-01,7.00e-01,
26359,2.64e-01,7.00e-01,
26360,2.56e-01,3.00e-01,
26361,2.56e-01,7.00e-01,
26362,2.56e-01,7.00e-01,
26363,2.64e-01,7.00e-01,
26364,2.56e-01,3.00e-01,
26365,2.64e-01,3.00e-01,
26366,2.56e-01,7.00e-01,
26367,2.64e-01,3.00e-01,
26368,2.56e-01,3.00e-01,
26369,2.64e-01,7.00e-01,
26370,2.56e-01,7.00e-01,
26371,2.64e-01,7.00e-01,
26372,2.56e-01,3.00e-01,
26373,2.64e-01,7.00e-01,
26374,2.56e-01,7.00e-01,
26375,2.64e-01,3.00e-01,
26376,2.56e-01,3.00e-01,
26377,2.64e-01,3.00e-01,
26378,2.56e-01,7.00e-01,
26379,2.64e-01,7.00e-01,
26380,2.56e-01,3.00e-01,
26381,2.56e-01,7.00e-01,
26382,2.56e-01,7.00e-01,
26383,2.64e-01,7.00e-01,
26384,2.56e-01,3.00e-01,
26385,2.64e-01,3.00e-01,
26386,2.56e-01,7.00e-01,
26387,2.64e-01,7.00e-01,
26388,2.56e-01,3.00e-01,
26389,2.64e-01,3.00e-01,
26390,2.56e-01,7.00e-01,
26391,2.64e-01,3.00e-01,
26392,2.56e-01,3.00e-01,
26393,2.64e-01,7.00e-01,
26394,2.56e-01,7.00e-01,
26395,2.64e-01,7.00e-01,
26396,2.56e-01,3.00e-01,
26397,2.64e-01,3.00e-01,
26398,2.56e-01,7.00e-01,
26399,2.64e-01,7.00e-01,
26400,2.56e-01,3.00e-01,
26401,2.64e-01,7.00e-01,
26402,2.56e-01,7.00e-01,
26403,2.64e-01,7.00e-01,
26404,2.64e-01,3.00e-01,
26405,2.64e-01,7.00e-01,
26406,2.56e-01,7.00e-01,
26407,2.64e-01,7.00e-01,
26408,2.64e-01,3.00e-01,
26409,2.64e-01,3.00e-01,
26410,2.56e-01,7.00e-01,
26411,2.72e-01,7.00e-01,
26412,2.64e-01,3.00e-01,
26413,2.64e-01,7.00e-01,
26414,2.64e-01,7.00e-01,
26415,2.72e-01,7.00e-01,
26416,2.64e-01,3.00e-01,
26417,2.64e-01,3.00e-01,
26418,2.64e-01,7.00e-01,
26419,2.72e-01,7.00e-01,
26420,2.64e-01,3.00e-01,
26421,2.64e-01,3.00e-01,
26422,2.64e-01,7.00e-01,
26423,2.72e-01,7.00e-01,
26424,2.64e-01,3.00e-01,
26425,2.64e-01,7.00e-01,
26426,2.56e-01,7.00e-01,
26427,2.72e-01,3.00e-01,
26428,2.64e-01,3.00e-01,
26429,2.64e-01,7.00e-01,
26430,2.64e-01,7.00e-01,
26431,2.72e-01,7.00e-01,
26432,2.64e-01,3.00e-01,
26433,2.64e-01,7.00e-01,
26434,2.56e-01,7.00e-01,
26435,2.72e-01,7.00e-01,
26436,2.64e-01,3.00e-01,
26437,2.64e-01,3.00e-01,
26438,2.56e-01,7.00e-01,
26439,2.72e-01,3.00e-01,
26440,2.64e-01,3.00e-01,
26441,2.64e-01,7.00e-01,
26442,2.64e-01,7.00e-01,
26443,2.72e-01,7.00e-01,
26444,2.64e-01,3.00e-01,
26445,2.64e-01,3.00e-01,
26446,2.64e-01,7.00e-01,
26447,2.72e-01,7.00e-01,
26448,2.64e-01,-1.00e-01,
26449,2.64e-01,7.00e-01,
26450,2.64e-01,3.00e-01,
26451,2.72e-01,7.00e-01,
26452,2.64e-01,3.00e-01,
26453,2.64e-01,3.00e-01,
26454,2.64e-01,7.00e-01,
26455,2.72e-01,3.00e-01,
26456,2.64e-01,3.00e-01,
26457,2.64e-01,3.00e-01,
26458,2.64e-01,7.00e-01,
26459,2.72e-01,7.00e-01,
26460,2.64e-01,3.00e-01,
26461,2.64e-01,3.00e-01,
26462,2.64e-01,7.00e-01,
26463,2.72e-01,7.00e-01,
26464,2.64e-01,3.00e-01,
26465,2.64e-01,3.00e-01,
26466,2.64e-01,7.00e-01,
26467,2.72e-01,7.00e-01,
26468,2.64e-01,3.00e-01,
26469,2.72e-01,7.00e-01,
26470,2.64e-01,7.00e-01,
26471,2.72e-01,7.00e-01,
26472,2.64e-01,3.00e-01,
26473,2.72e-01,7.00e-01,
26474,2.64e-01,7.00e-01,
26475,2.72e-01,7.00e-01,
26476,2.64e-01,3.00e-01,
26477,2.72e-01,3.00e-01,
26478,2.64e-01,7.00e-01,
26479,2.72e-01,3.00e-01,
26480,2.64e-01,3.00e-01,
26481,2.64e-01,3.00e-01,
26482,2.64e-01,7.00e-01,
26483,2.72e-01,7.00e-01,
26484,2.64e-01,3.00e-01,
26485,2.72e-01,7.00e-01,
26486,2.64e-01,7.00e-01,
26487,2.72e-01,3.00e-01,
26488,2.64e-01,3.00e-01,
26489,2.72e-01,7.00e-01,
26490,2.64e-01,7.00e-01,
26491,2.72e-01,7.00e-01,
26492,2.64e-01,3.00e-01,
26493,2.72e-01,7.00e-01,
26494,2.64e-01,3.00e-01,
26495,2.72e-01,3.00e-01,
26496,2.64e-01,3.00e-01,
26497,2.72e-01,7.00e-01,
26498,2.64e-01,7.00e-01,
26499,2.80e-01,7.00e-01,
26500,2.64e-01,3.00e-01,
26501,2.72e-01,7.00e-01,
26502,2.64e-01,7.00e-01,
26503,2.80e-01,7.00e-01,
26504,2.64e-01,3.00e-01,
26505,2.72e-01,3.00e-01,
26506,2.64e-01,7.00e-01,
26507,2.80e-01,3.00e-01,
26508,2.64e-01,3.00e-01,
26509,2.72e-01,7.00e-01,
26510,2.64e-01,7.00e-01,
26511,2.80e-01,7.00e-01,
26512,2.72e-01,3.00e-01,
26513,2.72e-01,7.00e-01,
26514,2.72e-01,3.00e-01,
26515,2.80e-01,7.00e-01,
26516,2.64e-01,3.00e-01,
26517,2.72e-01,3.00e-01,
26518,2.64e-01,7.00e-01,
26519,2.80e-01,7.00e-01,
26520,2.72e-01,3.00e-01,
26521,2.72e-01,7.00e-01,
26522,2.64e-01,7.00e-01,
26523,2.80e-01,7.00e-01,
26524,2.72e-01,3.00e-01,
26525,2.72e-01,3.00e-01,
26526,2.72e-01,7.00e-01,
26527,2.80e-01,3.00e-01,
26528,2.72e-01,3.00e-01,
26529,2.72e-01,7.00e-01,
26530,2.64e-01,7.00e-01,
26531,2.80e-01,7.00e-01,
26532,2.72e-01,3.00e-01,
26533,2.72e-01,7.00e-01,
26534,2.72e-01,7.00e-01,
26535,2.80e-01,3.00e-01,
26536,2.72e-01,3.00e-01,
26537,2.72e-01,3.00e-01,
26538,2.72e-01,7.00e-01,
26539,2.80e-01,7.00e-01,
26540,2.72e-01,3.00e-01,
26541,2.72e-01,7.00e-01,
26542,2.72e-01,7.00e-01,
26543,2.80e-01,3.00e-01,
26544,2.72e-01,3.00e-01,
26545,2.72e-01,3.00e-01,
26546,2.72e-01,7.00e-01,
26547,2.80e-01,7.00e-01,
26548,2.72e-01,3.00e-01,
26549,2.72e-01,7.00e-01,
26550,2.72e-01,7.00e-01,
26551,2.80e-01,7.00e-01,
26552,2.72e-01,3.00e-01,
26553,2.72e-01,7.00e-01,
26554,2.72e-01,7.00e-01,
26555,2.80e-01,3.00e-01,
26556,2.72e-01,3.00e-01,
26557,2.72e-01,3.00e-01,
26558,2.72e-01,7.00e-01,
26559,2.80e-01,7.00e-01,
26560,2.72e-01,3.00e-01,
26561,2.72e-01,7.00e-01,
26562,2.72e-01,7.00e-01,
26563,2.80e-01,7.00e-01,
26564,2.72e-01,3.00e-01,
26565,2.72e-01,3.00e-01,
26566,2.72e-01,7.00e-01,
26567,2.80e-01,3.00e-01,
26568,2.72e-01,3.00e-01,
26569,2.72e-01,3.00e-01,
26570,2.72e-01,7.00e-01,
26571,2.80e-01,7.00e-01,
26572,2.72e-01,3.00e-01,
26573,2.72e-01,3.00e-01,
26574,2.72e-01,7.00e-01,
26575,2.80e-01,3.00e-01,
26576,2.72e-01,3.00e-01,
26577,2.80e-01,3.00e-01,
26578,2.72e-01,7.00e-01,
26579,2.80e-01,7.00e-01,
26580,2.72e-01,3.00e-01,
26581,2.80e-01,7.00e-01,
26582,2.72e-01,7.00e-01,
26583,2.80e-01,3.00e-01,
26584,2.72e-01,3.00e-01,
26585,2.72e-01,3.00e-01,
26586,2.72e-01,7.00e-01,
26587,2.80e-01,3.00e-01,
26588,2.72e-01,3.00e-01,
26589,2.80e-01,7.00e-01,
26590,2.72e-01,7.00e-01,
26591,2.80e-01,7.00e-01,
26592,2.72e-01,3.00e-01,
26593,2.80e-01,7.00e-01,
26594,2.72e-01,7.00e-01,
26595,2.80e-01,3.00e-01,
26596,2.72e-01,3.00e-01,
26597,2.80e-01,3.00e-01,
26598,2.72e-01,7.00e-01,
26599,2.88e-01,7.00e-01,
26600,2.72e-01,3.00e-01,
26601,2.80e-01,7.00e-01,
26602,2.72e-01,7.00e-01,
26603,2.88e-01,7.00e-01,
26604,2.72e-01,3.00e-01,
26605,2.80e-01,3.00e-01,
26606,2.72e-01,7.00e-01,
26607,2.88e-01,7.00e-01,
26608,2.80e-01,3.00e-01,
26609,2.80e-01,7.00e-01,
26610,2.72e-01,7.00e-01,
26611,2.80e-01,7.00e-01,
26612,2.72e-01,3.00e-01,
26613,2.80e-01,7.00e-01,
26614,2.72e-01,7.00e-01,
26615,2.88e-01,7.00e-01,
26616,2.80e-01,3.00e-01,
26617,2.80e-01,3.00e-01,
26618,2.72e-01,7.00e-01,
26619,2.88e-01,7.00e-01,
26620,2.80e-01,3.00e-01,
26621,2.80e-01,7.00e-01,
26622,2.80e-01,7.00e-01,
26623,2.80e-01,7.00e-01,
26624,2.80e-01,3.00e-01,
26625,2.80e-01,3.00e-01,
26626,2.72e-01,7.00e-01,
26627,2.88e-01,7.00e-01,
26628,2.80e-01,3.00e-01,
26629,2.80e-01,7.00e-01,
26630,2.80e-01,7.00e-01,
26631,2.80e-01,7.00e-01,
26632,2.80e-01,3.00e-01,
26633,2.80e-01,7.00e-01,
26634,2.80e-01,7.00e-01,
26635,2.88e-01,7.00e-01,
26636,2.80e-01,3.00e-01,
26637,2.80e-01,3.00e-01,
26638,2.80e-01,7.00e-01,
26639,2.88e-01,7.00e-01,
26640,2.80e-01,3.00e-01,
26641,2.80e-01,7.00e-01,
26642,2.80e-01,7.00e-01,
26643,2.88e-01,7.00e-01,
26644,2.80e-01,3.00e-01,
26645,2.88e-01,3.00e-01,
26646,2.80e-01,7.00e-01,
26647,2.88e-01,7.00e-01,
26648,2.80e-01,-1.00e-01,
26649,2.80e-01,7.00e-01,
26650,2.80e-01,3.00e-01,
26651,2.88e-01,7.00e-01,
26652,2.80e-01,3.00e-01,
26653,2.80e-01,3.00e-01,
26654,2.80e-01,7.00e-01,
26655,2.88e-01,7.00e-01,
26656,2.80e-01,3.00e-01,
26657,2.80e-01,7.00e-01,
26658,2.80e-01,7.00e-01,
26659,2.88e-01,7.00e-01,
26660,2.80e-01,3.00e-01,
26661,2.80e-01,7.00e-01,
26662,2.80e-01,7.00e-01,
26663,2.88e-01,7.00e-01,
26664,2.80e-01,3.00e-01,
26665,2.88e-01,3.00e-01,
26666,2.80e-01,7.00e-01,
26667,2.88e-01,3.00e-01,
26668,2.80e-01,3.00e-01,
26669,2.88e-01,3.00e-01,
26670,2.80e-01,7.00e-01,
26671,2.88e-01,7.00e-01,
26672,2.80e-01,3.00e-01,
26673,2.88e-01,7.00e-01,
26674,2.80e-01,7.00e-01,
26675,2.88e-01,7.00e-01,
26676,2.80e-01,3.00e-01,
26677,2.80e-01,3.00e-01,
26678,2.80e-01,7.00e-01,
26679,2.88e-01,7.00e-01,
26680,2.80e-01,3.00e-01,
26681,2.88e-01,7.00e-01,
26682,2.80e-01,7.00e-01,
26683,2.88e-01,7.00e-01,
26684,2.80e-01,3.00e-01,
26685,2.80e-01,7.00e-01,
26686,2.80e-01,7.00e-01,
26687,2.88e-01,7.00e-01,
26688,2.80e-01,3.00e-01,
26689,2.88e-01,7.00e-01,
26690,2.80e-01,7.00e-01,
26691,2.88e-01,7.00e-01,
26692,2.88e-01,3.00e-01,
26693,2.88e-01,7.00e-01,
26694,2.80e-01,7.00e-01,
26695,2.96e-01,7.00e-01,
26696,2.80e-01,3.00e-01,
26697,2.88e-01,7.00e-01,
26698,2.80e-01,7.00e-01,
26699,2.88e-01,7.00e-01,
26700,2.88e-01,3.00e-01,
26701,2.88e-01,7.00e-01,
26702,2.80e-01,7.00e-01,
26703,2.88e-01,7.00e-01,
26704,2.80e-01,3.00e-01,
26705,2.88e-01,7.00e-01,
26706,2.80e-01,7.00e-01,
26707,2.96e-01,7.00e-01,
26708,2.80e-01,3.00e-01,
26709,2.88e-01,3.00e-01,
26710,2.88e-01,7.00e-01,
26711,2.88e-01,7.00e-01,
26712,2.88e-01,3.00e-01,
26713,2.88e-01,7.00e-01,
26714,2.88e-01,7.00e-01,
26715,2.96e-01,7.00e-01,
26716,2.80e-01,3.00e-01,
26717,2.88e-01,7.00e-01,
26718,2.80e-01,7.00e-01,
26719,2.96e-01,7.00e-01,
26720,2.88e-01,3.00e-01,
26721,2.88e-01,7.00e-01,
26722,2.88e-01,7.00e-01,
26723,2.96e-01,7.00e-01,
26724,2.88e-01,3.00e-01,
26725,2.88e-01,7.00e-01,
26726,2.88e-01,7.00e-01,
26727,2.96e-01,7.00e-01,
26728,2.88e-01,3.00e-01,
26729,2.88e-01,7.00e-01,
26730,2.88e-01,7.00e-01,
26731,2.96e-01,7.00e-01,
26732,2.88e-01,3.00e-01,
26733,2.88e-01,7.00e-01,
26734,2.88e-01,7.00e-01,
26735,2.96e-01,7.00e-01,
26736,2.88e-01,3.00e-01,
26737,2.88e-01,7.00e-01,
26738,2.88e-01,7.00e-01,
26739,2.96e-01,7.00e-01,
26740,2.88e-01,3.00e-01,
26741,2.88e-01,7.00e-01,
26742,2.88e-01,7.00e-01,
26743,2.96e-01,7.00e-01,
26744,2.88e-01,3.00e-01,
26745,2.88e-01,7.00e-01,
26746,2.88e-01,7.00e-01,
26747,2.96e-01,7.00e-01,
26748,2.88e-01,3.00e-01,
26749,2.96e-01,7.00e-01,
26750,2.88e-01,7.00e-01,
26751,2.96e-01,7.00e-01,
26752,2.88e-01,3.00e-01,
26753,2.88e-01,3.00e-01,
26754,2.88e-01,7.00e-01,
26755,2.96e-01,7.00e-01,
26756,2.88e-01,3.00e-01,
26757,2.88e-01,7.00e-01,
26758,2.88e-01,7.00e-01,
26759,2.96e-01,7.00e-01,
26760,2.88e-01,3.00e-01,
26761,2.88e-01,7.00e-01,
26762,2.88e-01,7.00e-01,
26763,2.96e-01,7.00e-01,
26764,2.88e-01,3.00e-01,
26765,2.88e-01,7.00e-01,
26766,2.88e-01,7.00e-01,
26767,2.96e-01,7.00e-01,
26768,2.88e-01,3.00e-01,
26769,2.88e-01,7.00e-01,
26770,2.88e-01,7.00e-01,
26771,2.96e-01,7.00e-01,
26772,2.88e-01,3.00e-01,
26773,2.88e-01,7.00e-01,
26774,2.88e-01,7.00e-01,
26775,2.96e-01,7.00e-01,
26776,2.88e-01,3.00e-01,
26777,2.96e-01,3.00e-01,
26778,2.88e-01,7.00e-01,
26779,2.96e-01,7.00e-01,
26780,2.88e-01,3.00e-01,
26781,2.96e-01,7.00e-01,
26782,2.88e-01,7.00e-01,
26783,2.96e-01,7.00e-01,
26784,2.88e-01,3.00e-01,
26785,2.96e-01,7.00e-01,
26786,2.88e-01,7.00e-01,
26787,2.96e-01,7.00e-01,
26788,2.88e-01,3.00e-01,
26789,2.88e-01,7.00e-01,
26790,2.88e-01,7.00e-01,
26791,2.96e-01,7.00e-01,
26792,2.96e-01,3.00e-01,
26793,2.96e-01,7.00e-01,
26794,2.88e-01,7.00e-01,
26795,3.04e-01,7.00e-01,
26796,2.88e-01,3.00e-01,
26797,2.96e-01,3.00e-01,
26798,2.88e-01,7.00e-01,
26799,2.96e-01,7.00e-01,
26800,2.88e-01,3.00e-01,
26801,2.96e-01,7.00e-01,
26802,2.96e-01,7.00e-01,
26803,3.04e-01,7.00e-01,
26804,2.96e-01,3.00e-01,
26805,2.96e-01,7.00e-01,
26806,2.96e-01,7.00e-01,
26807,2.96e-01,7.00e-01,
26808,2.96e-01,3.00e-01,
26809,2.96e-01,7.00e-01,
26810,2.88e-01,7.00e-01,
26811,3.04e-01,7.00e-01,
26812,2.96e-01,3.00e-01,
26813,2.96e-01,7.00e-01,
26814,2.96e-01,7.00e-01,
26815,2.96e-01,3.00e-01,
26816,2.96e-01,3.00e-01,
26817,2.96e-01,7.00e-01,
26818,2.96e-01,7.00e-01,
26819,3.04e-01,7.00e-01,
26820,2.96e-01,3.00e-01,
26821,2.96e-01,7.00e-01,
26822,2.96e-01,7.00e-01,
26823,3.04e-01,3.00e-01,
26824,2.96e-01,3.00e-01,
26825,2.96e-01,7.00e-01,
26826,2.96e-01,7.00e-01,
26827,3.04e-01,7.00e-01,
26828,2.96e-01,3.00e-01,
26829,2.96e-01,7.00e-01,
26830,2.96e-01,7.00e-01,
26831,3.04e-01,7.00e-01,
26832,2.96e-01,3.00e-01,
26833,2.96e-01,7.00e-01,
26834,2.96e-01,7.00e-01,
26835,3.04e-01,7.00e-01,
26836,2.96e-01,3.00e-01,
26837,2.96e-01,3.00e-01,
26838,2.96e-01,7.00e-01,
26839,3.04e-01,7.00e-01,
26840,2.96e-01,3.00e-01,
26841,2.96e-01,7.00e-01,
26842,2.96e-01,7.00e-01,
26843,3.04e-01,7.00e-01,
26844,2.96e-01,3.00e-01,
26845,3.04e-01,3.00e-01,
26846,2.96e-01,7.00e-01,
26847,3.04e-01,7.00e-01,
26848,3.04e-01,3.00e-01,
26849,2.96e-01,7.00e-01,
26850,2.96e-01,3.00e-01,
26851,3.04e-01,7.00e-01,
26852,2.96e-01,3.00e-01,
26853,2.96e-01,3.00e-01,
26854,2.96e-01,7.00e-01,
26855,3.04e-01,7.00e-01,
26856,2.96e-01,3.00e-01,
26857,2.96e-01,7.00e-01,
26858,2.96e-01,7.00e-01,
26859,3.04e-01,7.00e-01,
26860,2.96e-01,3.00e-01,
26861,2.96e-01,7.00e-01,
26862,2.96e-01,7.00e-01,
26863,3.04e-01,7.00e-01,
26864,2.96e-01,3.00e-01,
26865,3.04e-01,7.00e-01,
26866,2.96e-01,7.00e-01,
26867,3.04e-01,7.00e-01,
26868,2.96e-01,3.00e-01,
26869,3.04e-01,7.00e-01,
26870,2.96e-01,7.00e-01,
26871,3.04e-01,7.00e-01,
26872,2.96e-01,3.00e-01,
26873,2.96e-01,7.00e-01,
26874,2.96e-01,7.00e-01,
26875,3.04e-01,7.00e-01,
26876,2.96e-01,3.00e-01,
26877,3.04e-01,7.00e-01,
26878,2.96e-01,7.00e-01,
26879,3.04e-01,7.00e-01,
26880,2.96e-01,3.00e-01,
26881,3.04e-01,7.00e-01,
26882,2.96e-01,7.00e-01,
26883,3.04e-01,7.00e-01,
26884,2.96e-01,3.00e-01,
26885,3.04e-01,7.00e-01,
26886,2.96e-01,7.00e-01,
26887,3.04e-01,7.00e-01,
26888,2.96e-01,3.00e-01,
26889,3.04e-01,7.00e-01,
26890,2.96e-01,7.00e-01,
26891,3.04e-01,7.00e-01,
26892,2.96e-01,3.00e-01,
26893,3.04e-01,7.00e-01,
26894,2.96e-01,7.00e-01,
26895,3.04e-01,7.00e-01,
26896,2.96e-01,3.00e-01,
26897,3.04e-01,7.00e-01,
26898,2.96e-01,7.00e-01,
26899,3.04e-01,7.00e-01,
26900,2.96e-01,3.00e-01,
26901,3.04e-01,7.00e-01,
26902,2.96e-01,7.00e-01,
26903,3.04e-01,7.00e-01,
26904,3.04e-01,3.00e-01,
26905,3.04e-01,7.00e-01,
26906,2.96e-01,7.00e-01,
26907,3.12e-01,7.00e-01,
26908,3.04e-01,3.00e-01,
26909,3.04e-01,7.00e-01,
26910,2.96e-01,7.00e-01,
26911,3.04e-01,7.00e-01,
26912,3.04e-01,3.00e-01,
26913,3.04e-01,7.00e-01,
26914,2.96e-01,7.00e-01,
26915,3.12e-01,7.00e-01,
26916,2.96e-01,3.00e-01,
26917,3.04e-01,3.00e-01,
26918,3.04e-01,7.00e-01,
26919,3.12e-01,7.00e-01,
26920,3.04e-01,3.00e-01,
26921,3.04e-01,7.00e-01,
26922,3.04e-01,7.00e-01,
26923,3.12e-01,7.00e-01,
26924,3.04e-01,3.00e-01,
26925,3.04e-01,3.00e-01,
26926,3.04e-01,7.00e-01,
26927,3.12e-01,7.00e-01,
26928,3.04e-01,3.00e-01,
26929,3.04e-01,7.00e-01,
26930,3.04e-01,7.00e-01,
26931,3.12e-01,7.00e-01,
26932,3.04e-01,3.00e-01,
26933,3.04e-01,7.00e-01,
26934,3.04e-01,7.00e-01,
26935,3.12e-01,7.00e-01,
26936,3.04e-01,3.00e-01,
26937,3.04e-01,7.00e-01,
26938,3.04e-01,7.00e-01,
26939,3.12e-01,7.00e-01,
26940,3.04e-01,3.00e-01,
26941,3.04e-01,7.00e-01,
26942,3.04e-01,7.00e-01,
26943,3.12e-01,7.00e-01,
26944,3.04e-01,3.00e-01,
26945,3.04e-01,3.00e-01,
26946,3.04e-01,7.00e-01,
26947,3.12e-01,7.00e-01,
26948,3.04e-01,3.00e-01,
26949,3.04e-01,7.00e-01,
26950,3.04e-01,7.00e-01,
26951,3.12e-01,7.00e-01,
26952,3.04e-01,3.00e-01,
26953,3.04e-01,7.00e-01,
26954,3.04e-01,7.00e-01,
26955,3.12e-01,7.00e-01,
26956,3.04e-01,3.00e-01,
26957,3.04e-01,7.00e-01,
26958,3.04e-01,7.00e-01,
26959,3.12e-01,7.00e-01,
26960,3.04e-01,3.00e-01,
26961,3.12e-01,7.00e-01,
26962,3.04e-01,7.00e-01,
26963,3.12e-01,7.00e-01,
26964,3.04e-01,3.00e-01,
26965,3.04e-01,7.00e-01,
26966,3.04e-01,7.00e-01,
26967,3.12e-01,7.00e-01,
26968,3.04e-01,3.00e-01,
26969,3.12e-01,7.00e-01,
26970,3.04e-01,7.00e-01,
26971,3.12e-01,7.00e-01,
26972,3.04e-01,3.00e-01,
26973,3.04e-01,7.00e-01,
26974,3.04e-01,7.00e-01,
26975,3.20e-01,7.00e-01,
26976,3.04e-01,3.00e-01,
26977,3.04e-01,3.00e-01,
26978,3.04e-01,7.00e-01,
26979,3.12e-01,7.00e-01,
26980,3.04e-01,3.00e-01,
26981,3.12e-01,7.00e-01,
26982,3.04e-01,7.00e-01,
26983,3.12e-01,7.00e-01,
26984,3.04e-01,3.00e-01,
26985,3.12e-01,7.00e-01,
26986,3.04e-01,7.00e-01,
26987,3.12e-01,7.00e-01,
26988,3.04e-01,7.00e-01,
26989,3.12e-01,7.00e-01,
26990,3.04e-01,7.00e-01,
26991,3.12e-01,7.00e-01,
26992,3.04e-01,3.00e-01,
26993,3.12e-01,7.00e-01,
26994,3.04e-01,7.00e-01,
26995,3.20e-01,7.00e-01,
26996,3.04e-01,3.00e-01,
26997,3.12e-01,3.00e-01,
26998,3.04e-01,7.00e-01,
26999,3.12e-01,7.00e-01,
27000,3.04e-01,3.00e-01,
27001,3.04e-01,7.00e-01,
27002,3.04e-01,7.00e-01,
27003,3.20e-01,7.00e-01,
27004,3.12e-01,3.00e-01,
27005,3.12e-01,7.00e-01,
27006,3.04e-01,7.00e-01,
27007,3.12e-01,7.00e-01,
27008,3.12e-01,3.00e-01,
27009,3.12e-01,7.00e-01,
27010,3.12e-01,7.00e-01,
27011,3.12e-01,7.00e-01,
27012,3.12e-01,3.00e-01,
27013,3.12e-01,7.00e-01,
27014,3.12e-01,7.00e-01,
27015,3.20e-01,7.00e-01,
27016,3.12e-01,3.00e-01,
27017,3.12e-01,7.00e-01,
27018,3.04e-01,7.00e-01,
27019,3.20e-01,7.00e-01,
27020,3.04e-01,3.00e-01,
27021,3.12e-01,7.00e-01,
27022,3.04e-01,7.00e-01,
27023,3.20e-01,7.00e-01,
27024,3.12e-01,3.00e-01,
27025,3.12e-01,7.00e-01,
27026,3.04e-01,7.00e-01,
27027,3.20e-01,7.00e-01,
27028,3.12e-01,3.00e-01,
27029,3.12e-01,7.00e-01,
27030,3.12e-01,7.00e-01,
27031,3.20e-01,7.00e-01,
27032,3.12e-01,3.00e-01,
27033,3.12e-01,7.00e-01,
27034,3.12e-01,7.00e-01,
27035,3.20e-01,7.00e-01,
27036,3.12e-01,3.00e-01,
27037,3.12e-01,3.00e-01,
27038,3.12e-01,7.00e-01,
27039,3.20e-01,7.00e-01,
27040,3.12e-01,3.00e-01,
27041,3.12e-01,7.00e-01,
27042,3.12e-01,7.00e-01,
27043,3.20e-01,7.00e-01,
27044,3.12e-01,7.00e-01,
27045,3.20e-01,3.00e-01,
27046,3.12e-01,7.00e-01,
27047,3.20e-01,7.00e-01,
27048,3.12e-01,3.00e-01,
27049,3.12e-01,7.00e-01,
27050,3.12e-01,7.00e-01,
27051,3.20e-01,7.00e-01,
27052,3.12e-01,7.00e-01,
27053,3.12e-01,7.00e-01,
27054,3.12e-01,7.00e-01,
27055,3.20e-01,7.00e-01,
27056,3.12e-01,7.00e-01,
27057,3.12e-01,7.00e-01,
27058,3.12e-01,7.00e-01,
27059,3.20e-01,7.00e-01,
27060,3.12e-01,3.00e-01,
27061,3.12e-01,7.00e-01,
27062,3.12e-01,7.00e-01,
27063,3.20e-01,7.00e-01,
27064,3.12e-01,3.00e-01,
27065,3.12e-01,7.00e-01,
27066,3.12e-01,7.00e-01,
27067,3.20e-01,7.00e-01,
27068,3.12e-01,3.00e-01,
27069,3.12e-01,7.00e-01,
27070,3.12e-01,7.00e-01,
27071,3.20e-01,7.00e-01,
27072,3.12e-01,3.00e-01,
27073,3.12e-01,7.00e-01,
27074,3.12e-01,7.00e-01,
27075,3.20e-01,7.00e-01,
27076,3.12e-01,3.00e-01,
27077,3.20e-01,7.00e-01,
27078,3.12e-01,7.00e-01,
27079,3.20e-01,7.00e-01,
27080,3.12e-01,3.00e-01,
27081,3.20e-01,7.00e-01,
27082,3.12e-01,7.00e-01,
27083,3.28e-01,7.00e-01,
27084,3.12e-01,3.00e-01,
27085,3.20e-01,7.00e-01,
27086,3.12e-01,7.00e-01,
27087,3.20e-01,7.00e-01,
27088,3.12e-01,3.00e-01,
27089,3.20e-01,7.00e-01,
27090,3.12e-01,7.00e-01,
27091,3.28e-01,7.00e-01,
27092,3.20e-01,3.00e-01,
27093,3.20e-01,7.00e-01,
27094,3.12e-01,7.00e-01,
27095,3.28e-01,7.00e-01,
27096,3.12e-01,3.00e-01,
27097,3.20e-01,7.00e-01,
27098,3.12e-01,7.00e-01,
27099,3.28e-01,7.00e-01,
27100,3.20e-01,3.00e-01,
27101,3.20e-01,7.00e-01,
27102,3.12e-01,7.00e-01,
27103,3.20e-01,7.00e-01,
27104,3.12e-01,3.00e-01,
27105,3.20e-01,7.00e-01,
27106,3.12e-01,7.00e-01,
27107,3.28e-01,7.00e-01,
27108,3.12e-01,7.00e-01,
27109,3.20e-01,7.00e-01,
27110,3.20e-01,7.00e-01,
27111,3.28e-01,7.00e-01,
27112,3.20e-01,3.00e-01,
27113,3.20e-01,7.00e-01,
27114,3.12e-01,7.00e-01,
27115,3.28e-01,7.00e-01,
27116,3.20e-01,7.00e-01,
27117,3.20e-01,7.00e-01,
27118,3.12e-01,7.00e-01,
27119,3.28e-01,7.00e-01,
27120,3.20e-01,3.00e-01,
27121,3.20e-01,7.00e-01,
27122,3.20e-01,7.00e-01,
27123,3.28e-01,7.00e-01,
27124,3.20e-01,3.00e-01,
27125,3.20e-01,7.00e-01,
27126,3.20e-01,7.00e-01,
27127,3.28e-01,7.00e-01,
27128,3.20e-01,3.00e-01,
27129,3.20e-01,7.00e-01,
27130,3.20e-01,7.00e-01,
27131,3.28e-01,7.00e-01,
27132,3.20e-01,3.00e-01,
27133,3.20e-01,7.00e-01,
27134,3.20e-01,7.00e-01,
27135,3.28e-01,7.00e-01,
27136,3.20e-01,3.00e-01,
27137,3.20e-01,7.00e-01,
27138,3.20e-01,7.00e-01,
27139,3.28e-01,7.00e-01,
27140,3.20e-01,3.00e-01,
27141,3.20e-01,7.00e-01,
27142,3.20e-01,7.00e-01,
27143,3.28e-01,7.00e-01,
27144,3.20e-01,3.00e-01,
27145,3.20e-01,7.00e-01,
27146,3.20e-01,7.00e-01,
27147,3.28e-01,7.00e-01,
27148,3.20e-01,7.00e-01,
27149,3.20e-01,7.00e-01,
27150,3.20e-01,7.00e-01,
27151,3.28e-01,7.00e-01,
27152,3.20e-01,3.00e-01,
27153,3.20e-01,7.00e-01,
27154,3.20e-01,7.00e-01,
27155,3.28e-01,7.00e-01,
27156,3.20e-01,3.00e-01,
27157,3.20e-01,7.00e-01,
27158,3.20e-01,7.00e-01,
27159,3.28e-01,7.00e-01,
27160,3.20e-01,3.00e-01,
27161,3.20e-01,7.00e-01,
27162,3.20e-01,7.00e-01,
27163,3.28e-01,7.00e-01,
27164,3.20e-01,3.00e-01,
27165,3.20e-01,7.00e-01,
27166,3.20e-01,7.00e-01,
27167,3.28e-01,7.00e-01,
27168,3.20e-01,3.00e-01,
27169,3.20e-01,7.00e-01,
27170,3.20e-01,7.00e-01,
27171,3.28e-01,7.00e-01,
27172,3.20e-01,3.00e-01,
27173,3.20e-01,7.00e-01,
27174,3.20e-01,7.00e-01,
27175,3.28e-01,7.00e-01,
27176,3.20e-01,7.00e-01,
27177,3.20e-01,7.00e-01,
27178,3.20e-01,7.00e-01,
27179,3.28e-01,7.00e-01,
27180,3.20e-01,3.00e-01,
27181,3.20e-01,7.00e-01,
27182,3.20e-01,7.00e-01,
27183,3.28e-01,7.00e-01,
27184,3.20e-01,3.00e-01,
27185,3.28e-01,7.00e-01,
27186,3.20e-01,7.00e-01,
27187,3.36e-01,7.00e-01,
27188,3.20e-01,3.00e-01,
27189,3.28e-01,7.00e-01,
27190,3.20e-01,7.00e-01,
27191,3.28e-01,7.00e-01,
27192,3.20e-01,3.00e-01,
27193,3.28e-01,7.00e-01,
27194,3.20e-01,7.00e-01,
27195,3.28e-01,7.00e-01,
27196,3.20e-01,3.00e-01,
27197,3.28e-01,7.00e-01,
27198,3.20e-01,7.00e-01,
27199,3.28e-01,7.00e-01,
27200,3.20e-01,3.00e-01,
27201,3.28e-01,7.00e-01,
27202,3.20e-01,7.00e-01,
27203,3.28e-01,7.00e-01,
27204,3.20e-01,3.00e-01,
27205,3.28e-01,7.00e-01,
27206,3.20e-01,7.00e-01,
27207,3.28e-01,7.00e-01,
27208,3.28e-01,3.00e-01,
27209,3.28e-01,7.00e-01,
27210,3.20e-01,7.00e-01,
27211,3.36e-01,7.00e-01,
27212,3.28e-01,3.00e-01,
27213,3.28e-01,7.00e-01,
27214,3.20e-01,7.00e-01,
27215,3.36e-01,7.00e-01,
27216,3.28e-01,3.00e-01,
27217,3.28e-01,7.00e-01,
27218,3.20e-01,7.00e-01,
27219,3.36e-01,7.00e-01,
27220,3.28e-01,3.00e-01,
27221,3.28e-01,7.00e-01,
27222,3.28e-01,7.00e-01,
27223,3.36e-01,7.00e-01,
27224,3.28e-01,3.00e-01,
27225,3.28e-01,7.00e-01,
27226,3.28e-01,7.00e-01,
27227,3.36e-01,7.00e-01,
27228,3.28e-01,3.00e-01,
27229,3.28e-01,7.00e-01,
27230,3.28e-01,7.00e-01,
27231,3.36e-01,7.00e-01,
27232,3.28e-01,3.00e-01,
27233,3.28e-01,7.00e-01,
27234,3.28e-01,7.00e-01,
27235,3.36e-01,7.00e-01,
27236,3.28e-01,7.00e-01,
27237,3.28e-01,7.00e-01,
27238,3.20e-01,1.10e+00,
27239,3.36e-01,7.00e-01,
27240,3.28e-01,3.00e-01,
27241,3.28e-01,7.00e-01,
27242,3.28e-01,7.00e-01,
27243,3.36e-01,7.00e-01,
27244,3.28e-01,7.00e-01,
27245,3.36e-01,3.00e-01,
27246,3.20e-01,7.00e-01,
27247,3.36e-01,7.00e-01,
27248,3.28e-01,3.00e-01,
27249,3.28e-01,1.10e+00,
27250,3.28e-01,3.00e-01,
27251,3.36e-01,7.00e-01,
27252,3.28e-01,7.00e-01,
27253,3.28e-01,7.00e-01,
27254,3.28e-01,7.00e-01,
27255,3.36e-01,7.00e-01,
27256,3.28e-01,7.00e-01,
27257,3.28e-01,7.00e-01,
27258,3.28e-01,7.00e-01,
27259,3.36e-01,7.00e-01,
27260,3.28e-01,3.00e-01,
27261,3.28e-01,7.00e-01,
27262,3.28e-01,7.00e-01,
27263,3.36e-01,7.00e-01,
27264,3.28e-01,3.00e-01,
27265,3.28e-01,7.00e-01,
27266,3.28e-01,7.00e-01,
27267,3.36e-01,7.00e-01,
27268,3.28e-01,3.00e-01,
27269,3.28e-01,7.00e-01,
27270,3.28e-01,7.00e-01,
27271,3.36e-01,7.00e-01,
27272,3.28e-01,3.00e-01,
27273,3.28e-01,7.00e-01,
27274,3.28e-01,7.00e-01,
27275,3.36e-01,7.00e-01,
27276,3.28e-01,3.00e-01,
27277,3.36e-01,7.00e-01,
27278,3.28e-01,7.00e-01,
27279,3.36e-01,7.00e-01,
27280,3.28e-01,3.00e-01,
27281,3.36e-01,7.00e-01,
27282,3.28e-01,7.00e-01,
27283,3.36e-01,7.00e-01,
27284,3.28e-01,3.00e-01,
27285,3.28e-01,7.00e-01,
27286,3.28e-01,7.00e-01,
27287,3.36e-01,7.00e-01,
27288,3.28e-01,3.00e-01,
27289,3.36e-01,7.00e-01,
27290,3.28e-01,7.00e-01,
27291,3.36e-01,7.00e-01,
27292,3.28e-01,7.00e-01,
27293,3.36e-01,7.00e-01,
27294,3.28e-01,7.00e-01,
27295,3.36e-01,7.00e-01,
27296,3.28e-01,3.00e-01,
27297,3.36e-01,7.00e-01,
27298,3.28e-01,7.00e-01,
27299,3.44e-01,7.00e-01,
27300,3.28e-01,3.00e-01,
27301,3.36e-01,7.00e-01,
27302,3.28e-01,7.00e-01,
27303,3.36e-01,7.00e-01,
27304,3.36e-01,3.00e-01,
27305,3.36e-01,7.00e-01,
27306,3.28e-01,7.00e-01,
27307,3.44e-01,7.00e-01,
27308,3.28e-01,7.00e-01,
27309,3.36e-01,7.00e-01,
27310,3.28e-01,7.00e-01,
27311,3.44e-01,7.00e-01,
27312,3.36e-01,3.00e-01,
27313,3.28e-01,7.00e-01,
27314,3.20e-01,7.00e-01,
27315,3.20e-01,7.00e-01,
27316,2.96e-01,3.00e-01,
27317,2.80e-01,3.00e-01,
27318,2.64e-01,7.00e-01,
27319,2.64e-01,7.00e-01,
27320,2.56e-01,3.00e-01,
27321,2.64e-01,7.00e-01,
27322,2.80e-01,7.00e-01,
27323,3.04e-01,7.00e-01,
27324,3.04e-01,3.00e-01,
27325,3.04e-01,7.00e-01,
27326,3.12e-01,7.00e-01,
27327,3.20e-01,7.00e-01,
27328,3.12e-01,3.00e-01,
27329,3.20e-01,7.00e-01,
27330,3.12e-01,7.00e-01,
27331,3.20e-01,7.00e-01,
27332,3.12e-01,3.00e-01,
27333,3.12e-01,7.00e-01,
27334,3.12e-01,7.00e-01,
27335,3.28e-01,7.00e-01,
27336,3.20e-01,7.00e-01,
27337,3.28e-01,7.00e-01,
27338,3.20e-01,7.00e-01,
27339,3.28e-01,7.00e-01,
27340,3.20e-01,3.00e-01,
27341,3.20e-01,7.00e-01,
27342,3.20e-01,7.00e-01,
27343,3.28e-01,7.00e-01,
27344,3.20e-01,3.00e-01,
27345,3.20e-01,7.00e-01,
27346,3.20e-01,7.00e-01,
27347,3.36e-01,7.00e-01,
27348,3.20e-01,3.00e-01,
27349,3.28e-01,7.00e-01,
27350,3.20e-01,7.00e-01,
27351,3.36e-01,7.00e-01,
27352,3.20e-01,7.00e-01,
27353,3.20e-01,7.00e-01,
27354,3.20e-01,7.00e-01,
27355,3.28e-01,7.00e-01,
27356,3.20e-01,3.00e-01,
27357,3.28e-01,7.00e-01,
27358,3.28e-01,7.00e-01,
27359,3.36e-01,7.00e-01,
27360,3.28e-01,3.00e-01,
27361,3.28e-01,7.00e-01,
27362,3.28e-01,7.00e-01,
27363,3.36e-01,7.00e-01,
27364,3.28e-01,3.00e-01,
27365,3.28e-01,7.00e-01,
27366,3.28e-01,1.10e+00,
27367,3.36e-01,7.00e-01,
27368,3.28e-01,3.00e-01,
27369,3.28e-01,7.00e-01,
27370,3.28e-01,7.00e-01,
27371,3.36e-01,7.00e-01,
27372,3.28e-01,3.00e-01,
27373,3.28e-01,7.00e-01,
27374,3.28e-01,7.00e-01,
27375,3.36e-01,7.00e-01,
27376,3.28e-01,3.00e-01,
27377,3.28e-01,7.00e-01,
27378,3.28e-01,7.00e-01,
27379,3.36e-01,7.00e-01,
27380,3.28e-01,3.00e-01,
27381,3.36e-01,7.00e-01,
27382,3.28e-01,7.00e-01,
27383,3.36e-01,7.00e-01,
27384,3.28e-01,3.00e-01,
27385,3.36e-01,7.00e-01,
27386,3.28e-01,7.00e-01,
27387,3.36e-01,7.00e-01,
27388,3.28e-01,3.00e-01,
27389,3.36e-01,7.00e-01,
27390,3.28e-01,7.00e-01,
27391,3.44e-01,7.00e-01,
27392,3.36e-01,7.00e-01,
27393,3.36e-01,7.00e-01,
27394,3.28e-01,7.00e-01,
27395,3.44e-01,7.00e-01,
27396,3.28e-01,7.00e-01,
27397,3.36e-01,7.00e-01,
27398,3.28e-01,7.00e-01,
27399,3.44e-01,7.00e-01,
27400,3.36e-01,3.00e-01,
27401,3.36e-01,7.00e-01,
27402,3.36e-01,7.00e-01,
27403,3.44e-01,7.00e-01,
27404,3.36e-01,7.00e-01,
27405,3.36e-01,7.00e-01,
27406,3.36e-01,1.10e+00,
27407,3.44e-01,7.00e-01,
27408,3.28e-01,7.00e-01,
27409,3.36e-01,7.00e-01,
27410,3.36e-01,1.10e+00,
27411,3.44e-01,7.00e-01,
27412,3.36e-01,7.00e-01,
27413,3.36e-01,7.00e-01,
27414,3.28e-01,1.10e+00,
27415,3.44e-01,7.00e-01,
27416,3.28e-01,7.00e-01,
27417,3.36e-01,1.10e+00,
27418,3.28e-01,1.10e+00,
27419,3.36e-01,1.10e+00,
27420,3.28e-01,1.10e+00,
27421,3.28e-01,1.50e+00,
27422,3.28e-01,1.50e+00,
27423,3.36e-01,1.50e+00,
27424,3.28e-01,1.50e+00,
27425,3.36e-01,1.90e+00,
27426,3.28e-01,2.30e+00,
27427,3.44e-01,1.90e+00,
27428,3.28e-01,1.90e+00,
27429,3.36e-01,2.30e+00,
27430,3.28e-01,2.30e+00,
27431,3.44e-01,2.30e+00,
27432,3.28e-01,2.30e+00,
27433,3.36e-01,2.70e+00,
27434,3.28e-01,2.70e+00,
27435,3.44e-01,3.10e+00,
27436,3.28e-01,3.10e+00,
27437,3.36e-01,3.10e+00,
27438,3.28e-01,3.50e+00,
27439,3.44e-01,3.10e+00,
27440,3.28e-01,3.10e+00,
27441,3.36e-01,3.50e+00,
27442,3.28e-01,3.90e+00,
27443,3.36e-01,3.90e+00,
27444,3.36e-01,3.90e+00,
27445,3.36e-01,3.90e+00,
27446,3.28e-01,4.70e+00,
27447,3.36e-01,4.70e+00,
27448,3.36e-01,4.70e+00,
27449,3.28e-01,5.10e+00,
27450,3.28e-01,5.10e+00,
27451,3.36e-01,5.50e+00,
27452,3.28e-01,5.50e+00,
27453,3.36e-01,5.50e+00,
27454,3.28e-01,5.90e+00,
27455,3.44e-01,5.90e+00,
27456,3.28e-01,5.90e+00,
27457,3.36e-01,6.30e+00,
27458,3.28e-01,6.70e+00,
27459,3.36e-01,6.70e+00,
27460,3.28e-01,6.70e+00,
27461,3.28e-01,7.10e+00,
27462,3.28e-01,7.50e+00,
27463,3.36e-01,7.90e+00,
27464,3.20e-01,7.90e+00,
27465,3.28e-01,8.70e+00,
27466,3.12e-01,9.50e+00,
27467,3.20e-01,9.90e+00,
27468,3.12e-01,1.07e+01,
27469,3.12e-01,1.19e+01,
27470,3.04e-01,1.27e+01,
27471,3.04e-01,1.39e+01,
27472,2.88e-01,1.51e+01,
27473,2.88e-01,1.75e+01,
27474,2.72e-01,1.91e+01,
27475,2.72e-01,2.11e+01,
27476,2.48e-01,2.39e+01,
27477,2.32e-01,2.67e+01,
27478,2.08e-01,2.99e+01,
27479,1.92e-01,3.31e+01,
27480,1.60e-01,3.63e+01,
27481,1.28e-01,3.79e+01,
27482,4.00e-02,3.91e+01,
27483,-2.80e-01,3.99e+01,
27484,-5.52e-01,4.07e+01,
27485,-7.20e-01,3.99e+01,
27486,-8.00e-01,3.99e+01,
27487,-8.56e-01,3.99e+01,
27488,-8.40e-01,3.95e+01,
27489,-7.92e-01,3.95e+01,
27490,-7.28e-01,3.91e+01,
27491,-6.56e-01,3.91e+01,
27492,-5.60e-01,3.91e+01,
27493,-4.48e-01,3.87e+01,
27494,-3.36e-01,3.91e+01,
27495,-2.40e-01,3.91e+01,
27496,-1.36e-01,3.95e+01,
27497,-4.80e-02,3.99e+01,
27498,8.00e-03,4.07e+01,
27499,5.60e-02,4.15e+01,
27500,4.80e-02,4.23e+01,
27501,2.40e-02,4.27e+01,
27502,-1.60e-02,4.35e+01,
27503,-5.60e-02,4.39e+01,
27504,-9.60e-02,4.43e+01,
27505,-1.04e-01,4.43e+01,
27506,-9.60e-02,4.47e+01,
27507,-7.20e-02,4.47e+01,
27508,-3.20e-02,4.51e+01,
27509,0.00e+00,4.55e+01,
27510,1.60e-02,4.59e+01,
27511,2.40e-02,4.71e+01,
27512,8.00e-03,4.75e+01,
27513,-1.60e-02,4.79e+01,
27514,-4.80e-02,4.83e+01,
27515,-7.20e-02,4.87e+01,
27516,-8.80e-02,4.83e+01,
27517,-8.00e-02,4.83e+01,
27518,-5.60e-02,4.87e+01,
27519,-3.20e-02,4.87e+01,
27520,-8.00e-03,4.91e+01,
27521,8.00e-03,4.91e+01,
27522,8.00e-03,4.95e+01,
27523,-8.00e-03,4.95e+01,
27524,-3.20e-02,4.99e+01,
27525,-5.60e-02,4.95e+01,
27526,-6.40e-02,4.95e+01,
27527,-7.20e-02,4.95e+01,
27528,-7.20e-02,4.91e+01,
27529,-4.80e-02,4.91e+01,
27530,-3.20e-02,4.87e+01,
27531,-1.60e-02,4.87e+01,
27532,-8.00e-03,4.87e+01,
27533,-8.00e-03,4.87e+01,
27534,-1.60e-02,4.87e+01,
27535,-3.20e-02,4.83e+01,
27536,-4.80e-02,4.83e+01,
27537,-5.60e-02,4.75e+01,
27538,-5.60e-02,4.75e+01,
27539,-4.80e-02,4.71e+01,
27540,-4.80e-02,4.67e+01,
27541,-3.20e-02,4.59e+01,
27542,-1.60e-02,4.55e+01,
27543,-8.00e-03,4.51e+01,
27544,-1.60e-02,4.43e+01,
27545,-3.20e-02,4.19e+01,
27546,-7.20e-02,3.67e+01,
27547,-4.08e-01,3.23e+01,
27548,-1.02e+00,2.95e+01,
27549,-9.44e-01,2.51e+01,
27550,-1.76e-01,1.99e+01,
27551,2.64e-01,1.59e+01,
27552,4.80e-02,1.39e+01,
27553,-1.92e-01,1.27e+01,
27554,-4.00e-02,1.11e+01,
27555,1.60e-01,9.10e+00,
27556,1.36e-01,8.30e+00,
27557,1.36e-01,7.90e+00,
27558,2.08e-01,7.50e+00,
27559,2.56e-01,7.10e+00,
27560,2.40e-01,7.10e+00,
27561,2.40e-01,7.50e+00,
27562,2.64e-01,7.90e+00,
27563,2.80e-01,8.30e+00,
27564,2.72e-01,8.70e+00,
27565,2.64e-01,9.90e+00,
27566,2.64e-01,1.15e+01,
27567,2.64e-01,1.27e+01,
27568,2.40e-01,1.43e+01,
27569,2.24e-01,1.71e+01,
27570,1.84e-01,1.91e+01,
27571,1.68e-01,2.19e+01,
27572,1.20e-01,2.55e+01,
27573,8.00e-02,2.91e+01,
27574,4.00e-02,3.27e+01,
27575,-1.60e-02,3.63e+01,
27576,-6.40e-02,3.95e+01,
27577,-1.04e-01,4.27e+01,
27578,-1.36e-01,4.47e+01,
27579,-1.84e-01,4.71e+01,
27580,-2.16e-01,4.75e+01,
27581,-2.48e-01,4.71e+01,
27582,-3.44e-01,4.59e+01,
27583,-4.08e-01,4.51e+01,
27584,-3.44e-01,4.39e+01,
27585,-1.92e-01,4.27e+01,
27586,-1.60e-02,4.27e+01,
27587,1.52e-01,4.27e+01,
27588,2.32e-01,4.23e+01,
27589,2.40e-01,3.67e+01,
27590,8.00e-02,3.95e+01,
27591,-1.06e+00,3.83e+01,
27592,-4.08e-01,3.31e+01,
27593,5.04e-01,3.07e+01,
27594,-1.60e-02,3.15e+01,
27595,-5.36e-01,2.75e+01,
27596,2.24e-01,2.59e+01,
27597,1.12e-01,2.55e+01,
27598,-2.16e-01,2.39e+01,
27599,1.44e-01,2.31e+01,
27600,5.60e-02,2.19e+01,
27601,2.40e-02,2.15e+01,
27602,1.28e-01,2.11e+01,
27603,5.60e-02,2.11e+01,
27604,1.04e-01,2.07e+01,
27605,1.28e-01,2.07e+01,
27606,8.00e-02,2.11e+01,
27607,1.12e-01,2.15e+01,
27608,8.80e-02,2.19e+01,
27609,1.04e-01,2.31e+01,
27610,8.80e-02,2.39e+01,
27611,8.00e-02,2.47e+01,
27612,6.40e-02,2.55e+01,
27613,6.40e-02,2.67e+01,
27614,5.60e-02,2.79e+01,
27615,2.40e-02,2.91e+01,
27616,8.00e-03,2.99e+01,
27617,8.00e-03,3.11e+01,
27618,-1.60e-02,3.19e+01,
27619,-3.20e-02,3.27e+01,
27620,-3.20e-02,3.35e+01,
27621,-4.80e-02,3.39e+01,
27622,-5.60e-02,3.51e+01,
27623,-6.40e-02,3.51e+01,
27624,-6.40e-02,3.55e+01,
27625,-7.20e-02,3.55e+01,
27626,-7.20e-02,3.55e+01,
27627,-8.00e-02,3.51e+01,
27628,-7.20e-02,3.47e+01,
27629,-7.20e-02,3.39e+01,
27630,-6.40e-02,3.35e+01,
27631,-5.60e-02,3.27e+01,
27632,-5.60e-02,3.19e+01,
27633,-4.80e-02,3.15e+01,
27634,-3.20e-02,3.07e+01,
27635,-3.20e-02,3.03e+01,
27636,-3.20e-02,2.95e+01,
27637,-1.60e-02,2.91e+01,
27638,-8.00e-03,2.87e+01,
27639,-8.00e-03,2.75e+01,
27640,0.00e+00,2.71e+01,
27641,1.60e-02,2.71e+01,
27642,1.60e-02,2.67e+01,
27643,1.60e-02,2.67e+01,
27644,2.40e-02,2.63e+01,
27645,2.40e-02,2.63e+01,
27646,1.60e-02,2.67e+01,
27647,4.00e-02,2.63e+01,
27648,2.40e-02,2.67e+01,
27649,2.40e-02,2.67e+01,
27650,2.40e-02,2.71e+01,
27651,2.40e-02,2.75e+01,
27652,1.60e-02,2.75e+01,
27653,1.60e-02,2.79e+01,
27654,8.00e-03,2.87e+01,
27655,8.00e-03,2.91e+01,
27656,0.00e+00,2.95e+01,
27657,-8.00e-03,2.99e+01,
27658,-8.00e-03,3.03e+01,
27659,-8.00e-03,3.03e+01,
27660,-1.60e-02,3.07e+01,
27661,-1.60e-02,3.07e+01,
27662,-2.40e-02,3.11e+01,
27663,-2.40e-02,3.11e+01,
27664,-3.20e-02,3.11e+01,
27665,-3.20e-02,3.15e+01,
27666,-3.20e-02,3.15e+01,
27667,-3.20e-02,3.11e+01,
27668,-3.20e-02,3.11e+01,
27669,-3.20e-02,3.11e+01,
27670,-3.20e-02,3.11e+01,
27671,-2.40e-02,3.07e+01,
27672,-2.40e-02,3.07e+01,
27673,-2.40e-02,3.03e+01,
27674,-2.40e-02,3.03e+01,
27675,-1.60e-02,2.99e+01,
27676,-1.60e-02,2.99e+01,
27677,-1.60e-02,2.95e+01,
27678,-8.00e-03,2.95e+01,
27679,-8.00e-03,2.91e+01,
27680,-8.00e-03,2.91e+01,
27681,-8.00e-03,2.91e+01,
27682,0.00e+00,2.87e+01,
27683,0.00e+00,2.87e+01,
27684,0.00e+00,2.87e+01,
27685,0.00e+00,2.87e+01,
27686,0.00e+00,2.87e+01,
27687,8.00e-03,2.87e+01,
27688,0.00e+00,2.87e+01,
27689,8.00e-03,2.87e+01,
27690,0.00e+00,2.87e+01,
27691,0.00e+00,2.87e+01,
27692,0.00e+00,2.87e+01,
27693,0.00e+00,2.91e+01,
27694,0.00e+00,2.91e+01,
27695,0.00e+00,2.91e+01,
27696,0.00e+00,2.95e+01,
27697,-8.00e-03,2.95e+01,
27698,-8.00e-03,2.95e+01,
27699,-8.00e-03,2.95e+01,
27700,-8.00e-03,2.99e+01,
27701,-8.00e-03,2.99e+01,
27702,-8.00e-03,2.99e+01,
27703,-8.00e-03,2.99e+01,
27704,-1.60e-02,2.99e+01,
27705,-1.60e-02,2.99e+01,
27706,-1.60e-02,3.03e+01,
27707,-8.00e-03,3.03e+01,
27708,-1.60e-02,2.99e+01,
27709,-1.60e-02,2.99e+01,
27710,-1.60e-02,2.99e+01,
27711,-8.00e-03,2.99e+01,
27712,-1.60e-02,2.99e+01,
27713,-1.60e-02,2.99e+01,
27714,-1.60e-02,2.99e+01,
27715,-8.00e-03,2.99e+01,
27716,-8.00e-03,2.95e+01,
27717,-8.00e-03,2.95e+01,
27718,-8.00e-03,2.95e+01,
27719,-8.00e-03,2.95e+01,
27720,-8.00e-03,2.95e+01,
27721,-8.00e-03,2.95e+01,
27722,-8.00e-03,2.95e+01,
27723,0.00e+00,2.91e+01,
27724,-8.00e-03,2.91e+01,
27725,0.00e+00,2.91e+01,
27726,0.00e+00,2.91e+01,
27727,0.00e+00,2.91e+01,
27728,0.00e+00,2.91e+01,
27729,0.00e+00,2.91e+01,
27730,0.00e+00,2.91e+01,
27731,0.00e+00,2.91e+01,
27732,0.00e+00,2.91e+01,
27733,0.00e+00,2.91e+01,
27734,-8.00e-03,2.91e+01,
27735,0.00e+00,2.95e+01,
27736,-8.00e-03,2.95e+01,
27737,0.00e+00,2.95e+01,
27738,-8.00e-03,2.95e+01,
27739,0.00e+00,2.95e+01,
27740,-8.00e-03,2.95e+01,
27741,-8.00e-03,2.95e+01,
27742,-8.00e-03,2.95e+01,
27743,-8.00e-03,2.95e+01,
27744,-8.00e-03,2.95e+01,
27745,-8.00e-03,2.95e+01,
27746,-8.00e-03,2.95e+01,
27747,-8.00e-03,2.95e+01,
27748,-8.00e-03,2.95e+01,
27749,-8.00e-03,2.95e+01,
27750,-8.00e-03,2.95e+01,
27751,-8.00e-03,2.95e+01,
27752,-8.00e-03,2.95e+01,
27753,-8.00e-03,2.95e+01,
27754,-8.00e-03,2.95e+01,
27755,-8.00e-03,2.95e+01,
27756,-8.00e-03,2.95e+01,
27757,-8.00e-03,2.95e+01,
27758,-8.00e-03,2.95e+01,
27759,-8.00e-03,2.95e+01,
27760,-8.00e-03,2.95e+01,
27761,-8.00e-03,2.95e+01,
27762,-8.00e-03,2.95e+01,
27763,0.00e+00,2.95e+01,
27764,-8.00e-03,2.95e+01,
27765,-8.00e-03,2.95e+01,
27766,-8.00e-03,2.95e+01,
27767,0.00e+00,2.95e+01,
27768,-8.00e-03,2.91e+01,
27769,-8.00e-03,2.91e+01,
27770,-8.00e-03,2.91e+01,
27771,0.00e+00,2.95e+01,
27772,-8.00e-03,2.95e+01,
27773,-8.00e-03,2.91e+01,
27774,-8.00e-03,2.95e+01,
27775,-8.00e-03,2.95e+01,
27776,-8.00e-03,2.95e+01,
27777,-8.00e-03,2.95e+01,
27778,-8.00e-03,2.95e+01,
27779,-8.00e-03,2.95e+01,
27780,-8.00e-03,2.95e+01,
27781,-8.00e-03,2.95e+01,
27782,-8.00e-03,2.95e+01,
27783,-8.00e-03,2.95e+01,
27784,-8.00e-03,2.95e+01,
27785,-8.00e-03,2.95e+01,
27786,-8.00e-03,2.95e+01,
27787,-8.00e-03,2.95e+01,
27788,-8.00e-03,2.95e+01,
27789,-8.00e-03,2.95e+01,
27790,-8.00e-03,2.95e+01,
27791,-8.00e-03,2.95e+01,
27792,-8.00e-03,2.95e+01,
27793,-8.00e-03,2.95e+01,
27794,-8.00e-03,2.95e+01,
27795,-8.00e-03,2.95e+01,
27796,-8.00e-03,2.95e+01,
27797,-8.00e-03,2.95e+01,
27798,-8.00e-03,2.95e+01,
27799,-8.00e-03,2.95e+01,
27800,-8.00e-03,2.95e+01,
27801,-8.00e-03,2.95e+01,
27802,-8.00e-03,2.95e+01,
27803,-8.00e-03,2.95e+01,
27804,-8.00e-03,2.95e+01,
27805,-8.00e-03,2.91e+01,
27806,-8.00e-03,2.95e+01,
27807,-8.00e-03,2.95e+01,
27808,-8.00e-03,2.91e+01,
27809,-8.00e-03,2.91e+01,
27810,-8.00e-03,2.95e+01,
27811,-8.00e-03,2.91e+01,
27812,-8.00e-03,2.91e+01,
27813,-8.00e-03,2.91e+01,
27814,-8.00e-03,2.95e+01,
27815,-8.00e-03,2.91e+01,
27816,-8.00e-03,2.95e+01,
27817,-8.00e-03,2.95e+01,
27818,-8.00e-03,2.95e+01,
27819,0.00e+00,2.95e+01,
27820,-8.00e-03,2.91e+01,
27821,-8.00e-03,2.95e+01,
27822,-8.00e-03,2.95e+01,
27823,0.00e+00,2.95e+01,
27824,-8.00e-03,2.91e+01,
27825,-8.00e-03,2.95e+01,
27826,-8.00e-03,2.91e+01,
27827,-8.00e-03,2.95e+01,
27828,-8.00e-03,2.95e+01,
27829,-8.00e-03,2.91e+01,
27830,-8.00e-03,2.95e+01,
27831,-8.00e-03,2.95e+01,
27832,-8.00e-03,2.91e+01,
27833,-8.00e-03,2.95e+01,
27834,-8.00e-03,2.95e+01,
27835,-8.00e-03,2.95e+01,
27836,-8.00e-03,2.95e+01,
27837,-8.00e-03,2.95e+01,
27838,-8.00e-03,2.95e+01,
27839,-8.00e-03,2.91e+01,
27840,-8.00e-03,2.91e+01,
27841,-8.00e-03,2.95e+01,
27842,-8.00e-03,2.95e+01,
27843,0.00e+00,2.95e+01,
27844,-8.00e-03,2.91e+01,
27845,-8.00e-03,2.91e+01,
27846,-8.00e-03,2.91e+01,
27847,-8.00e-03,2.95e+01,
27848,-8.00e-03,2.95e+01,
27849,-8.00e-03,2.91e+01,
27850,-8.00e-03,2.95e+01,
27851,0.00e+00,2.91e+01,
27852,-8.00e-03,2.91e+01,
27853,-8.00e-03,2.91e+01,
27854,-8.00e-03,2.95e+01,
27855,0.00e+00,2.91e+01,
27856,-8.00e-03,2.95e+01,
27857,-8.00e-03,2.91e+01,
27858,-8.00e-03,2.95e+01,
27859,0.00e+00,2.91e+01,
27860,-8.00e-03,2.95e+01,
27861,-8.00e-03,2.91e+01,
27862,-8.00e-03,2.95e+01,
27863,-8.00e-03,2.91e+01,
27864,-8.00e-03,2.95e+01,
27865,-8.00e-03,2.91e+01,
27866,-8.00e-03,2.95e+01,
27867,0.00e+00,2.95e+01,
27868,-8.00e-03,2.91e+01,
27869,-8.00e-03,2.91e+01,
27870,-8.00e-03,2.95e+01,
27871,-8.00e-03,2.91e+01,
27872,-8.00e-03,2.91e+01,
27873,-8.00e-03,2.91e+01,
27874,-8.00e-03,2.95e+01,
27875,0.00e+00,2.95e+01,
27876,-8.00e-03,2.91e+01,
27877,-8.00e-03,2.91e+01,
27878,-8.00e-03,2.95e+01,
27879,0.00e+00,2.91e+01,
27880,-8.00e-03,2.95e+01,
27881,-8.00e-03,2.91e+01,
27882,-8.00e-03,2.95e+01,
27883,0.00e+00,2.91e+01,
27884,-8.00e-03,2.91e+01,
27885,0.00e+00,2.91e+01,
27886,-8.00e-03,2.95e+01,
27887,0.00e+00,2.91e+01,
27888,-8.00e-03,2.91e+01,
27889,-8.00e-03,2.91e+01,
27890,-8.00e-03,2.95e+01,
27891,0.00e+00,2.91e+01,
27892,-8.00e-03,2.91e+01,
27893,-8.00e-03,2.91e+01,
27894,-8.00e-03,2.95e+01,
27895,0.00e+00,2.91e+01,
27896,-8.00e-03,2.91e+01,
27897,-8.00e-03,2.91e+01,
27898,-8.00e-03,2.95e+01,
27899,0.00e+00,2.91e+01,
27900,-8.00e-03,2.91e+01,
27901,-8.00e-03,2.91e+01,
27902,-8.00e-03,2.95e+01,
27903,0.00e+00,2.91e+01,
27904,-8.00e-03,2.91e+01,
27905,-8.00e-03,2.91e+01,
27906,-8.00e-03,2.95e+01,
27907,-8.00e-03,2.95e+01,
27908,-8.00e-03,2.91e+01,
27909,-8.00e-03,2.91e+01,
27910,-8.00e-03,2.95e+01,
27911,-8.00e-03,2.91e+01,
27912,-8.00e-03,2.91e+01,
27913,-8.00e-03,2.91e+01,
27914,-8.00e-03,2.95e+01,
27915,-8.00e-03,2.91e+01,
27916,-8.00e-03,2.91e+01,
27917,-8.00e-03,2.91e+01,
27918,-8.00e-03,2.95e+01,
27919,-8.00e-03,2.91e+01,
27920,-8.00e-03,2.91e+01,
27921,-8.00e-03,2.91e+01,
27922,-8.00e-03,2.95e+01,
27923,-8.00e-03,2.95e+01,
27924,-8.00e-03,2.91e+01,
27925,-8.00e-03,2.91e+01,
27926,-8.00e-03,2.95e+01,
27927,-8.00e-03,2.91e+01,
27928,-8.00e-03,2.91e+01,
27929,-8.00e-03,2.91e+01,
27930,-8.00e-03,2.95e+01,
27931,-8.00e-03,2.91e+01,
27932,-8.00e-03,2.91e+01,
27933,-8.00e-03,2.91e+01,
27934,-8.00e-03,2.91e+01,
27935,-8.00e-03,2.91e+01,
27936,-8.00e-03,2.91e+01,
27937,-8.00e-03,2.95e+01,
27938,-8.00e-03,2.91e+01,
27939,-8.00e-03,2.95e+01,
27940,-8.00e-03,2.91e+01,
27941,-8.00e-03,2.91e+01,
27942,-8.00e-03,2.91e+01,
27943,-8.00e-03,2.91e+01,
27944,-8.00e-03,2.91e+01,
27945,-8.00e-03,2.91e+01,
27946,-8.00e-03,2.95e+01,
27947,-8.00e-03,2.91e+01,
27948,-8.00e-03,2.95e+01,
27949,-8.00e-03,2.91e+01,
27950,-8.00e-03,2.95e+01,
27951,-8.00e-03,2.91e+01,
27952,-8.00e-03,2.91e+01,
27953,-8.00e-03,2.95e+01,
27954,-8.00e-03,2.95e+01,
27955,-8.00e-03,2.95e+01,
27956,-8.00e-03,2.91e+01,
27957,-8.00e-03,2.91e+01,
27958,-8.00e-03,2.91e+01,
27959,-8.00e-03,2.91e+01,
27960,-8.00e-03,2.91e+01,
27961,-8.00e-03,2.91e+01,
27962,-8.00e-03,2.95e+01,
27963,0.00e+00,2.91e+01,
27964,-8.00e-03,2.95e+01,
27965,-8.00e-03,2.91e+01,
27966,-8.00e-03,2.95e+01,
27967,-8.00e-03,2.91e+01,
27968,-8.00e-03,2.91e+01,
27969,-8.00e-03,2.91e+01,
27970,-8.00e-03,2.95e+01,
27971,0.00e+00,2.91e+01,
27972,-8.00e-03,2.91e+01,
27973,-8.00e-03,2.91e+01,
27974,-8.00e-03,2.95e+01,
27975,-8.00e-03,2.91e+01,
27976,-8.00e-03,2.91e+01,
27977,-8.00e-03,2.91e+01,
27978,-8.00e-03,2.95e+01,
27979,-8.00e-03,2.91e+01,
27980,-8.00e-03,2.91e+01,
27981,-8.00e-03,2.91e+01,
27982,-8.00e-03,2.95e+01,
27983,0.00e+00,2.91e+01,
27984,-8.00e-03,2.91e+01,
27985,-8.00e-03,2.91e+01,
27986,-8.00e-03,2.91e+01,
27987,-8.00e-03,2.91e+01,
27988,-8.00e-03,2.91e+01,
27989,-8.00e-03,2.91e+01,
27990,-8.00e-03,2.95e+01,
27991,0.00e+00,2.95e+01,
27992,-8.00e-03,2.91e+01,
27993,-8.00e-03,2.95e+01,
27994,-8.00e-03,2.95e+01,
27995,0.00e+00,2.91e+01,
27996,-8.00e-03,2.91e+01,
27997,-8.00e-03,2.91e+01,
27998,-8.00e-03,2.95e+01,
27999,0.00e+00,2.91e+01,
28000,-8.00e-03,2.91e+01,
28001,-8.00e-03,2.91e+01,
28002,-8.00e-03,2.91e+01,
28003,-8.00e-03,2.95e+01,
28004,-8.00e-03,2.91e+01,
28005,-8.00e-03,2.91e+01,
28006,-8.00e-03,2.95e+01,
28007,-8.00e-03,2.91e+01,
28008,-8.00e-03,2.91e+01,
28009,-8.00e-03,2.91e+01,
28010,-8.00e-03,2.91e+01,
28011,-8.00e-03,2.91e+01,
28012,-8.00e-03,2.91e+01,
28013,-8.00e-03,2.91e+01,
28014,-8.00e-03,2.95e+01,
28015,0.00e+00,2.91e+01,
28016,-8.00e-03,2.91e+01,
28017,-8.00e-03,2.91e+01,
28018,-8.00e-03,2.95e+01,
28019,-8.00e-03,2.91e+01,
28020,-8.00e-03,2.91e+01,
28021,-8.00e-03,2.91e+01,
28022,-8.00e-03,2.91e+01,
28023,-8.00e-03,2.91e+01,
28024,-8.00e-03,2.91e+01,
28025,-8.00e-03,2.95e+01,
28026,-8.00e-03,2.95e+01,
28027,-8.00e-03,2.95e+01,
28028,-8.00e-03,2.95e+01,
28029,-8.00e-03,2.91e+01,
28030,-8.00e-03,2.95e+01,
28031,-8.00e-03,2.95e+01,
28032,-8.00e-03,2.91e+01,
28033,-8.00e-03,2.91e+01,
28034,-8.00e-03,2.95e+01,
28035,0.00e+00,2.91e+01,
28036,-8.00e-03,2.91e+01,
28037,-8.00e-03,2.91e+01,
28038,-8.00e-03,2.91e+01,
28039,0.00e+00,2.91e+01,
28040,-8.00e-03,2.91e+01,
28041,-8.00e-03,2.91e+01,
28042,-8.00e-03,2.95e+01,
28043,0.00e+00,2.91e+01,
28044,-8.00e-03,2.91e+01,
28045,-8.00e-03,2.91e+01,
28046,-8.00e-03,2.95e+01,
28047,0.00e+00,2.95e+01,
28048,-8.00e-03,2.91e+01,
28049,-8.00e-03,2.91e+01,
28050,-8.00e-03,2.95e+01,
28051,-8.00e-03,2.91e+01,
28052,-8.00e-03,2.91e+01,
28053,-8.00e-03,2.91e+01,
28054,-8.00e-03,2.91e+01,
28055,0.00e+00,2.91e+01,
28056,-8.00e-03,2.91e+01,
28057,-8.00e-03,2.91e+01,
28058,-8.00e-03,2.95e+01,
28059,-8.00e-03,2.95e+01,
28060,-8.00e-03,2.91e+01,
28061,-8.00e-03,2.91e+01,
28062,-8.00e-03,2.91e+01,
28063,-8.00e-03,2.95e+01,
28064,-8.00e-03,2.91e+01,
28065,-8.00e-03,2.91e+01,
28066,-8.00e-03,2.95e+01,
28067,-8.00e-03,2.95e+01,
28068,-8.00e-03,2.91e+01,
28069,-8.00e-03,2.91e+01,
28070,-8.00e-03,2.95e+01,
28071,-8.00e-03,2.91e+01,
28072,-8.00e-03,2.91e+01,
28073,-8.00e-03,2.91e+01,
28074,-8.00e-03,2.91e+01,
28075,0.00e+00,2.95e+01,
28076,-8.00e-03,2.91e+01,
28077,-8.00e-03,2.91e+01,
28078,-8.00e-03,2.95e+01,
28079,-8.00e-03,2.91e+01,
28080,-8.00e-03,2.91e+01,
28081,-8.00e-03,2.91e+01,
28082,-8.00e-03,2.95e+01,
28083,-8.00e-03,2.91e+01,
28084,-8.00e-03,2.91e+01,
28085,-8.00e-03,2.91e+01,
28086,-8.00e-03,2.95e+01,
28087,-8.00e-03,2.91e+01,
28088,-8.00e-03,2.91e+01,
28089,-8.00e-03,2.91e+01,
28090,-8.00e-03,2.95e+01,
28091,-8.00e-03,2.95e+01,
28092,-8.00e-03,2.91e+01,
28093,-8.00e-03,2.91e+01,
28094,-8.00e-03,2.95e+01,
28095,-8.00e-03,2.91e+01,
28096,-8.00e-03,2.91e+01,
28097,-8.00e-03,2.91e+01,
28098,-8.00e-03,2.95e+01,
28099,-8.00e-03,2.91e+01,
28100,-8.00e-03,2.91e+01,
28101,-8.00e-03,2.91e+01,
28102,-8.00e-03,2.95e+01,
28103,-8.00e-03,2.91e+01,
28104,-8.00e-03,2.91e+01,
28105,-8.00e-03,2.91e+01,
28106,-8.00e-03,2.95e+01,
28107,-8.00e-03,2.91e+01,
28108,-8.00e-03,2.91e+01,
28109,-8.00e-03,2.91e+01,
28110,-8.00e-03,2.95e+01,
28111,-8.00e-03,2.91e+01,
28112,-8.00e-03,2.91e+01,
28113,-8.00e-03,2.91e+01,
28114,-8.00e-03,2.95e+01,
28115,-8.00e-03,2.95e+01,
28116,-8.00e-03,2.95e+01,
28117,-8.00e-03,2.91e+01,
28118,-8.00e-03,2.95e+01,
28119,-8.00e-03,2.91e+01,
28120,-8.00e-03,2.91e+01,
28121,-8.00e-03,2.91e+01,
28122,-8.00e-03,2.91e+01,
28123,-8.00e-03,2.91e+01,
28124,-8.00e-03,2.91e+01,
28125,-8.00e-03,2.91e+01,
28126,-8.00e-03,2.91e+01,
28127,-8.00e-03,2.95e+01,
28128,-8.00e-03,2.91e+01,
28129,-8.00e-03,2.91e+01,
28130,-8.00e-03,2.95e+01,
28131,-8.00e-03,2.95e+01,
28132,-8.00e-03,2.91e+01,
28133,-8.00e-03,2.91e+01,
28134,-8.00e-03,2.91e+01,
28135,-8.00e-03,2.91e+01,
28136,-8.00e-03,2.91e+01,
28137,-8.00e-03,2.91e+01,
28138,-8.00e-03,2.95e+01,
28139,-8.00e-03,2.95e+01,
28140,-8.00e-03,2.91e+01,
28141,-8.00e-03,2.91e+01,
28142,-8.00e-03,2.95e+01,
28143,-8.00e-03,2.91e+01,
28144,-8.00e-03,2.91e+01,
28145,-8.00e-03,2.91e+01,
28146,-8.00e-03,2.91e+01,
28147,-8.00e-03,2.91e+01,
28148,-8.00e-03,2.91e+01,
28149,-8.00e-03,2.91e+01,
28150,-8.00e-03,2.95e+01,
28151,-8.00e-03,2.91e+01,
28152,-8.00e-03,2.95e+01,
28153,-8.00e-03,2.91e+01,
28154,-8.00e-03,2.95e+01,
28155,-8.00e-03,2.95e+01,
28156,-8.00e-03,2.91e+01,
28157,-8.00e-03,2.91e+01,
28158,-8.00e-03,2.95e+01,
28159,-8.00e-03,2.91e+01,
28160,-8.00e-03,2.91e+01,
28161,-8.00e-03,2.91e+01,
28162,-8.00e-03,2.95e+01,
28163,0.00e+00,2.91e+01,
28164,-8.00e-03,2.91e+01,
28165,-8.00e-03,2.91e+01,
28166,-8.00e-03,2.95e+01,
28167,-8.00e-03,2.91e+01,
28168,-8.00e-03,2.91e+01,
28169,-8.00e-03,2.95e+01,
28170,-8.00e-03,2.95e+01,
28171,-8.00e-03,2.95e+01,
28172,-8.00e-03,2.91e+01,
28173,-8.00e-03,2.91e+01,
28174,-8.00e-03,2.95e+01,
28175,-8.00e-03,2.91e+01,
28176,-8.00e-03,2.91e+01,
28177,-8.00e-03,2.95e+01,
28178,-8.00e-03,2.91e+01,
28179,-8.00e-03,2.95e+01,
28180,-8.00e-03,2.91e+01,
28181,-8.00e-03,2.91e+01,
28182,-8.00e-03,2.95e+01,
28183,-8.00e-03,2.91e+01,
28184,-8.00e-03,2.91e+01,
28185,-8.00e-03,2.91e+01,
28186,-8.00e-03,2.91e+01,
28187,-8.00e-03,2.91e+01,
28188,-8.00e-03,2.91e+01,
28189,-8.00e-03,2.91e+01,
28190,-8.00e-03,2.95e+01,
28191,-8.00e-03,2.91e+01,
28192,-8.00e-03,2.91e+01,
28193,-8.00e-03,2.91e+01,
28194,-8.00e-03,2.95e+01,
28195,-8.00e-03,2.91e+01,
28196,-8.00e-03,2.91e+01,
28197,-8.00e-03,2.91e+01,
28198,-8.00e-03,2.95e+01,
28199,-8.00e-03,2.91e+01,
28200,-8.00e-03,2.91e+01,
28201,-8.00e-03,2.91e+01,
28202,-8.00e-03,2.95e+01,
28203,-8.00e-03,2.95e+01,
28204,-8.00e-03,2.91e+01,
28205,-8.00e-03,2.91e+01,
28206,-8.00e-03,2.95e+01,
28207,-8.00e-03,2.91e+01,
28208,-8.00e-03,2.91e+01,
28209,-8.00e-03,2.95e+01,
28210,-8.00e-03,2.91e+01,
28211,-8.00e-03,2.91e+01,
28212,-8.00e-03,2.91e+01,
28213,-8.00e-03,2.91e+01,
28214,-8.00e-03,2.95e+01,
28215,-8.00e-03,2.95e+01,
28216,-8.00e-03,2.91e+01,
28217,-8.00e-03,2.91e+01,
28218,-8.00e-03,2.95e+01,
28219,0.00e+00,2.91e+01,
28220,-8.00e-03,2.91e+01,
28221,-8.00e-03,2.91e+01,
28222,-8.00e-03,2.95e+01,
28223,-8.00e-03,2.91e+01,
28224,-8.00e-03,2.91e+01,
28225,-8.00e-03,2.91e+01,
28226,-8.00e-03,2.95e+01,
28227,-8.00e-03,2.95e+01,
28228,-8.00e-03,2.91e+01,
28229,-8.00e-03,2.91e+01,
28230,-8.00e-03,2.91e+01,
28231,-8.00e-03,2.95e+01,
28232,-8.00e-03,2.95e+01,
28233,-8.00e-03,2.95e+01,
28234,-8.00e-03,2.91e+01,
28235,-8.00e-03,2.91e+01,
28236,-8.00e-03,2.91e+01,
28237,-8.00e-03,2.91e+01,
28238,-8.00e-03,2.95e+01,
28239,-8.00e-03,2.91e+01,
28240,-8.00e-03,2.91e+01,
28241,-8.00e-03,2.91e+01,
28242,-8.00e-03,2.95e+01,
28243,-8.00e-03,2.91e+01,
28244,-8.00e-03,2.91e+01,
28245,-8.00e-03,2.91e+01,
28246,-8.00e-03,2.95e+01,
28247,-8.00e-03,2.91e+01,
28248,-8.00e-03,2.91e+01,
28249,-8.00e-03,2.91e+01,
28250,-8.00e-03,2.95e+01,
28251,-8.00e-03,2.91e+01,
28252,-8.00e-03,2.95e+01,
28253,-8.00e-03,2.91e+01,
28254,-8.00e-03,2.95e+01,
28255,-8.00e-03,2.91e+01,
28256,-8.00e-03,2.91e+01,
28257,-8.00e-03,2.91e+01,
28258,-8.00e-03,2.91e+01,
28259,-8.00e-03,2.91e+01,
28260,-8.00e-03,2.91e+01,
28261,-8.00e-03,2.91e+01,
28262,-8.00e-03,2.91e+01,
28263,0.00e+00,2.95e+01,
28264,-8.00e-03,2.91e+01,
28265,-8.00e-03,2.91e+01,
28266,-8.00e-03,2.95e+01,
28267,-8.00e-03,2.91e+01,
28268,-8.00e-03,2.91e+01,
28269,-8.00e-03,2.91e+01,
28270,-8.00e-03,2.95e+01,
28271,-8.00e-03,2.91e+01,
28272,-8.00e-03,2.91e+01,
28273,-8.00e-03,2.95e+01,
28274,-8.00e-03,2.95e+01,
28275,-8.00e-03,2.95e+01,
28276,-8.00e-03,2.91e+01,
28277,-8.00e-03,2.91e+01,
28278,-8.00e-03,2.95e+01,
28279,-8.00e-03,2.91e+01,
28280,-8.00e-03,2.91e+01,
28281,-8.00e-03,2.91e+01,
28282,-8.00e-03,2.95e+01,
28283,-8.00e-03,2.91e+01,
28284,-8.00e-03,2.95e+01,
28285,-8.00e-03,2.91e+01,
28286,-8.00e-03,2.95e+01,
28287,-8.00e-03,2.91e+01,
28288,-8.00e-03,2.91e+01,
28289,-8.00e-03,2.91e+01,
28290,-8.00e-03,2.91e+01,
28291,-8.00e-03,2.91e+01,
28292,-8.00e-03,2.91e+01,
28293,-8.00e-03,2.91e+01,
28294,-8.00e-03,2.95e+01,
28295,-8.00e-03,2.95e+01,
28296,-8.00e-03,2.91e+01,
28297,-8.00e-03,2.91e+01,
28298,-8.00e-03,2.91e+01,
28299,-8.00e-03,2.95e+01,
28300,-8.00e-03,2.91e+01,
28301,-8.00e-03,2.91e+01,
28302,-8.00e-03,2.91e+01,
28303,-8.00e-03,2.91e+01,
28304,-8.00e-03,2.91e+01,
28305,-8.00e-03,2.91e+01,
28306,-8.00e-03,2.95e+01,
28307,-8.00e-03,2.91e+01,
28308,-8.00e-03,2.95e+01,
28309,-8.00e-03,2.91e+01,
28310,-8.00e-03,2.95e+01,
28311,-8.00e-03,2.91e+01,
28312,-8.00e-03,2.91e+01,
28313,-8.00e-03,2.91e+01,
28314,-8.00e-03,2.95e+01,
28315,-8.00e-03,2.95e+01,
28316,-8.00e-03,2.91e+01,
28317,-8.00e-03,2.91e+01,
28318,-8.00e-03,2.95e+01,
28319,-8.00e-03,2.91e+01,
28320,-8.00e-03,2.91e+01,
28321,-8.00e-03,2.95e+01,
28322,-8.00e-03,2.95e+01,
28323,-8.00e-03,2.91e+01,
28324,-8.00e-03,2.91e+01,
28325,-8.00e-03,2.91e+01,
28326,-8.00e-03,2.91e+01,
28327,-8.00e-03,2.91e+01,
28328,-8.00e-03,2.95e+01,
28329,-8.00e-03,2.91e+01,
28330,-8.00e-03,2.95e+01,
28331,-8.00e-03,2.91e+01,
28332,-8.00e-03,2.95e+01,
28333,-8.00e-03,2.91e+01,
28334,-8.00e-03,2.95e+01,
28335,-8.00e-03,2.91e+01,
28336,-8.00e-03,2.91e+01,
28337,-8.00e-03,2.91e+01,
28338,-8.00e-03,2.95e+01,
28339,-8.00e-03,2.95e+01,
28340,-8.00e-03,2.95e+01,
28341,-8.00e-03,2.91e+01,
28342,-8.00e-03,2.95e+01,
28343,-8.00e-03,2.95e+01,
28344,-8.00e-03,2.95e+01,
28345,-8.00e-03,2.91e+01,
28346,-8.00e-03,2.95e+01,
28347,-8.00e-03,2.95e+01,
28348,-8.00e-03,2.91e+01,
28349,-8.00e-03,2.91e+01,
28350,-8.00e-03,2.95e+01,
28351,-8.00e-03,2.91e+01,
28352,-8.00e-03,2.91e+01,
28353,-8.00e-03,2.95e+01,
28354,-8.00e-03,2.95e+01,
28355,-8.00e-03,2.91e+01,
28356,-8.00e-03,2.91e+01,
28357,-8.00e-03,2.91e+01,
28358,-8.00e-03,2.95e+01,
28359,-8.00e-03,2.95e+01,
28360,-8.00e-03,2.91e+01,
28361,-8.00e-03,2.91e+01,
28362,-8.00e-03,2.91e+01,
28363,-8.00e-03,2.95e+01,
28364,-8.00e-03,2.95e+01,
28365,-8.00e-03,2.91e+01,
28366,-8.00e-03,2.95e+01,
28367,-8.00e-03,2.91e+01,
28368,-8.00e-03,2.91e+01,
28369,-8.00e-03,2.91e+01,
28370,-8.00e-03,2.95e+01,
28371,-8.00e-03,2.95e+01,
28372,-8.00e-03,2.91e+01,
28373,-8.00e-03,2.91e+01,
28374,-8.00e-03,2.95e+01,
28375,-8.00e-03,2.91e+01,
28376,-8.00e-03,2.91e+01,
28377,-8.00e-03,2.91e+01,
28378,-8.00e-03,2.95e+01,
28379,-8.00e-03,2.91e+01,
28380,-8.00e-03,2.91e+01,
28381,-8.00e-03,2.91e+01,
28382,-8.00e-03,2.95e+01,
28383,-8.00e-03,2.91e+01,
28384,-8.00e-03,2.91e+01,
28385,-8.00e-03,2.91e+01,
28386,-8.00e-03,2.95e+01,
28387,-8.00e-03,2.91e+01,
28388,-8.00e-03,2.95e+01,
28389,-8.00e-03,2.91e+01,
28390,-8.00e-03,2.95e+01,
28391,-8.00e-03,2.91e+01,
28392,-8.00e-03,2.91e+01,
28393,-8.00e-03,2.95e+01,
28394,-8.00e-03,2.91e+01,
28395,-8.00e-03,2.91e+01,
28396,-8.00e-03,2.91e+01,
28397,-8.00e-03,2.95e+01,
28398,-8.00e-03,2.95e+01,
28399,-8.00e-03,2.91e+01,
28400,-8.00e-03,2.91e+01,
28401,-8.00e-03,2.91e+01,
28402,-8.00e-03,2.95e+01,
28403,-8.00e-03,2.91e+01,
28404,-8.00e-03,2.91e+01,
28405,-8.00e-03,2.91e+01,
28406,-8.00e-03,2.95e+01,
28407,-8.00e-03,2.91e+01,
28408,-8.00e-03,2.91e+01,
28409,-8.00e-03,2.95e+01,
28410,-8.00e-03,2.95e+01,
28411,-8.00e-03,2.95e+01,
28412,-8.00e-03,2.91e+01,
28413,-8.00e-03,2.95e+01,
28414,-8.00e-03,2.95e+01,
28415,-8.00e-03,2.95e+01,
28416,-8.00e-03,2.91e+01,
28417,-8.00e-03,2.91e+01,
28418,-8.00e-03,2.95e+01,
28419,-8.00e-03,2.91e+01,
28420,-8.00e-03,2.91e+01,
28421,-8.00e-03,2.91e+01,
28422,-8.00e-03,2.95e+01,
28423,-8.00e-03,2.95e+01,
28424,-8.00e-03,2.91e+01,
28425,-8.00e-03,2.95e+01,
28426,-8.00e-03,2.91e+01,
28427,-8.00e-03,2.91e+01,
28428,-8.00e-03,2.95e+01,
28429,-8.00e-03,2.95e+01,
28430,-8.00e-03,2.95e+01,
28431,-8.00e-03,2.91e+01,
28432,-8.00e-03,2.91e+01,
28433,-8.00e-03,2.91e+01,
28434,-8.00e-03,2.95e+01,
28435,-8.00e-03,2.95e+01,
28436,-8.00e-03,2.95e+01,
28437,-8.00e-03,2.91e+01,
28438,-8.00e-03,2.91e+01,
28439,-8.00e-03,2.91e+01,
28440,-8.00e-03,2.91e+01,
28441,-8.00e-03,2.95e+01,
28442,-8.00e-03,2.95e+01,
28443,-8.00e-03,2.91e+01,
28444,-8.00e-03,2.91e+01,
28445,-8.00e-03,2.91e+01,
28446,-8.00e-03,2.95e+01,
28447,-8.00e-03,2.95e+01,
28448,-8.00e-03,2.91e+01,
28449,-8.00e-03,2.91e+01,
28450,-8.00e-03,2.95e+01,
28451,-8.00e-03,2.91e+01,
28452,-8.00e-03,2.95e+01,
28453,-8.00e-03,2.91e+01,
28454,-8.00e-03,2.95e+01,
28455,-8.00e-03,2.91e+01,
28456,-8.00e-03,2.91e+01,
28457,-8.00e-03,2.91e+01,
28458,-8.00e-03,2.91e+01,
28459,-8.00e-03,2.95e+01,
28460,-8.00e-03,2.91e+01,
28461,-8.00e-03,2.91e+01,
28462,-8.00e-03,2.95e+01,
28463,-8.00e-03,2.91e+01,
28464,-8.00e-03,2.91e+01,
28465,-8.00e-03,2.91e+01,
28466,-8.00e-03,2.91e+01,
28467,-8.00e-03,2.95e+01,
28468,-8.00e-03,2.95e+01,
28469,-8.00e-03,2.91e+01,
28470,-8.00e-03,2.95e+01,
28471,-8.00e-03,2.91e+01,
28472,-8.00e-03,2.95e+01,
28473,-8.00e-03,2.95e+01,
28474,-8.00e-03,2.95e+01,
28475,-8.00e-03,2.91e+01,
28476,-8.00e-03,2.91e+01,
28477,-8.00e-03,2.91e+01,
28478,-8.00e-03,2.95e+01,
28479,-8.00e-03,2.95e+01,
28480,-8.00e-03,2.91e+01,
28481,-8.00e-03,2.95e+01,
28482,-8.00e-03,2.91e+01,
28483,-8.00e-03,2.91e+01,
28484,-8.00e-03,2.91e+01,
28485,-8.00e-03,2.95e+01,
28486,-8.00e-03,2.95e+01,
28487,-8.00e-03,2.91e+01,
28488,-8.00e-03,2.91e+01,
28489,-8.00e-03,2.95e+01,
28490,-8.00e-03,2.95e+01,
28491,-8.00e-03,2.95e+01,
28492,-8.00e-03,2.91e+01,
28493,-8.00e-03,2.91e+01,
28494,-8.00e-03,2.91e+01,
28495,-8.00e-03,2.91e+01,
28496,-8.00e-03,2.91e+01,
28497,-8.00e-03,2.91e+01,
28498,-8.00e-03,2.95e+01,
28499,-8.00e-03,2.95e+01,
28500,-8.00e-03,2.91e+01,
28501,-8.00e-03,2.91e+01,
28502,-8.00e-03,2.95e+01,
28503,-8.00e-03,2.91e+01,
28504,-8.00e-03,2.91e+01,
28505,-8.00e-03,2.95e+01,
28506,-8.00e-03,2.95e+01,
28507,-8.00e-03,2.91e+01,
28508,-8.00e-03,2.91e+01,
28509,-8.00e-03,2.91e+01,
28510,-8.00e-03,2.95e+01,
28511,-8.00e-03,2.91e+01,
28512,-8.00e-03,2.91e+01,
28513,-8.00e-03,2.91e+01,
28514,-8.00e-03,2.95e+01,
28515,-8.00e-03,2.95e+01,
28516,-8.00e-03,2.95e+01,
28517,-8.00e-03,2.95e+01,
28518,-8.00e-03,2.95e+01,
28519,-8.00e-03,2.91e+01,
28520,-8.00e-03,2.95e+01,
28521,-8.00e-03,2.91e+01,
28522,-8.00e-03,2.95e+01,
28523,-8.00e-03,2.95e+01,
28524,-8.00e-03,2.91e+01,
28525,-8.00e-03,2.91e+01,
28526,-8.00e-03,2.91e+01,
28527,-8.00e-03,2.95e+01,
28528,-8.00e-03,2.91e+01,
28529,-8.00e-03,2.95e+01,
28530,-8.00e-03,2.95e+01,
28531,-8.00e-03,2.91e+01,
28532,-8.00e-03,2.91e+01,
28533,-8.00e-03,2.95e+01,
28534,-8.00e-03,2.95e+01,
28535,-8.00e-03,2.91e+01,
28536,-8.00e-03,2.91e+01,
28537,-8.00e-03,2.91e+01,
28538,-8.00e-03,2.91e+01,
28539,-8.00e-03,2.95e+01,
28540,-8.00e-03,2.91e+01,
28541,-8.00e-03,2.91e+01,
28542,-8.00e-03,2.95e+01,
28543,-8.00e-03,2.91e+01,
28544,-8.00e-03,2.91e+01,
28545,-8.00e-03,2.91e+01,
28546,-8.00e-03,2.95e+01,
28547,-8.00e-03,2.95e+01,
28548,-8.00e-03,2.91e+01,
28549,-8.00e-03,2.95e+01,
28550,-8.00e-03,2.95e+01,
28551,-8.00e-03,2.95e+01,
28552,-8.00e-03,2.91e+01,
28553,-8.00e-03,2.91e+01,
28554,-8.00e-03,2.95e+01,
28555,-8.00e-03,2.95e+01,
28556,-8.00e-03,2.91e+01,
28557,-8.00e-03,2.91e+01,
28558,-8.00e-03,2.95e+01,
28559,-8.00e-03,2.91e+01,
28560,-8.00e-03,2.91e+01,
28561,-8.00e-03,2.91e+01,
28562,-8.00e-03,2.95e+01,
28563,-8.00e-03,2.91e+01,
28564,-8.00e-03,2.91e+01,
28565,-8.00e-03,2.91e+01,
28566,-8.00e-03,2.95e+01,
28567,-8.00e-03,2.91e+01,
28568,-8.00e-03,2.95e+01,
28569,-8.00e-03,2.91e+01,
28570,-8.00e-03,2.91e+01,
28571,-8.00e-03,2.95e+01,
28572,-8.00e-03,2.95e+01,
28573,-8.00e-03,2.95e+01,
28574,-8.00e-03,2.95e+01,
28575,-8.00e-03,2.91e+01,
28576,-8.00e-03,2.91e+01,
28577,-8.00e-03,2.95e+01,
28578,-8.00e-03,2.95e+01,
28579,-8.00e-03,2.95e+01,
28580,-8.00e-03,2.91e+01,
28581,-8.00e-03,2.91e+01,
28582,-8.00e-03,2.95e+01,
28583,-8.00e-03,2.95e+01,
28584,-8.00e-03,2.91e+01,
28585,-8.00e-03,2.91e+01,
28586,-8.00e-03,2.95e+01,
28587,-8.00e-03,2.95e+01,
28588,-8.00e-03,2.91e+01,
28589,-8.00e-03,2.91e+01,
28590,-8.00e-03,2.95e+01,
28591,-8.00e-03,2.95e+01,
28592,-8.00e-03,2.91e+01,
28593,-8.00e-03,2.95e+01,
28594,-8.00e-03,2.95e+01,
28595,-8.00e-03,2.91e+01,
28596,-8.00e-03,2.91e+01,
28597,-8.00e-03,2.91e+01,
28598,-8.00e-03,2.95e+01,
28599,-8.00e-03,2.95e+01,
28600,-8.00e-03,2.91e+01,
28601,-8.00e-03,2.95e+01,
28602,-8.00e-03,2.95e+01,
28603,-8.00e-03,2.95e+01,
28604,-8.00e-03,2.95e+01,
28605,-8.00e-03,2.91e+01,
28606,-8.00e-03,2.95e+01,
28607,-8.00e-03,2.95e+01,
28608,-8.00e-03,2.95e+01,
28609,-8.00e-03,2.91e+01,
28610,-8.00e-03,2.95e+01,
28611,-8.00e-03,2.91e+01,
28612,-8.00e-03,2.95e+01,
28613,-8.00e-03,2.91e+01,
28614,-8.00e-03,2.95e+01,
28615,-8.00e-03,2.91e+01,
28616,-8.00e-03,2.95e+01,
28617,-8.00e-03,2.95e+01,
28618,-8.00e-03,2.95e+01,
28619,-8.00e-03,2.91e+01,
28620,-8.00e-03,2.91e+01,
28621,-8.00e-03,2.95e+01,
28622,-8.00e-03,2.91e+01,
28623,-8.00e-03,2.91e+01,
28624,-8.00e-03,2.95e+01,
28625,-8.00e-03,2.91e+01,
28626,-8.00e-03,2.95e+01,
28627,-8.00e-03,2.91e+01,
28628,-8.00e-03,2.95e+01,
28629,-8.00e-03,2.95e+01,
28630,-8.00e-03,2.95e+01,
28631,-8.00e-03,2.95e+01,
28632,-8.00e-03,2.95e+01,
28633,-8.00e-03,2.95e+01,
28634,-8.00e-03,2.95e+01,
28635,-8.00e-03,2.95e+01,
28636,-8.00e-03,2.91e+01,
28637,-8.00e-03,2.91e+01,
28638,-8.00e-03,2.95e+01,
28639,-8.00e-03,2.95e+01,
28640,-8.00e-03,2.91e+01,
28641,-8.00e-03,2.91e+01,
28642,-8.00e-03,2.95e+01,
28643,-8.00e-03,2.95e+01,
28644,-8.00e-03,2.91e+01,
28645,-8.00e-03,2.91e+01,
28646,-8.00e-03,2.95e+01,
28647,-8.00e-03,2.95e+01,
28648,-8.00e-03,2.95e+01,
28649,-8.00e-03,2.95e+01,
28650,-8.00e-03,2.95e+01,
28651,-8.00e-03,2.91e+01,
28652,-8.00e-03,2.95e+01,
28653,-8.00e-03,2.95e+01,
28654,-8.00e-03,2.91e+01,
28655,-8.00e-03,2.91e+01,
28656,-8.00e-03,2.95e+01,
28657,-8.00e-03,2.91e+01,
28658,-8.00e-03,2.91e+01,
28659,-8.00e-03,2.95e+01,
28660,-8.00e-03,2.91e+01,
28661,-8.00e-03,2.91e+01,
28662,-8.00e-03,2.95e+01,
28663,-8.00e-03,2.91e+01,
28664,-8.00e-03,2.91e+01,
28665,-8.00e-03,2.95e+01,
28666,-8.00e-03,2.95e+01,
28667,-8.00e-03,2.91e+01,
28668,-1.60e-02,2.91e+01,
28669,-8.00e-03,2.91e+01,
28670,-8.00e-03,2.95e+01,
28671,-8.00e-03,2.91e+01,
28672,-8.00e-03,2.95e+01,
28673,-8.00e-03,2.91e+01,
28674,-8.00e-03,2.95e+01,
28675,-8.00e-03,2.95e+01,
28676,-8.00e-03,2.95e+01,
28677,-8.00e-03,2.95e+01,
28678,-8.00e-03,2.95e+01,
28679,-8.00e-03,2.91e+01,
28680,-8.00e-03,2.91e+01,
28681,-8.00e-03,2.95e+01,
28682,-8.00e-03,2.95e+01,
28683,-8.00e-03,2.95e+01,
28684,-8.00e-03,2.95e+01,
28685,-8.00e-03,2.95e+01,
28686,-8.00e-03,2.91e+01,
28687,-8.00e-03,2.95e+01,
28688,-8.00e-03,2.95e+01,
28689,-8.00e-03,2.91e+01,
28690,-8.00e-03,2.95e+01,
28691,-8.00e-03,2.91e+01,
28692,-8.00e-03,2.91e+01,
28693,-8.00e-03,2.95e+01,
28694,-8.00e-03,2.95e+01,
28695,-8.00e-03,2.95e+01,
28696,-8.00e-03,2.95e+01,
28697,-8.00e-03,2.95e+01,
28698,-8.00e-03,2.95e+01,
28699,-8.00e-03,2.95e+01,
28700,-8.00e-03,2.95e+01,
28701,-8.00e-03,2.91e+01,
28702,-8.00e-03,2.95e+01,
28703,-8.00e-03,2.91e+01,
28704,-8.00e-03,2.91e+01,
28705,-8.00e-03,2.91e+01,
28706,-8.00e-03,2.95e+01,
28707,-8.00e-03,2.95e+01,
28708,-8.00e-03,2.91e+01,
28709,-8.00e-03,2.95e+01,
28710,-8.00e-03,2.91e+01,
28711,-8.00e-03,2.95e+01,
28712,-8.00e-03,2.91e+01,
28713,-8.00e-03,2.91e+01,
28714,-8.00e-03,2.95e+01,
28715,-8.00e-03,2.95e+01,
28716,-8.00e-03,2.91e+01,
28717,-8.00e-03,2.91e+01,
28718,-8.00e-03,2.95e+01,
28719,-8.00e-03,2.95e+01,
28720,-8.00e-03,2.91e+01,
28721,-8.00e-03,2.95e+01,
28722,-8.00e-03,2.95e+01,
28723,-8.00e-03,2.91e+01,
28724,-8.00e-03,2.91e+01,
28725,-8.00e-03,2.91e+01,
28726,-8.00e-03,2.95e+01,
28727,-8.00e-03,2.91e+01,
28728,-8.00e-03,2.91e+01,
28729,-8.00e-03,2.95e+01,
28730,-8.00e-03,2.91e+01,
28731,-8.00e-03,2.91e+01,
28732,-8.00e-03,2.95e+01,
28733,-8.00e-03,2.91e+01,
28734,-8.00e-03,2.95e+01,
28735,-8.00e-03,2.91e+01,
28736,-8.00e-03,2.91e+01,
28737,-8.00e-03,2.95e+01,
28738,-8.00e-03,2.95e+01,
28739,-8.00e-03,2.95e+01,
28740,-8.00e-03,2.95e+01,
28741,-8.00e-03,2.91e+01,
28742,-8.00e-03,2.95e+01,
28743,-8.00e-03,2.95e+01,
28744,-8.00e-03,2.95e+01,
28745,-8.00e-03,2.95e+01,
28746,-8.00e-03,2.95e+01,
28747,-8.00e-03,2.95e+01,
28748,-8.00e-03,2.91e+01,
28749,-8.00e-03,2.95e+01,
28750,-8.00e-03,2.95e+01,
28751,-8.00e-03,2.91e+01,
28752,-8.00e-03,2.91e+01,
28753,-8.00e-03,2.95e+01,
28754,-8.00e-03,2.95e+01,
28755,-8.00e-03,2.91e+01,
28756,-8.00e-03,2.91e+01,
28757,-8.00e-03,2.91e+01,
28758,-8.00e-03,2.95e+01,
28759,-8.00e-03,2.91e+01,
28760,-8.00e-03,2.95e+01,
28761,-8.00e-03,2.91e+01,
28762,-8.00e-03,2.95e+01,
28763,-8.00e-03,2.91e+01,
28764,-1.60e-02,2.91e+01,
28765,-8.00e-03,2.91e+01,
28766,-8.00e-03,2.95e+01,
28767,-8.00e-03,2.95e+01,
28768,-8.00e-03,2.91e+01,
28769,-8.00e-03,2.95e+01,
28770,-8.00e-03,2.95e+01,
28771,-8.00e-03,2.95e+01,
28772,-8.00e-03,2.91e+01,
28773,-8.00e-03,2.91e+01,
28774,-8.00e-03,2.95e+01,
28775,-8.00e-03,2.95e+01,
28776,-8.00e-03,2.91e+01,
28777,-8.00e-03,2.95e+01,
28778,-8.00e-03,2.95e+01,
28779,-8.00e-03,2.95e+01,
28780,-8.00e-03,2.91e+01,
28781,-8.00e-03,2.95e+01,
28782,-8.00e-03,2.95e+01,
28783,-8.00e-03,2.95e+01,
28784,-1.60e-02,2.91e+01,
28785,-8.00e-03,2.91e+01,
28786,-8.00e-03,2.95e+01,
28787,-8.00e-03,2.95e+01,
28788,-8.00e-03,2.95e+01,
28789,-8.00e-03,2.95e+01,
28790,-8.00e-03,2.95e+01,
28791,-8.00e-03,2.91e+01,
28792,-8.00e-03,2.91e+01,
28793,-8.00e-03,2.95e+01,
28794,-8.00e-03,2.95e+01,
28795,-8.00e-03,2.95e+01,
28796,-1.60e-02,2.91e+01,
28797,-8.00e-03,2.91e+01,
28798,-8.00e-03,2.95e+01,
28799,-8.00e-03,2.91e+01,
28800,-8.00e-03,2.91e+01,
28801,-8.00e-03,2.95e+01,
28802,-8.00e-03,2.95e+01,
28803,-8.00e-03,2.95e+01,
28804,-8.00e-03,2.91e+01,
28805,-8.00e-03,2.95e+01,
28806,-8.00e-03,2.95e+01,
28807,-8.00e-03,2.95e+01,
28808,-8.00e-03,2.91e+01,
28809,-8.00e-03,2.95e+01,
28810,-8.00e-03,2.95e+01,
28811,-8.00e-03,2.95e+01,
28812,-8.00e-03,2.95e+01,
28813,-8.00e-03,2.91e+01,
28814,-8.00e-03,2.95e+01,
28815,-8.00e-03,2.95e+01,
28816,-8.00e-03,2.91e+01,
28817,-8.00e-03,2.95e+01,
28818,-8.00e-03,2.95e+01,
28819,-8.00e-03,2.95e+01,
28820,-8.00e-03,2.91e+01,
28821,-8.00e-03,2.91e+01,
28822,-8.00e-03,2.95e+01,
28823,-8.00e-03,2.95e+01,
28824,-8.00e-03,2.91e+01,
28825,-8.00e-03,2.91e+01,
28826,-8.00e-03,2.95e+01,
28827,-8.00e-03,2.95e+01,
28828,-8.00e-03,2.91e+01,
28829,-8.00e-03,2.91e+01,
28830,-8.00e-03,2.95e+01,
28831,-8.00e-03,2.95e+01,
28832,-8.00e-03,2.91e+01,
28833,-8.00e-03,2.95e+01,
28834,-8.00e-03,2.95e+01,
28835,-8.00e-03,2.91e+01,
28836,-8.00e-03,2.91e+01,
28837,-8.00e-03,2.91e+01,
28838,-8.00e-03,2.95e+01,
28839,-8.00e-03,2.95e+01,
28840,-8.00e-03,2.95e+01,
28841,-8.00e-03,2.95e+01,
28842,-8.00e-03,2.95e+01,
28843,-8.00e-03,2.91e+01,
28844,-8.00e-03,2.95e+01,
28845,-8.00e-03,2.95e+01,
28846,-8.00e-03,2.95e+01,
28847,-8.00e-03,2.95e+01,
28848,-8.00e-03,2.91e+01,
28849,-8.00e-03,2.91e+01,
28850,-8.00e-03,2.95e+01,
28851,-8.00e-03,2.91e+01,
28852,-8.00e-03,2.91e+01,
28853,-8.00e-03,2.95e+01,
28854,-8.00e-03,2.95e+01,
28855,-8.00e-03,2.95e+01,
28856,-8.00e-03,2.91e+01,
28857,-8.00e-03,2.95e+01,
28858,-8.00e-03,2.95e+01,
28859,-8.00e-03,2.95e+01,
28860,-8.00e-03,2.95e+01,
28861,-8.00e-03,2.91e+01,
28862,-8.00e-03,2.95e+01,
28863,-8.00e-03,2.95e+01,
28864,-8.00e-03,2.91e+01,
28865,-8.00e-03,2.95e+01,
28866,-8.00e-03,2.95e+01,
28867,-8.00e-03,2.95e+01,
28868,-8.00e-03,2.91e+01,
28869,-8.00e-03,2.95e+01,
28870,-8.00e-03,2.95e+01,
28871,-8.00e-03,2.95e+01,
28872,-8.00e-03,2.95e+01,
28873,-8.00e-03,2.95e+01,
28874,-8.00e-03,2.95e+01,
28875,-8.00e-03,2.95e+01,
28876,-8.00e-03,2.91e+01,
28877,-8.00e-03,2.91e+01,
28878,-1.60e-02,2.95e+01,
28879,-8.00e-03,2.95e+01,
28880,-8.00e-03,2.95e+01,
28881,-8.00e-03,2.95e+01,
28882,-8.00e-03,2.95e+01,
28883,-8.00e-03,2.95e+01,
28884,-8.00e-03,2.95e+01,
28885,-8.00e-03,2.91e+01,
28886,-8.00e-03,2.95e+01,
28887,-8.00e-03,2.95e+01,
28888,-8.00e-03,2.95e+01,
28889,-8.00e-03,2.91e+01,
28890,-8.00e-03,2.95e+01,
28891,-8.00e-03,2.95e+01,
28892,-8.00e-03,2.95e+01,
28893,-8.00e-03,2.91e+01,
28894,-8.00e-03,2.95e+01,
28895,-8.00e-03,2.95e+01,
28896,-1.60e-02,2.91e+01,
28897,-8.00e-03,2.95e+01,
28898,-8.00e-03,2.95e+01,
28899,-8.00e-03,2.91e+01,
28900,-8.00e-03,2.91e+01,
28901,-8.00e-03,2.95e+01,
28902,-8.00e-03,2.95e+01,
28903,-8.00e-03,2.91e+01,
28904,-1.60e-02,2.91e+01,
28905,-8.00e-03,2.95e+01,
28906,-8.00e-03,2.95e+01,
28907,-8.00e-03,2.95e+01,
28908,-8.00e-03,2.91e+01,
28909,-8.00e-03,2.91e+01,
28910,-8.00e-03,2.95e+01,
28911,-8.00e-03,2.91e+01,
28912,-8.00e-03,2.91e+01,
28913,-8.00e-03,2.95e+01,
28914,-8.00e-03,2.95e+01,
28915,-8.00e-03,2.95e+01,
28916,-8.00e-03,2.91e+01,
28917,-1.60e-02,2.95e+01,
28918,-8.00e-03,2.95e+01,
28919,-8.00e-03,2.95e+01,
28920,-8.00e-03,2.95e+01,
28921,-8.00e-03,2.95e+01,
28922,-8.00e-03,2.95e+01,
28923,-8.00e-03,2.95e+01,
28924,-8.00e-03,2.91e+01,
28925,-8.00e-03,2.91e+01,
28926,-8.00e-03,2.95e+01,
28927,-8.00e-03,2.91e+01,
28928,-8.00e-03,2.91e+01,
28929,-8.00e-03,2.95e+01,
28930,-8.00e-03,2.95e+01,
28931,-8.00e-03,2.91e+01,
28932,-8.00e-03,2.91e+01,
28933,-1.60e-02,2.95e+01,
28934,-8.00e-03,2.95e+01,
28935,-8.00e-03,2.91e+01,
28936,-8.00e-03,2.91e+01,
28937,-8.00e-03,2.95e+01,
28938,-1.60e-02,2.95e+01,
28939,-8.00e-03,2.95e+01,
28940,-1.60e-02,2.91e+01,
28941,-8.00e-03,2.91e+01,
28942,-8.00e-03,2.95e+01,
28943,-8.00e-03,2.91e+01,
28944,-8.00e-03,2.95e+01,
28945,-8.00e-03,2.95e+01,
28946,-8.00e-03,2.95e+01,
28947,-8.00e-03,2.95e+01,
28948,-1.60e-02,2.91e+01,
28949,-8.00e-03,2.91e+01,
28950,-8.00e-03,2.95e+01,
28951,-8.00e-03,2.91e+01,
28952,-8.00e-03,2.95e+01,
28953,-8.00e-03,2.95e+01,
28954,-8.00e-03,2.95e+01,
28955,-8.00e-03,2.91e+01,
28956,-8.00e-03,2.95e+01,
28957,-8.00e-03,2.91e+01,
28958,-8.00e-03,2.95e+01,
28959,-8.00e-03,2.95e+01,
28960,-8.00e-03,2.95e+01,
28961,-8.00e-03,2.95e+01,
28962,-1.60e-02,2.95e+01,
28963,-8.00e-03,2.95e+01,
28964,-1.60e-02,2.91e+01,
28965,-8.00e-03,2.91e+01,
28966,-8.00e-03,2.95e+01,
28967,-8.00e-03,2.91e+01,
28968,-8.00e-03,2.95e+01,
28969,-8.00e-03,2.95e+01,
28970,-8.00e-03,2.95e+01,
28971,-8.00e-03,2.95e+01,
28972,-8.00e-03,2.95e+01,
28973,-8.00e-03,2.95e+01,
28974,-8.00e-03,2.95e+01,
28975,-8.00e-03,2.91e+01,
28976,-8.00e-03,2.95e+01,
28977,-8.00e-03,2.95e+01,
28978,-8.00e-03,2.95e+01,
28979,-8.00e-03,2.95e+01,
28980,-8.00e-03,2.95e+01,
28981,-1.60e-02,2.95e+01,
28982,-8.00e-03,2.95e+01,
28983,-8.00e-03,2.91e+01,
28984,-8.00e-03,2.95e+01,
28985,-8.00e-03,2.95e+01,
28986,-8.00e-03,2.95e+01,
28987,-8.00e-03,2.95e+01,
28988,-8.00e-03,2.95e+01,
28989,-8.00e-03,2.95e+01,
28990,-8.00e-03,2.95e+01,
28991,-8.00e-03,2.95e+01,
28992,-8.00e-03,2.95e+01,
28993,-8.00e-03,2.95e+01,
28994,-8.00e-03,2.95e+01,
28995,-8.00e-03,2.95e+01,
28996,-8.00e-03,2.95e+01,
28997,-8.00e-03,2.95e+01,
28998,-8.00e-03,2.95e+01,
28999,-8.00e-03,2.91e+01,
29000,-8.00e-03,2.95e+01,
29001,-8.00e-03,2.95e+01,
29002,-1.60e-02,2.95e+01,
29003,-8.00e-03,2.95e+01,
29004,-8.00e-03,2.95e+01,
29005,-8.00e-03,2.91e+01,
29006,-8.00e-03,2.95e+01,
29007,-8.00e-03,2.95e+01,
29008,-8.00e-03,2.95e+01,
29009,-8.00e-03,2.95e+01,
29010,-8.00e-03,2.95e+01,
29011,-8.00e-03,2.95e+01,
29012,-1.60e-02,2.95e+01,
29013,-8.00e-03,2.95e+01,
29014,-8.00e-03,2.95e+01,
29015,-8.00e-03,2.95e+01,
29016,-1.60e-02,2.95e+01,
29017,-8.00e-03,2.95e+01,
29018,-8.00e-03,2.95e+01,
29019,-8.00e-03,2.95e+01,
29020,-8.00e-03,2.91e+01,
29021,-8.00e-03,2.95e+01,
29022,-8.00e-03,2.95e+01,
29023,-8.00e-03,2.95e+01,
29024,-1.60e-02,2.95e+01,
29025,-8.00e-03,2.95e+01,
29026,-8.00e-03,2.95e+01,
29027,-8.00e-03,2.95e+01,
29028,-8.00e-03,2.95e+01,
29029,-8.00e-03,2.91e+01,
29030,-8.00e-03,2.95e+01,
29031,-8.00e-03,2.95e+01,
29032,-8.00e-03,2.95e+01,
29033,-8.00e-03,2.95e+01,
29034,-8.00e-03,2.95e+01,
29035,-8.00e-03,2.95e+01,
29036,-1.60e-02,2.91e+01,
29037,-8.00e-03,2.95e+01,
29038,-8.00e-03,2.95e+01,
29039,-8.00e-03,2.95e+01,
29040,-8.00e-03,2.95e+01,
29041,-8.00e-03,2.95e+01,
29042,-8.00e-03,2.95e+01,
29043,-8.00e-03,2.95e+01,
29044,-8.00e-03,2.95e+01,
29045,-8.00e-03,2.95e+01,
29046,-8.00e-03,2.95e+01,
29047,-8.00e-03,2.95e+01,
29048,-8.00e-03,2.95e+01,
29049,-8.00e-03,2.95e+01,
29050,-8.00e-03,2.95e+01,
29051,-8.00e-03,2.95e+01,
29052,-8.00e-03,2.95e+01,
29053,-8.00e-03,2.95e+01,
29054,-8.00e-03,2.95e+01,
29055,-8.00e-03,2.95e+01,
29056,-8.00e-03,2.91e+01,
29057,-8.00e-03,2.91e+01,
29058,-8.00e-03,2.95e+01,
29059,-8.00e-03,2.95e+01,
29060,-1.60e-02,2.95e+01,
29061,-8.00e-03,2.91e+01,
29062,-8.00e-03,2.95e+01,
29063,-8.00e-03,2.91e+01,
29064,-8.00e-03,2.95e+01,
29065,-8.00e-03,2.95e+01,
29066,-1.60e-02,2.95e+01,
29067,-8.00e-03,2.95e+01,
29068,-8.00e-03,2.91e+01,
29069,-8.00e-03,2.95e+01,
29070,-8.00e-03,2.95e+01,
29071,-8.00e-03,2.95e+01,
29072,-8.00e-03,2.95e+01,
29073,-8.00e-03,2.95e+01,
29074,-8.00e-03,2.95e+01,
29075,-8.00e-03,2.95e+01,
29076,-1.60e-02,2.91e+01,
29077,-8.00e-03,2.91e+01,
29078,-8.00e-03,2.95e+01,
29079,-8.00e-03,2.95e+01,
29080,-8.00e-03,2.95e+01,
29081,-8.00e-03,2.91e+01,
29082,-1.60e-02,2.95e+01,
29083,-8.00e-03,2.95e+01,
29084,-1.60e-02,2.95e+01,
29085,-8.00e-03,2.91e+01,
29086,-8.00e-03,2.95e+01,
29087,-8.00e-03,2.95e+01,
29088,-8.00e-03,2.95e+01,
29089,-8.00e-03,2.95e+01,
29090,-8.00e-03,2.95e+01,
29091,-8.00e-03,2.95e+01,
29092,-1.60e-02,2.91e+01,
29093,-8.00e-03,2.95e+01,
29094,-8.00e-03,2.95e+01,
29095,-8.00e-03,2.95e+01,
29096,-1.60e-02,2.91e+01,
29097,-8.00e-03,2.95e+01,
29098,-8.00e-03,2.95e+01,
29099,-8.00e-03,2.95e+01,
29100,-1.60e-02,2.95e+01,
29101,-8.00e-03,2.91e+01,
29102,-8.00e-03,2.95e+01,
29103,-8.00e-03,2.95e+01,
29104,-1.60e-02,2.95e+01,
29105,-8.00e-03,2.95e+01,
29106,-8.00e-03,2.95e+01,
29107,-8.00e-03,2.95e+01,
29108,-1.60e-02,2.95e+01,
29109,-8.00e-03,2.95e+01,
29110,-8.00e-03,2.95e+01,
29111,-8.00e-03,2.95e+01,
29112,-1.60e-02,2.95e+01,
29113,-8.00e-03,2.95e+01,
29114,-8.00e-03,2.95e+01,
29115,-8.00e-03,2.95e+01,
29116,-8.00e-03,2.91e+01,
29117,-8.00e-03,2.91e+01,
29118,-8.00e-03,2.95e+01,
29119,-8.00e-03,2.91e+01,
29120,-1.60e-02,2.95e+01,
29121,-1.60e-02,2.95e+01,
29122,-8.00e-03,2.95e+01,
29123,-8.00e-03,2.95e+01,
29124,-1.60e-02,2.95e+01,
29125,-8.00e-03,2.91e+01,
29126,-8.00e-03,2.95e+01,
29127,-8.00e-03,2.95e+01,
29128,-1.60e-02,2.95e+01,
29129,-8.00e-03,2.95e+01,
29130,-8.00e-03,2.95e+01,
29131,-8.00e-03,2.95e+01,
29132,-1.60e-02,2.95e+01,
29133,-8.00e-03,2.95e+01,
29134,-8.00e-03,2.95e+01,
29135,-8.00e-03,2.95e+01,
29136,-1.60e-02,2.95e+01,
29137,-1.60e-02,2.95e+01,
29138,-8.00e-03,2.95e+01,
29139,-8.00e-03,2.95e+01,
29140,-1.60e-02,2.95e+01,
29141,-8.00e-03,2.91e+01,
29142,-8.00e-03,2.95e+01,
29143,-8.00e-03,2.95e+01,
29144,-8.00e-03,2.95e+01,
29145,-8.00e-03,2.95e+01,
29146,-8.00e-03,2.95e+01,
29147,-8.00e-03,2.95e+01,
29148,-8.00e-03,2.91e+01,
29149,-8.00e-03,2.95e+01,
29150,-8.00e-03,2.95e+01,
29151,-8.00e-03,2.95e+01,
29152,-8.00e-03,2.95e+01,
29153,-8.00e-03,2.95e+01,
29154,-8.00e-03,2.95e+01,
29155,-8.00e-03,2.95e+01,
29156,-1.60e-02,2.95e+01,
29157,-8.00e-03,2.91e+01,
29158,-8.00e-03,2.95e+01,
29159,-8.00e-03,2.95e+01,
29160,-8.00e-03,2.95e+01,
29161,-8.00e-03,2.95e+01,
29162,-8.00e-03,2.95e+01,
29163,-8.00e-03,2.95e+01,
29164,-1.60e-02,2.95e+01,
29165,-1.60e-02,2.95e+01,
29166,-1.60e-02,2.95e+01,
29167,-8.00e-03,2.95e+01,
29168,-8.00e-03,2.95e+01,
29169,-8.00e-03,2.95e+01,
29170,-8.00e-03,2.95e+01,
29171,-8.00e-03,2.95e+01,
29172,-1.60e-02,2.95e+01,
29173,-8.00e-03,2.95e+01,
29174,-8.00e-03,2.95e+01,
29175,-8.00e-03,2.95e+01,
29176,-1.60e-02,2.95e+01,
29177,-8.00e-03,2.95e+01,
29178,-8.00e-03,2.95e+01,
29179,-8.00e-03,2.95e+01,
29180,-1.60e-02,2.95e+01,
29181,-1.60e-02,2.91e+01,
29182,-8.00e-03,2.95e+01,
29183,-8.00e-03,2.95e+01,
29184,-1.60e-02,2.95e+01,
29185,-1.60e-02,2.95e+01,
29186,-1.60e-02,2.95e+01,
29187,-8.00e-03,2.95e+01,
29188,-1.60e-02,2.95e+01,
29189,-8.00e-03,2.95e+01,
29190,-8.00e-03,2.95e+01,
29191,-8.00e-03,2.95e+01,
29192,-8.00e-03,2.91e+01,
29193,-8.00e-03,2.95e+01,
29194,-8.00e-03,2.95e+01,
29195,-8.00e-03,2.95e+01,
29196,-1.60e-02,2.95e+01,
29197,-8.00e-03,2.91e+01,
29198,-8.00e-03,2.95e+01,
29199,-8.00e-03,2.95e+01,
29200,-1.60e-02,2.95e+01,
29201,-8.00e-03,2.95e+01,
29202,-8.00e-03,2.95e+01,
29203,-8.00e-03,2.95e+01,
29204,-1.60e-02,2.95e+01,
29205,-8.00e-03,2.95e+01,
29206,-8.00e-03,2.95e+01,
29207,-8.00e-03,2.95e+01,
29208,-8.00e-03,2.95e+01,
29209,-1.60e-02,2.95e+01,
29210,-1.60e-02,2.95e+01,
29211,-8.00e-03,2.95e+01,
29212,-1.60e-02,2.95e+01,
29213,-1.60e-02,2.95e+01,
29214,-8.00e-03,2.95e+01,
29215,-8.00e-03,2.95e+01,
29216,-1.60e-02,2.95e+01,
29217,-8.00e-03,2.95e+01,
29218,-1.60e-02,2.95e+01,
29219,-8.00e-03,2.95e+01,
29220,-1.60e-02,2.95e+01,
29221,-8.00e-03,2.91e+01,
29222,-8.00e-03,2.95e+01,
29223,-8.00e-03,2.95e+01,
29224,-1.60e-02,2.95e+01,
29225,-1.60e-02,2.95e+01,
29226,-8.00e-03,2.95e+01,
29227,-8.00e-03,2.95e+01,
29228,-1.60e-02,2.95e+01,
29229,-8.00e-03,2.91e+01,
29230,-8.00e-03,2.95e+01,
29231,-8.00e-03,2.95e+01,
29232,-8.00e-03,2.95e+01,
29233,-8.00e-03,2.95e+01,
29234,-8.00e-03,2.95e+01,
29235,-8.00e-03,2.95e+01,
29236,-8.00e-03,2.91e+01,
29237,-8.00e-03,2.95e+01,
29238,-8.00e-03,2.95e+01,
29239,-8.00e-03,2.95e+01,
29240,-8.00e-03,2.95e+01,
29241,-8.00e-03,2.95e+01,
29242,-8.00e-03,2.95e+01,
29243,-8.00e-03,2.95e+01,
29244,-1.60e-02,2.95e+01,
29245,-8.00e-03,2.95e+01,
29246,-8.00e-03,2.95e+01,
29247,-8.00e-03,2.91e+01,
29248,-1.60e-02,2.95e+01,
29249,-1.60e-02,2.91e+01,
29250,-1.60e-02,2.95e+01,
29251,-8.00e-03,2.91e+01,
29252,-1.60e-02,2.95e+01,
29253,-1.60e-02,2.95e+01,
29254,-8.00e-03,2.95e+01,
29255,-8.00e-03,2.95e+01,
29256,-8.00e-03,2.91e+01,
29257,-8.00e-03,2.91e+01,
29258,-8.00e-03,2.95e+01,
29259,-8.00e-03,2.95e+01,
29260,-8.00e-03,2.95e+01,
29261,-1.60e-02,2.91e+01,
29262,-8.00e-03,2.95e+01,
29263,-8.00e-03,2.95e+01,
29264,-8.00e-03,2.95e+01,
29265,-8.00e-03,2.95e+01,
29266,-8.00e-03,2.95e+01,
29267,-8.00e-03,2.95e+01,
29268,-1.60e-02,2.95e+01,
29269,-8.00e-03,2.95e+01,
29270,-8.00e-03,2.95e+01,
29271,-8.00e-03,2.91e+01,
29272,-1.60e-02,2.95e+01,
29273,-8.00e-03,2.95e+01,
29274,-8.00e-03,2.95e+01,
29275,-8.00e-03,2.91e+01,
29276,-1.60e-02,2.95e+01,
29277,-8.00e-03,2.95e+01,
29278,-8.00e-03,2.95e+01,
29279,-8.00e-03,2.95e+01,
29280,-1.60e-02,2.95e+01,
29281,-8.00e-03,2.91e+01,
29282,-8.00e-03,2.95e+01,
29283,-8.00e-03,2.95e+01,
29284,-1.60e-02,2.95e+01,
29285,-8.00e-03,2.95e+01,
29286,-1.60e-02,2.95e+01,
29287,-8.00e-03,2.95e+01,
29288,-1.60e-02,2.95e+01,
29289,-1.60e-02,2.95e+01,
29290,-1.60e-02,2.91e+01,
29291,-8.00e-03,2.91e+01,
29292,-1.60e-02,2.95e+01,
29293,-8.00e-03,2.91e+01,
29294,-1.60e-02,2.95e+01,
29295,-8.00e-03,2.91e+01,
29296,-1.60e-02,2.95e+01,
29297,-1.60e-02,2.95e+01,
29298,-1.60e-02,2.95e+01,
29299,-8.00e-03,2.95e+01,
29300,-1.60e-02,2.91e+01,
29301,-8.00e-03,2.95e+01,
29302,-1.60e-02,2.95e+01,
29303,-8.00e-03,2.95e+01,
29304,-1.60e-02,2.95e+01,
29305,-8.00e-03,2.95e+01,
29306,-8.00e-03,2.95e+01,
29307,-8.00e-03,2.91e+01,
29308,-1.60e-02,2.95e+01,
29309,-8.00e-03,2.95e+01,
29310,-8.00e-03,2.95e+01,
29311,-8.00e-03,2.95e+01,
29312,-1.60e-02,2.95e+01,
29313,-1.60e-02,2.95e+01,
29314,-8.00e-03,2.95e+01,
29315,-8.00e-03,2.95e+01,
29316,-1.60e-02,2.95e+01,
29317,-1.60e-02,2.91e+01,
29318,-8.00e-03,2.95e+01,
29319,-8.00e-03,2.95e+01,
29320,-1.60e-02,2.95e+01,
29321,-8.00e-03,2.95e+01,
29322,-1.60e-02,2.95e+01,
29323,-8.00e-03,2.95e+01,
29324,-1.60e-02,2.95e+01,
29325,-8.00e-03,2.95e+01,
29326,-8.00e-03,2.95e+01,
29327,-8.00e-03,2.95e+01,
29328,-1.60e-02,2.95e+01,
29329,-8.00e-03,2.95e+01,
29330,-8.00e-03,2.95e+01,
29331,-8.00e-03,2.91e+01,
29332,-1.60e-02,2.95e+01,
29333,-8.00e-03,2.95e+01,
29334,-1.60e-02,2.95e+01,
29335,-8.00e-03,2.95e+01,
29336,-1.60e-02,2.91e+01,
29337,-8.00e-03,2.95e+01,
29338,-1.60e-02,2.95e+01,
29339,-8.00e-03,2.95e+01,
29340,-1.60e-02,2.95e+01,
29341,-8.00e-03,2.95e+01,
29342,-8.00e-03,2.95e+01,
29343,-8.00e-03,2.95e+01,
29344,-1.60e-02,2.95e+01,
29345,-8.00e-03,2.95e+01,
29346,-1.60e-02,2.95e+01,
29347,-8.00e-03,2.95e+01,
29348,-1.60e-02,2.91e+01,
29349,-1.60e-02,2.95e+01,
29350,-8.00e-03,2.95e+01,
29351,-8.00e-03,2.95e+01,
29352,-1.60e-02,2.95e+01,
29353,-1.60e-02,2.95e+01,
29354,-1.60e-02,2.95e+01,
29355,-8.00e-03,2.95e+01,
29356,-1.60e-02,2.95e+01,
29357,-8.00e-03,2.95e+01,
29358,-8.00e-03,2.95e+01,
29359,-8.00e-03,2.95e+01,
29360,-1.60e-02,2.95e+01,
29361,-8.00e-03,2.95e+01,
29362,-1.60e-02,2.95e+01,
29363,-8.00e-03,2.95e+01,
29364,-8.00e-03,2.95e+01,
29365,-8.00e-03,2.91e+01,
29366,-8.00e-03,2.95e+01,
29367,-8.00e-03,2.95e+01,
29368,-1.60e-02,2.95e+01,
29369,-8.00e-03,2.95e+01,
29370,-8.00e-03,2.95e+01,
29371,-8.00e-03,2.95e+01,
29372,-8.00e-03,2.95e+01,
29373,-1.60e-02,2.95e+01,
29374,-8.00e-03,2.95e+01,
29375,-8.00e-03,2.95e+01,
29376,-1.60e-02,2.95e+01,
29377,-8.00e-03,2.95e+01,
29378,-1.60e-02,2.95e+01,
29379,-8.00e-03,2.95e+01,
29380,-1.60e-02,2.95e+01,
29381,-8.00e-03,2.91e+01,
29382,-1.60e-02,2.95e+01,
29383,-8.00e-03,2.95e+01,
29384,-1.60e-02,2.95e+01,
29385,-8.00e-03,2.91e+01,
29386,-8.00e-03,2.95e+01,
29387,-8.00e-03,2.95e+01,
29388,-8.00e-03,2.95e+01,
29389,-8.00e-03,2.91e+01,
29390,-8.00e-03,2.95e+01,
29391,-8.00e-03,2.95e+01,
29392,-8.00e-03,2.95e+01,
29393,-8.00e-03,2.95e+01,
29394,-1.60e-02,2.95e+01,
29395,-8.00e-03,2.95e+01,
29396,-1.60e-02,2.91e+01,
29397,-8.00e-03,2.95e+01,
29398,-8.00e-03,2.95e+01,
29399,-8.00e-03,2.95e+01,
29400,-1.60e-02,2.95e+01,
29401,-1.60e-02,2.95e+01,
29402,-1.60e-02,2.95e+01,
29403,-8.00e-03,2.95e+01,
29404,-1.60e-02,2.95e+01,
29405,-8.00e-03,2.91e+01,
29406,-1.60e-02,2.95e+01,
29407,-8.00e-03,2.91e+01,
29408,-1.60e-02,2.95e+01,
29409,-8.00e-03,2.95e+01,
29410,-1.60e-02,2.95e+01,
29411,-8.00e-03,2.95e+01,
29412,-8.00e-03,2.91e+01,
29413,-8.00e-03,2.91e+01,
29414,-8.00e-03,2.95e+01,
29415,-8.00e-03,2.95e+01,
29416,-1.60e-02,2.95e+01,
29417,-1.60e-02,2.95e+01,
29418,-1.60e-02,2.95e+01,
29419,-8.00e-03,2.95e+01,
29420,-8.00e-03,2.95e+01,
29421,-1.60e-02,2.91e+01,
29422,-1.60e-02,2.95e+01,
29423,-8.00e-03,2.95e+01,
29424,-1.60e-02,2.95e+01,
29425,-8.00e-03,2.95e+01,
29426,-8.00e-03,2.95e+01,
29427,-8.00e-03,2.95e+01,
29428,-1.60e-02,2.95e+01,
29429,-8.00e-03,2.95e+01,
29430,-8.00e-03,2.95e+01,
29431,-8.00e-03,2.95e+01,
29432,-1.60e-02,2.95e+01,
29433,-1.60e-02,2.95e+01,
29434,-1.60e-02,2.95e+01,
29435,-8.00e-03,2.95e+01,
29436,-1.60e-02,2.91e+01,
29437,-1.60e-02,2.91e+01,
29438,-1.60e-02,2.95e+01,
29439,-8.00e-03,2.95e+01,
29440,-1.60e-02,2.95e+01,
29441,-1.60e-02,2.95e+01,
29442,-8.00e-03,2.95e+01,
29443,-8.00e-03,2.95e+01,
29444,-1.60e-02,2.95e+01,
29445,-1.60e-02,2.95e+01,
29446,-8.00e-03,2.95e+01,
29447,-8.00e-03,2.95e+01,
29448,-1.60e-02,2.95e+01,
29449,-1.60e-02,2.95e+01,
29450,-8.00e-03,2.95e+01,
29451,-8.00e-03,2.95e+01,
29452,-1.60e-02,2.91e+01,
29453,-1.60e-02,2.91e+01,
29454,-8.00e-03,2.95e+01,
29455,-8.00e-03,2.91e+01,
29456,-1.60e-02,2.95e+01,
29457,-1.60e-02,2.95e+01,
29458,-1.60e-02,2.95e+01,
29459,-8.00e-03,2.95e+01,
29460,-1.60e-02,2.95e+01,
29461,-1.60e-02,2.91e+01,
29462,-1.60e-02,2.95e+01,
29463,-8.00e-03,2.95e+01,
29464,-1.60e-02,2.95e+01,
29465,-1.60e-02,2.95e+01,
29466,-1.60e-02,2.95e+01,
29467,-8.00e-03,2.91e+01,
29468,-1.60e-02,2.95e+01,
29469,-8.00e-03,2.95e+01,
29470,-8.00e-03,2.95e+01,
29471,-8.00e-03,2.91e+01,
29472,-1.60e-02,2.91e+01,
29473,-8.00e-03,2.95e+01,
29474,-8.00e-03,2.95e+01,
29475,-8.00e-03,2.95e+01,
29476,-1.60e-02,2.95e+01,
29477,-8.00e-03,2.95e+01,
29478,-8.00e-03,2.95e+01,
29479,-8.00e-03,2.95e+01,
29480,-1.60e-02,2.95e+01,
29481,-8.00e-03,2.95e+01,
29482,-8.00e-03,2.95e+01,
29483,-8.00e-03,2.95e+01,
29484,-1.60e-02,2.95e+01,
29485,-8.00e-03,2.95e+01,
29486,-8.00e-03,2.95e+01,
29487,-8.00e-03,2.95e+01,
29488,-1.60e-02,2.91e+01,
29489,-8.00e-03,2.95e+01,
29490,-1.60e-02,2.95e+01,
29491,-8.00e-03,2.95e+01,
29492,-1.60e-02,2.95e+01,
29493,-8.00e-03,2.95e+01,
29494,-1.60e-02,2.95e+01,
29495,-8.00e-03,2.95e+01,
29496,-1.60e-02,2.95e+01,
29497,-8.00e-03,2.95e+01,
29498,-8.00e-03,2.95e+01,
29499,-8.00e-03,2.95e+01,
29500,-1.60e-02,2.91e+01,
29501,-1.60e-02,2.91e+01,
29502,-8.00e-03,2.95e+01,
29503,-8.00e-03,2.95e+01,
29504,-1.60e-02,2.91e+01,
29505,-1.60e-02,2.95e+01,
29506,-8.00e-03,2.95e+01,
29507,-8.00e-03,2.95e+01,
29508,-8.00e-03,2.91e+01,
29509,-1.60e-02,2.95e+01,
29510,-1.60e-02,2.95e+01,
29511,-8.00e-03,2.95e+01,
29512,-1.60e-02,2.95e+01,
29513,-8.00e-03,2.95e+01,
29514,-1.60e-02,2.95e+01,
29515,-8.00e-03,2.95e+01,
29516,-1.60e-02,2.95e+01,
29517,-1.60e-02,2.91e+01,
29518,-1.60e-02,2.95e+01,
29519,-8.00e-03,2.95e+01,
29520,-1.60e-02,2.95e+01,
29521,-1.60e-02,2.95e+01,
29522,-1.60e-02,2.95e+01,
29523,-8.00e-03,2.95e+01,
29524,-8.00e-03,2.95e+01,
29525,-8.00e-03,2.91e+01,
29526,-8.00e-03,2.95e+01,
29527,-8.00e-03,2.95e+01,
29528,-1.60e-02,2.95e+01,
29529,-1.60e-02,2.95e+01,
29530,-8.00e-03,2.95e+01,
29531,-8.00e-03,2.95e+01,
29532,-1.60e-02,2.95e+01,
29533,-1.60e-02,2.95e+01,
29534,-8.00e-03,2.95e+01,
29535,-8.00e-03,2.95e+01,
29536,-8.00e-03,2.91e+01,
29537,-1.60e-02,2.95e+01,
29538,-1.60e-02,2.95e+01,
29539,-8.00e-03,2.95e+01,
29540,-1.60e-02,2.95e+01,
29541,-1.60e-02,2.91e+01,
29542,-1.60e-02,2.95e+01,
29543,-8.00e-03,2.95e+01,
29544,-1.60e-02,2.95e+01,
29545,-8.00e-03,2.95e+01,
29546,-1.60e-02,2.95e+01,
29547,-8.00e-03,2.95e+01,
29548,-8.00e-03,2.91e+01,
29549,-8.00e-03,2.91e+01,
29550,-1.60e-02,2.95e+01,
29551,-8.00e-03,2.95e+01,
29552,-1.60e-02,2.95e+01,
29553,-8.00e-03,2.95e+01,
29554,-1.60e-02,2.95e+01,
29555,-8.00e-03,2.95e+01,
29556,-1.60e-02,2.95e+01,
29557,-1.60e-02,2.95e+01,
29558,-1.60e-02,2.95e+01,
29559,-8.00e-03,2.95e+01,
29560,-8.00e-03,2.91e+01,
29561,-8.00e-03,2.91e+01,
29562,-8.00e-03,2.95e+01,
29563,-8.00e-03,2.95e+01,
29564,-1.60e-02,2.95e+01,
29565,-8.00e-03,2.95e+01,
29566,-1.60e-02,2.95e+01,
29567,-8.00e-03,2.95e+01,
29568,-1.60e-02,2.91e+01,
29569,-8.00e-03,2.95e+01,
29570,-1.60e-02,2.95e+01,
29571,-8.00e-03,2.95e+01,
29572,-1.60e-02,2.91e+01,
29573,-8.00e-03,2.95e+01,
29574,-8.00e-03,2.95e+01,
29575,-8.00e-03,2.95e+01,
29576,-1.60e-02,2.91e+01,
29577,-1.60e-02,2.91e+01,
29578,-8.00e-03,2.95e+01,
29579,-8.00e-03,2.95e+01,
29580,-1.60e-02,2.95e+01,
29581,-1.60e-02,2.95e+01,
29582,-1.60e-02,2.95e+01,
29583,-8.00e-03,2.95e+01,
29584,-1.60e-02,2.91e+01,
29585,-8.00e-03,2.95e+01,
29586,-8.00e-03,2.95e+01,
29587,-8.00e-03,2.95e+01,
29588,-1.60e-02,2.95e+01,
29589,-8.00e-03,2.91e+01,
29590,-8.00e-03,2.95e+01,
29591,-8.00e-03,2.95e+01,
29592,-1.60e-02,2.95e+01,
29593,-1.60e-02,2.95e+01,
29594,-8.00e-03,2.95e+01,
29595,-8.00e-03,2.95e+01,
29596,-1.60e-02,2.91e+01,
29597,-1.60e-02,2.95e+01,
29598,-1.60e-02,2.95e+01,
29599,-8.00e-03,2.95e+01,
29600,-1.60e-02,2.91e+01,
29601,-1.60e-02,2.95e+01,
29602,-8.00e-03,2.95e+01,
29603,-8.00e-03,2.95e+01,
29604,-1.60e-02,2.95e+01,
29605,-1.60e-02,2.91e+01,
29606,-1.60e-02,2.95e+01,
29607,-8.00e-03,2.95e+01,
29608,-1.60e-02,2.95e+01,
29609,-1.60e-02,2.95e+01,
29610,-1.60e-02,2.95e+01,
29611,-8.00e-03,2.95e+01,
29612,-1.60e-02,2.91e+01,
29613,-1.60e-02,2.95e+01,
29614,-1.60e-02,2.95e+01,
29615,-8.00e-03,2.95e+01,
29616,-1.60e-02,2.95e+01,
29617,-8.00e-03,2.95e+01,
29618,-1.60e-02,2.95e+01,
29619,-8.00e-03,2.95e+01,
29620,-1.60e-02,2.95e+01,
29621,-1.60e-02,2.95e+01,
29622,-1.60e-02,2.95e+01,
29623,-8.00e-03,2.95e+01,
29624,-1.60e-02,2.95e+01,
29625,-1.60e-02,2.95e+01,
29626,-1.60e-02,2.95e+01,
29627,-8.00e-03,2.95e+01,
29628,-1.60e-02,2.95e+01,
29629,-1.60e-02,2.95e+01,
29630,-1.60e-02,2.95e+01,
29631,-8.00e-03,2.95e+01,
29632,-1.60e-02,2.91e+01,
29633,-8.00e-03,2.95e+01,
29634,-1.60e-02,2.95e+01,
29635,-8.00e-03,2.95e+01,
29636,-1.60e-02,2.95e+01,
29637,-8.00e-03,2.95e+01,
29638,-8.00e-03,2.95e+01,
29639,-8.00e-03,2.95e+01,
29640,-1.60e-02,2.95e+01,
29641,-8.00e-03,2.95e+01,
29642,-1.60e-02,2.95e+01,
29643,-8.00e-03,2.95e+01,
29644,-1.60e-02,2.95e+01,
29645,-8.00e-03,2.95e+01,
29646,-1.60e-02,2.95e+01,
29647,-8.00e-03,2.95e+01,
29648,-8.00e-03,2.95e+01,
29649,-1.60e-02,2.91e+01,
29650,-1.60e-02,2.95e+01,
29651,-8.00e-03,2.95e+01,
29652,-8.00e-03,2.91e+01,
29653,-1.60e-02,2.95e+01,
29654,-1.60e-02,2.95e+01,
29655,-8.00e-03,2.95e+01,
29656,-1.60e-02,2.95e+01,
29657,-8.00e-03,2.95e+01,
29658,-1.60e-02,2.95e+01,
29659,-8.00e-03,2.95e+01,
29660,-8.00e-03,2.95e+01,
29661,-1.60e-02,2.91e+01,
29662,-1.60e-02,2.95e+01,
29663,-8.00e-03,2.95e+01,
29664,-8.00e-03,2.91e+01,
29665,-8.00e-03,2.95e+01,
29666,-8.00e-03,2.95e+01,
29667,-8.00e-03,2.95e+01,
29668,-1.60e-02,2.95e+01,
29669,-1.60e-02,2.95e+01,
29670,-1.60e-02,2.95e+01,
29671,-1.60e-02,2.95e+01,
29672,-8.00e-03,2.95e+01,
29673,-8.00e-03,2.95e+01,
29674,-1.60e-02,2.95e+01,
29675,-8.00e-03,2.91e+01,
29676,-1.60e-02,2.95e+01,
29677,-8.00e-03,2.95e+01,
29678,-1.60e-02,2.95e+01,
29679,-1.60e-02,2.95e+01,
29680,-1.60e-02,2.95e+01,
29681,-1.60e-02,2.95e+01,
29682,-1.60e-02,2.95e+01,
29683,-8.00e-03,2.95e+01,
29684,-1.60e-02,2.95e+01,
29685,-8.00e-03,2.91e+01,
29686,-1.60e-02,2.95e+01,
29687,-8.00e-03,2.95e+01,
29688,-1.60e-02,2.91e+01,
29689,-1.60e-02,2.95e+01,
29690,-1.60e-02,2.95e+01,
29691,-8.00e-03,2.95e+01,
29692,-1.60e-02,2.91e+01,
29693,-1.60e-02,2.95e+01,
29694,-8.00e-03,2.95e+01,
29695,-8.00e-03,2.95e+01,
29696,-1.60e-02,2.95e+01,
29697,-1.60e-02,2.95e+01,
29698,-1.60e-02,2.95e+01,
29699,-8.00e-03,2.95e+01,
29700,-1.60e-02,2.95e+01,
29701,-1.60e-02,2.91e+01,
29702,-1.60e-02,2.95e+01,
29703,-1.60e-02,2.91e+01,
29704,-1.60e-02,2.95e+01,
29705,-1.60e-02,2.95e+01,
29706,-1.60e-02,2.95e+01,
29707,-8.00e-03,2.95e+01,
29708,-1.60e-02,2.95e+01,
29709,-8.00e-03,2.91e+01,
29710,-8.00e-03,2.95e+01,
29711,-8.00e-03,2.95e+01,
29712,-1.60e-02,2.95e+01,
29713,-1.60e-02,2.91e+01,
29714,-1.60e-02,2.95e+01,
29715,-8.00e-03,2.95e+01,
29716,-1.60e-02,2.95e+01,
29717,-1.60e-02,2.95e+01,
29718,-8.00e-03,2.95e+01,
29719,-1.60e-02,2.95e+01,
29720,-1.60e-02,2.95e+01,
29721,-1.60e-02,2.95e+01,
29722,-1.60e-02,2.95e+01,
29723,-8.00e-03,2.95e+01,
29724,-1.60e-02,2.95e+01,
29725,-1.60e-02,2.91e+01,
29726,-1.60e-02,2.95e+01,
29727,-8.00e-03,2.95e+01,
29728,-1.60e-02,2.91e+01,
29729,-1.60e-02,2.95e+01,
29730,-1.60e-02,2.95e+01,
29731,-8.00e-03,2.91e+01,
29732,-1.60e-02,2.95e+01,
29733,-1.60e-02,2.91e+01,
29734,-8.00e-03,2.95e+01,
29735,-8.00e-03,2.91e+01,
29736,-1.60e-02,2.95e+01,
29737,-8.00e-03,2.95e+01,
29738,-1.60e-02,2.95e+01,
29739,-8.00e-03,2.95e+01,
29740,-1.60e-02,2.91e+01,
29741,-1.60e-02,2.95e+01,
29742,-8.00e-03,2.95e+01,
29743,-8.00e-03,2.95e+01,
29744,-8.00e-03,2.95e+01,
29745,-8.00e-03,2.95e+01,
29746,-1.60e-02,2.95e+01,
29747,-8.00e-03,2.95e+01,
29748,-1.60e-02,2.95e+01,
29749,-1.60e-02,2.95e+01,
29750,-8.00e-03,2.95e+01,
29751,-8.00e-03,2.95e+01,
29752,-1.60e-02,2.95e+01,
29753,-1.60e-02,2.95e+01,
29754,-1.60e-02,2.95e+01,
29755,-8.00e-03,2.95e+01,
29756,-1.60e-02,2.95e+01,
29757,-1.60e-02,2.91e+01,
29758,-1.60e-02,2.95e+01,
29759,-8.00e-03,2.95e+01,
29760,-1.60e-02,2.95e+01,
29761,-1.60e-02,2.95e+01,
29762,-1.60e-02,2.95e+01,
29763,-8.00e-03,2.95e+01,
29764,-1.60e-02,2.91e+01,
29765,-1.60e-02,2.91e+01,
29766,-8.00e-03,2.95e+01,
29767,-8.00e-03,2.91e+01,
29768,-1.60e-02,2.95e+01,
29769,-1.60e-02,2.95e+01,
29770,-1.60e-02,2.95e+01,
29771,-8.00e-03,2.95e+01,
29772,-8.00e-03,2.95e+01,
29773,-1.60e-02,2.95e+01,
29774,-1.60e-02,2.95e+01,
29775,-8.00e-03,2.95e+01,
29776,-1.60e-02,2.91e+01,
29777,-8.00e-03,2.95e+01,
29778,-8.00e-03,2.95e+01,
29779,-8.00e-03,2.95e+01,
29780,-1.60e-02,2.91e+01,
29781,-1.60e-02,2.91e+01,
29782,-1.60e-02,2.95e+01,
29783,-8.00e-03,2.95e+01,
29784,-1.60e-02,2.95e+01,
29785,-1.60e-02,2.95e+01,
29786,-1.60e-02,2.95e+01,
29787,-8.00e-03,2.95e+01,
29788,-1.60e-02,2.95e+01,
29789,-1.60e-02,2.91e+01,
29790,-1.60e-02,2.95e+01,
29791,-8.00e-03,2.91e+01,
29792,-1.60e-02,2.95e+01,
29793,-1.60e-02,2.95e+01,
29794,-1.60e-02,2.95e+01,
29795,-8.00e-03,2.95e+01,
29796,-1.60e-02,2.91e+01,
29797,-1.60e-02,2.95e+01,
29798,-1.60e-02,2.95e+01,
29799,-8.00e-03,2.95e+01,
29800,-1.60e-02,2.95e+01,
29801,-1.60e-02,2.95e+01,
29802,-1.60e-02,2.95e+01,
29803,-8.00e-03,2.95e+01,
29804,-1.60e-02,2.91e+01,
29805,-1.60e-02,2.91e+01,
29806,-8.00e-03,2.95e+01,
29807,-8.00e-03,2.95e+01,
29808,-1.60e-02,2.95e+01,
29809,-1.60e-02,2.95e+01,
29810,-8.00e-03,2.95e+01,
29811,-8.00e-03,2.95e+01,
29812,-1.60e-02,2.95e+01,
29813,-1.60e-02,2.91e+01,
29814,-1.60e-02,2.95e+01,
29815,-8.00e-03,2.91e+01,
29816,-1.60e-02,2.91e+01,
29817,-1.60e-02,2.95e+01,
29818,-8.00e-03,2.95e+01,
29819,-1.60e-02,2.95e+01,
29820,-1.60e-02,2.95e+01,
29821,-1.60e-02,2.95e+01,
29822,-1.60e-02,2.95e+01,
29823,-8.00e-03,2.95e+01,
29824,-1.60e-02,2.91e+01,
29825,-1.60e-02,2.95e+01,
29826,-1.60e-02,2.95e+01,
29827,-8.00e-03,2.95e+01,
29828,-1.60e-02,2.95e+01,
29829,-1.60e-02,2.95e+01,
29830,-1.60e-02,2.95e+01,
29831,-8.00e-03,2.91e+01,
29832,-1.60e-02,2.95e+01,
29833,-1.60e-02,2.95e+01,
29834,-1.60e-02,2.95e+01,
29835,-8.00e-03,2.95e+01,
29836,-1.60e-02,2.91e+01,
29837,-1.60e-02,2.95e+01,
29838,-1.60e-02,2.95e+01,
29839,-8.00e-03,2.95e+01,
29840,-1.60e-02,2.91e+01,
29841,-1.60e-02,2.91e+01,
29842,-1.60e-02,2.95e+01,
29843,-8.00e-03,2.95e+01,
29844,-1.60e-02,2.95e+01,
29845,-8.00e-03,2.95e+01,
29846,-8.00e-03,2.95e+01,
29847,-8.00e-03,2.95e+01,
29848,-1.60e-02,2.95e+01,
29849,-1.60e-02,2.95e+01,
29850,-1.60e-02,2.95e+01,
29851,-8.00e-03,2.95e+01,
29852,-1.60e-02,2.95e+01,
29853,-8.00e-03,2.95e+01,
29854,-1.60e-02,2.95e+01,
29855,-8.00e-03,2.95e+01,
29856,-1.60e-02,2.91e+01,
29857,-1.60e-02,2.95e+01,
29858,-1.60e-02,2.95e+01,
29859,-8.00e-03,2.95e+01,
29860,-1.60e-02,2.91e+01,
29861,-1.60e-02,2.91e+01,
29862,-1.60e-02,2.95e+01,
29863,-8.00e-03,2.95e+01,
29864,-1.60e-02,2.95e+01,
29865,-1.60e-02,2.95e+01,
29866,-1.60e-02,2.95e+01,
29867,-8.00e-03,2.95e+01,
29868,-1.60e-02,2.91e+01,
29869,-1.60e-02,2.91e+01,
29870,-8.00e-03,2.95e+01,
29871,-8.00e-03,2.95e+01,
29872,-1.60e-02,2.91e+01,
29873,-1.60e-02,2.95e+01,
29874,-1.60e-02,2.95e+01,
29875,-8.00e-03,2.95e+01,
29876,-1.60e-02,2.95e+01,
29877,-1.60e-02,2.91e+01,
29878,-1.60e-02,2.95e+01,
29879,-8.00e-03,2.95e+01,
29880,-1.60e-02,2.91e+01,
29881,-1.60e-02,2.95e+01,
29882,-8.00e-03,2.95e+01,
29883,-8.00e-03,2.95e+01,
29884,-1.60e-02,2.91e+01,
29885,-1.60e-02,2.91e+01,
29886,-1.60e-02,2.95e+01,
29887,-8.00e-03,2.95e+01,
29888,-1.60e-02,2.91e+01,
29889,-8.00e-03,2.95e+01,
29890,-1.60e-02,2.95e+01,
29891,-8.00e-03,2.95e+01,
29892,-1.60e-02,2.95e+01,
29893,-1.60e-02,2.91e+01,
29894,-1.60e-02,2.95e+01,
29895,-1.60e-02,2.95e+01,
29896,-1.60e-02,2.95e+01,
29897,-1.60e-02,2.95e+01,
29898,-1.60e-02,2.91e+01,
29899,-8.00e-03,2.91e+01,
29900,-1.60e-02,2.91e+01,
29901,-8.00e-03,2.95e+01,
29902,-8.00e-03,2.95e+01,
29903,-8.00e-03,2.95e+01,
29904,-1.60e-02,2.91e+01,
29905,-1.60e-02,2.95e+01,
29906,-1.60e-02,2.95e+01,
29907,-8.00e-03,2.91e+01,
29908,-1.60e-02,2.95e+01,
29909,-8.00e-03,2.91e+01,
29910,-1.60e-02,2.95e+01,
29911,-8.00e-03,2.95e+01,
29912,-1.60e-02,2.91e+01,
29913,-1.60e-02,2.95e+01,
29914,-1.60e-02,2.91e+01,
29915,-8.00e-03,2.95e+01,
29916,-1.60e-02,2.95e+01,
29917,-1.60e-02,2.91e+01,
29918,-1.60e-02,2.95e+01,
29919,-8.00e-03,2.91e+01,
29920,-1.60e-02,2.95e+01,
29921,-1.60e-02,2.95e+01,
29922,-1.60e-02,2.95e+01,
29923,-8.00e-03,2.91e+01,
29924,-1.60e-02,2.95e+01,
29925,-1.60e-02,2.91e+01,
29926,-1.60e-02,2.95e+01,
29927,-8.00e-03,2.95e+01,
29928,-1.60e-02,2.91e+01,
29929,-1.60e-02,2.91e+01,
29930,-1.60e-02,2.95e+01,
29931,-8.00e-03,2.95e+01,
29932,-1.60e-02,2.95e+01,
29933,-1.60e-02,2.91e+01,
29934,-8.00e-03,2.95e+01,
29935,-1.60e-02,2.95e+01,
29936,-1.60e-02,2.95e+01,
29937,-1.60e-02,2.95e+01,
29938,-1.60e-02,2.95e+01,
29939,-8.00e-03,2.95e+01,
29940,-1.60e-02,2.95e+01,
29941,-1.60e-02,2.91e+01,
29942,-1.60e-02,2.95e+01,
29943,-8.00e-03,2.95e+01,
29944,-1.60e-02,2.95e+01,
29945,-1.60e-02,2.91e+01,
29946,-1.60e-02,2.95e+01,
29947,-8.00e-03,2.95e+01,
29948,-1.60e-02,2.95e+01,
29949,-1.60e-02,2.95e+01,
29950,-8.00e-03,2.95e+01,
29951,-8.00e-03,2.91e+01,
29952,-1.60e-02,2.91e+01,
29953,-1.60e-02,2.95e+01,
29954,-1.60e-02,2.95e+01,
29955,-8.00e-03,2.95e+01,
29956,-1.60e-02,2.91e+01,
29957,-8.00e-03,2.95e+01,
29958,-1.60e-02,2.95e+01,
29959,-8.00e-03,2.91e+01,
29960,-1.60e-02,2.95e+01,
29961,-1.60e-02,2.91e+01,
29962,-1.60e-02,2.95e+01,
29963,-8.00e-03,2.95e+01,
29964,-1.60e-02,2.95e+01,
29965,-1.60e-02,2.95e+01,
29966,-1.60e-02,2.95e+01,
29967,-8.00e-03,2.91e+01,
29968,-1.60e-02,2.91e+01,
29969,-1.60e-02,2.95e+01,
29970,-1.60e-02,2.95e+01,
29971,-8.00e-03,2.91e+01,
29972,-1.60e-02,2.91e+01,
29973,-1.60e-02,2.95e+01,
29974,-1.60e-02,2.95e+01,
29975,-8.00e-03,2.91e+01,
29976,-1.60e-02,2.91e+01,
29977,-1.60e-02,2.95e+01,
29978,-1.60e-02,2.95e+01,
29979,-8.00e-03,2.95e+01,
29980,-1.60e-02,2.91e+01,
29981,-8.00e-03,2.91e+01,
29982,-8.00e-03,2.95e+01,
29983,-8.00e-03,2.95e+01,
29984,-1.60e-02,2.91e+01,
29985,-1.60e-02,2.91e+01,
29986,-1.60e-02,2.95e+01,
29987,-8.00e-03,2.95e+01,
29988,-1.60e-02,2.91e+01,
29989,-1.60e-02,2.95e+01,
29990,-1.60e-02,2.95e+01,
29991,-8.00e-03,2.95e+01,
29992,-1.60e-02,2.95e+01,
29993,-1.60e-02,2.91e+01,
29994,-1.60e-02,2.95e+01,
29995,-8.00e-03,2.95e+01,
29996,-8.00e-03,2.91e+01,
29997,-1.60e-02,2.95e+01,
29998,-1.60e-02,2.95e+01,
29999,-1.60e-02,2.95e+01,
